0.000688
0.000569
0.000633
0.000369
0.000455
0.000359
0.000469
0.000467
0.000390
0.000363
0.000419
0.000448
0.000425
0.000450
0.000431
0.000704
0.000641
0.000627
0.000514
0.000539
0.000673
0.000551
0.000400
0.000578
0.000325
0.000589
0.000467
0.000423
0.000656
0.000626
0.000551
0.000418
0.000691
0.000550
0.000382
0.000716
0.000427
0.000574
0.000717
0.000447
0.000643
0.000580
0.000907
0.000858
0.000584
0.000703
0.000610
0.000479
0.000498
0.000592
0.000383
0.000500
0.000432
0.000524
0.000489
0.000629
0.000595
0.000620
0.000601
0.000652
0.000632
0.000603
0.000681
0.000688
0.000557
0.000828
0.000622
0.000353
0.000721
0.000751
0.000611
0.000725
0.000997
0.000764
0.000639
0.000537
0.000419
0.000669
0.000646
0.000794
0.000436
0.000615
0.000557
0.000617
0.000495
0.000745
0.000702
0.000395
0.000401
0.000506
0.000625
0.000679
0.000514
0.000574
0.000696
0.000527
0.000568
0.000601
0.000641
0.000400
0.000425
0.000823
0.000620
0.000406
0.000504
0.000549
0.000630
0.000687
0.000464
0.000646
0.000660
0.000592
0.000270
0.000340
0.000434
0.000350
0.000519
0.000406
0.000383
0.000471
0.000425
0.000436
0.000429
0.000542
0.000368
0.000561
0.000556
0.000388
0.000553
0.000446
0.000648
0.000450
0.000558
0.000489
0.000582
0.000722
0.000549
0.000705
0.000694
0.000628
0.000654
0.000676
0.000720
0.000654
0.000761
0.000946
0.000740
0.000722
0.000634
0.000824
0.000712
0.000792
0.000656
0.000674
0.000688
0.000700
0.000711
0.000743
0.000800
0.000705
0.000574
0.000822
0.000635
0.000612
0.000759
0.000751
0.000593
0.000551
0.000614
0.000660
0.000415
0.000959
0.000874
0.000688
0.000562
0.000585
0.000546
0.000571
0.000669
0.000610
0.000658
0.000698
0.000497
0.000683
0.000375
0.000648
0.000728
0.000367
0.000530
0.000475
0.000650
0.000598
0.000650
0.000346
0.000663
0.000949
0.000689
0.000619
0.000804
0.000463
0.000468
0.000571
0.000519
0.000443
0.000489
0.000653
0.000744
0.000553
0.000511
0.000474
0.000585
0.000580
0.000698
0.000650
0.000433
0.000633
0.000514
0.000415
0.000507
0.000486
0.000446
0.000503
0.000426
0.000530
0.000456
0.000777
0.000470
0.000564
0.000425
0.000542
0.000573
0.000599
0.000627
0.000505
0.000572
0.000560
0.000528
0.000912
0.000326
0.000442
0.000485
0.000442
0.000670
0.000702
0.000655
0.000584
0.000626
0.000519
0.000698
0.000365
0.000439
0.000417
0.000595
0.000563
0.000546
0.000523
0.000541
0.000478
0.000659
0.000305
0.000491
0.000492
0.000432
0.000509
0.000513
0.000491
0.000524
0.000520
0.000731
0.000409
0.000551
0.000712
0.000893
0.000761
0.000549
0.000398
0.000489
0.000696
0.000708
0.000616
0.000544
0.000652
0.000919
0.000615
0.000401
0.000382
0.000612
0.000435
0.000433
0.000412
0.000547
0.000406
0.000606
0.000688
0.000646
0.000343
0.000485
0.000599
0.000573
0.000802
0.000645
0.000571
0.000573
0.000488
0.000409
0.000507
0.000639
0.000642
0.000976
0.000511
0.000736
0.000827
0.000510
0.000626
0.000716
0.000713
0.000907
0.000622
0.000708
0.000691
0.000519
0.000626
0.000523
0.000668
0.000668
0.000589
0.000420
0.000480
0.000453
0.000621
0.000524
0.000510
0.000648
0.000450
0.000771
0.000385
0.000555
0.000708
0.000476
0.000588
0.000575
0.000469
0.000605
0.000771
0.000643
0.000663
0.000682
0.000498
0.000483
0.000907
0.000528
0.000607
0.000686
0.000694
0.000682
0.000472
0.000600
0.000541
0.000621
0.000747
0.000491
0.000898
0.000764
0.000912
0.000690
0.000931
0.000456
0.000420
0.000572
0.000534
0.000471
0.000482
0.000544
0.000724
0.000362
0.000556
0.000466
0.000679
0.000624
0.000496
0.000708
0.000639
0.000540
0.000607
0.000591
0.000831
0.000359
0.000502
0.000494
0.000848
0.000506
0.000508
0.000685
0.000517
0.000537
0.000837
0.000544
0.000587
0.000662
0.000606
0.000523
0.000743
0.000468
0.000748
0.000396
0.000617
0.000577
0.000519
0.000649
0.000510
0.000414
0.000392
0.000633
0.000682
0.000673
0.000611
0.000560
0.000725
0.000715
0.000524
0.000655
0.000783
0.000779
0.000691
0.000676
0.000674
0.000555
0.000809
0.000715
0.000585
0.000952
0.000833
0.000660
0.000708
0.000622
0.000286
0.000552
0.000454
0.000380
0.000491
0.000461
0.000657
0.000624
0.000622
0.000572
0.000555
0.000645
0.000470
0.000885
0.000744
0.000526
0.000846
0.000447
0.000324
0.000300
0.000364
0.000336
0.000425
0.000714
0.000557
0.000690
0.000388
0.000718
0.000496
0.000531
0.000563
0.000605
0.000419
0.000526
0.000565
0.000449
0.000500
0.000491
0.000424
0.000403
0.000677
0.000637
0.000516
0.000462
0.000665
0.000603
0.000681
0.000829
0.001419
0.000429
0.000466
0.000524
0.000723
0.000543
0.000299
0.000347
0.000512
0.000472
0.000393
0.000374
0.000510
0.000554
0.000532
0.000477
0.000457
0.001019
0.000454
0.000564
0.000667
0.000459
0.000522
0.000581
0.000572
0.000392
0.000609
0.000363
0.000724
0.000687
0.000487
0.000550
0.000561
0.000617
0.000288
0.000575
0.000432
0.000360
0.000405
0.000429
0.000451
0.000451
0.000536
0.000499
0.000597
0.000514
0.000374
0.000424
0.000421
0.000401
0.000393
0.000518
0.000533
0.000484
0.000462
0.000589
0.000530
0.000491
0.000444
0.000533
0.000427
0.000456
0.000445
0.000571
0.000397
0.000396
0.000461
0.000390
0.000545
0.000591
0.000815
0.000691
0.000799
0.000226
0.000489
0.000272
0.000434
0.000433
0.000535
0.000456
0.000355
0.000332
0.000490
0.000369
0.000465
0.000380
0.000328
0.000721
0.000528
0.000839
0.000572
0.000419
0.000451
0.000356
0.000448
0.000499
0.000520
0.000727
0.000396
0.000443
0.000706
0.000517
0.000443
0.000424
0.000618
0.000471
0.000553
0.000502
0.000485
0.000513
0.000466
0.000418
0.000547
0.000483
0.000414
0.000907
0.000907
0.001276
0.000778
