10
11
12
13
14
15
16
17
18
19
20
21
22
23
24
27
28
29
30
31
32
33
34
35
36
37
38
39
40
41
42
43
44
45
46
48
49
56
57
58
59
60
61
64
65
66
67
69
74
75
77
89
93
96
97
98
99
100
101
102
103
110
114
116
118
119
120
121
122
123
126
129
130
131
132
133
135
136
137
138
139
141
142
145
147
148
150
152
155
156
157
162
164
165
168
170
173
175
176
177
179
180
181
182
183
188
189
190
191
192
193
194
195
196
197
199
200
201
202
205
206
207
208
209
210
211
214
215
216
217
222
226
227
229
230
232
233
234
235
236
237
240
241
244
245
249
251
253
254
255
256
258
259
263
264
267
268
269
270
271
272
273
275
277
282
283
290
291
296
298
299
302
303
304
310
312
313
315
316
321
322
334
340
341
342
343
344
346
348
352
353
354
355
356
361
364
367
370
371
373
377
378
381
382
383
384
385
386
387
390
391
392
393
395
400
401
402
404
406
407
413
414
415
416
420
422
423
424
427
429
442
443
447
450
451
452
453
454
457
459
461
462
463
465
467
468
469
470
471
473
474
475
479
487
489
491
492
493
494
495
496
499
501
503
504
505
507
508
511
512
513
517
518
524
533
534
535
536
542
545
546
547
551
553
559
565
566
567
568
570
572
574
579
580
585
586
587
588
596
598
599
