1
3
4
9
10
11
12
13
14
15
17
18
19
20
21
22
23
24
26
27
34
35
36
37
41
42
43
44
49
50
51
53
54
55
56
58
60
61
62
64
65
66
67
68
71
72
73
74
76
77
80
81
82
83
86
87
90
91
93
95
96
97
98
99
101
102
103
104
106
110
113
114
115
119
120
124
125
126
127
128
129
130
131
134
135
136
137
138
139
140
146
147
153
154
155
160
161
162
163
164
167
170
171
172
178
179
180
183
184
185
186
187
190
195
196
198
199
200
201
202
203
204
205
206
207
208
209
214
215
217
219
220
221
223
224
225
226
227
228
229
230
231
233
237
238
241
242
247
248
249
251
252
256
259
261
262
263
264
265
266
267
268
269
270
272
273
274
275
276
277
278
279
280
281
282
283
285
286
287
288
289
290
291
294
296
297
298
299
300
301
302
303
304
305
306
307
308
309
310
311
312
313
314
315
316
317
322
325
326
327
332
333
334
335
336
337
338
341
344
345
346
347
349
350
351
353
354
355
356
357
358
359
360
361
362
363
364
365
369
371
372
373
374
377
378
379
380
381
384
386
387
388
389
390
392
393
394
395
396
398
402
403
404
405
406
408
409
411
412
413
417
418
421
422
423
424
425
428
429
430
431
432
433
434
435
436
437
438
439
442
444
446
447
448
449
450
451
452
453
454
455
456
457
458
459
460
461
462
463
464
465
466
467
468
469
470
471
472
473
474
475
476
477
478
479
480
481
482
483
485
486
487
488
489
494
495
496
497
498
499
501
502
503
504
505
510
513
514
515
518
519
520
521
522
523
524
525
526
527
529
530
531
532
533
534
535
536
538
539
540
542
543
544
545
546
547
548
549
550
551
552
553
554
555
556
557
565
566
567
568
569
570
571
572
574
575
576
577
578
579
581
583
584
585
586
587
589
590
591
592
593
595
599
600
601
602
603
604
606
608
609
610
611
613
614
615
616
618
619
620
622
623
624
625
626
627
628
629
630
631
632
633
635
636
637
638
639
640
641
643
644
645
647
648
651
652
653
654
655
658
660
662
663
664
665
666
667
669
670
673
674
675
676
677
678
679
680
681
682
683
684
685
686
687
688
689
690
691
692
693
694
695
696
697
698
699
700
701
702
703
704
705
708
709
710
711
712
713
714
715
716
717
718
719
720
721
723
725
726
730
734
735
737
738
742
745
746
747
748
749
750
751
752
753
754
755
756
757
759
760
761
762
763
764
766
767
768
769
770
774
775
776
777
778
779
780
781
782
783
784
785
788
789
790
791
793
794
795
803
807
808
809
810
813
816
817
818
819
821
822
823
824
825
826
827
828
829
830
831
832
833
834
835
836
837
838
839
840
841
842
843
844
845
846
847
848
849
850
851
853
854
855
856
857
858
859
860
862
865
866
867
868
870
872
874
875
876
877
879
880
881
882
883
889
890
891
892
897
898
899
901
909
911
917
918
919
920
922
932
933
935
936
937
938
939
940
951
952
955
956
958
959
960
961
964
965
967
968
969
970
971
972
973
978
979
980
985
986
988
989
990
991
992
993
994
995
997
998
999
1000
1001
1002
1003
1004
1005
1006
1007
1008
1009
1010
1011
1012
1013
1015
1016
1018
1019
1022
1023
1024
1025
1026
1027
1028
1029
1030
1031
1032
1033
1034
1035
1036
1037
1038
1039
1040
1041
1042
1043
1046
1047
1050
1051
1052
1053
1054
1055
1056
1057
1058
1059
1060
1061
1062
1065
1066
1068
1069
1071
1075
1077
1102
1103
1104
1105
1106
1107
1109
1111
1113
1114
1115
1118
1119
1120
1121
1124
1125
1126
1127
1128
1129
1130
1131
1132
1133
1134
1135
1136
1137
1138
1139
1140
1141
1142
1143
1146
1147
1148
1150
1151
1153
1155
1156
1157
1158
1162
1163
1164
1165
1166
1167
1168
1169
1170
1171
1172
1173
1174
1176
1177
1178
1179
1180
1182
1184
1188
1190
1191
1192
1195
1202
1203
1207
1209
1214
1215
1223
1224
1235
1236
1238
1239
1240
1241
1243
1245
1248
1251
1252
1255
1256
1263
1264
1265
1270
1271
1272
1277
1278
1281
1282
1284
1285
1286
1287
1289
1290
1291
1292
1293
1294
1297
1298
1300
1304
1307
1313
1317
1318
1322
1330
1334
1335
1343
1350
1361
1362
1368
1378
1380
1384
1391
1398
1400
1413
1414
1415
1416
1419
1420
1423
1434
1438
1439
1440
1441
1446
1447
1448
1449
1450
1452
1453
1456
1457
1462
1463
1467
1468
1469
1470
1474
1477
1485
1490
1496
1498
1499
1503
1504
1505
1510
1512
1513
1521
1536
1537
1539
1541
1543
1546
1547
1548
1549
1550
1551
1553
1557
1558
1562
1564
1566
1579
1580
1582
1585
1589
1595
1596
1601
1602
1603
1606
1609
1610
1611
1612
1613
1616
1617
1619
1620
1621
1622
1623
1626
1627
1629
1632
1634
1635
1638
1640
1643
1646
1647
1648
1654
1655
1656
1658
1659
1660
1664
1665
1666
1667
1668
1669
1674
1675
1676
1680
1682
1685
1687
1690
1691
1692
1693
1694
1696
1697
1698
1699
1700
1702
1703
1704
1709
1710
1711
1712
1713
1716
1719
1722
1724
1725
1726
1727
1728
1731
1733
1734
1735
1736
1739
1740
1742
1745
1746
1747
1748
1750
1751
1753
1756
1757
1758
1759
1760
1761
1767
1768
1770
1771
1772
1773
1775
1780
1785
1788
1789
1790
1792
1793
1796
1797
1799
1800
1801
1802
1803
1806
1809
1810
1811
1812
1813
1815
1816
1817
1819
1820
1825
1830
1832
1833
1834
1836
1837
1840
1841
1842
1843
1845
1846
1847
1850
1851
1854
1856
1857
1858
1859
1860
1861
1862
1868
1869
1870
1872
1873
1874
1875
1879
1882
1883
1886
1891
1892
1894
1895
1896
1897
1898
1899
1900
1906
1907
1909
1910
1911
1912
1913
1915
1916
1920
1921
1922
1923
1924
1925
1928
1929
1930
1931
1935
1936
1938
1945
1946
1947
1948
1949
1952
1954
1959
1965
1967
1968
1969
1970
1971
1973
1974
1978
1983
1984
1988
1989
1991
1993
1994
1995
1996
1997
1998
2001
2002
2004
2005
2006
2007
2008
2013
2014
2015
2016
2017
2018
2021
2022
2023
2024
2025
2026
2027
2028
2029
2030
2033
2038
2041
2042
2043
2044
2045
2046
2047
2049
2050
2051
2052
2053
2055
2056
2057
2058
2059
2060
2061
2062
2063
2064
2065
2066
2067
2068
2075
2076
2077
2078
2079
2080
2082
2083
2084
2085
2088
2089
2090
2091
2092
2093
2094
2095
2099
2100
2104
2105
2106
2112
2113
2114
2115
2116
2117
2118
2119
2120
2123
2125
2126
2127
2135
2136
2137
2138
2139
2140
2141
2142
2144
2145
2146
2150
2151
2152
2153
2154
2155
2159
2160
2161
2162
2163
2164
2165
2166
2170
2171
2175
2179
2180
2181
2183
2184
2185
2186
2187
2188
2189
2190
2191
2192
2193
2194
2195
2196
2197
2198
2199
2200
2201
2202
2203
2204
2205
2206
2207
2208
2209
2210
2211
2212
2213
2214
2215
2217
2218
2219
2220
2221
2222
2223
2226
2227
2228
2230
2231
2232
2233
2234
2235
2236
2237
2239
2240
2241
2242
2243
2244
2246
2247
2249
2250
2251
2252
2253
2254
2255
2258
2259
2260
2261
2262
2263
2264
2265
2267
2268
2269
2270
2271
2275
2276
2277
2278
2279
2280
2281
2282
2283
2284
2288
2289
2290
2291
2292
2302
2306
2307
2308
2309
2310
2311
2312
2313
2314
2315
2318
2322
2323
2324
2325
2326
2330
2334
2335
2336
2343
2344
2348
2350
2351
2352
2353
2355
2356
2357
2358
2360
2361
2362
2363
2364
2365
2380
2381
2382
2383
2384
2385
2386
2387
2388
2389
2390
2391
2392
2393
2395
2396
2397
2399
2401
2403
2406
2407
2408
2410
2413
2414
2415
2416
2417
2421
2422
2423
2424
2428
2429
2430
2431
2432
2433
2434
2435
2436
2440
2442
2448
2449
2450
2452
2453
2454
2455
2457
2458
2459
2460
2462
2464
2465
2469
2470
2471
2472
2473
2475
2476
2477
2478
2479
2480
2481
2482
2483
2484
2485
2488
2489
2491
2495
2496
2499
2500
2501
2508
2512
2513
2518
2519
2520
2522
2523
2524
2526
2527
2528
2529
2534
2536
2537
2538
2539
2540
2541
2542
2543
2544
2545
2546
2547
2548
2549
2550
2551
2552
2553
2554
2555
2556
2557
2558
2559
2560
2561
2563
2564
2565
2566
2567
2568
2569
2571
2572
2573
2574
2575
2576
2577
2579
2580
2581
2582
2583
2589
2594
2595
2598
2599
2600
2603
2604
2605
2606
2607
2608
2609
2610
2611
2612
2614
2616
2617
2618
2620
2621
2622
2623
2624
2625
2626
2629
2630
2631
2632
2633
2634
2635
2636
2637
2638
2639
2643
2647
2648
2649
2650
2653
2654
2656
2657
2658
2659
2660
2661
2662
2663
2664
2665
2666
2668
2669
2670
2671
2674
2675
2676
2678
2684
2685
2686
2687
2688
2689
2690
2691
2692
2693
2694
2695
2696
2697
2698
2701
2702
2703
2704
2705
2708
2709
2710
2713
2714
2715
2716
2719
2720
2721
2722
2723
2724
2725
2726
2727
2728
2729
2730
2731
2732
2733
2734
2735
2736
2737
2738
2739
2740
2741
2742
2743
2744
2745
2746
2747
2748
2749
2750
2752
2753
2754
2755
2756
2757
2758
2759
2760
2761
2762
2763
2764
2765
2766
2767
2769
2770
2771
2772
2773
2775
2777
2778
2779
2780
2781
2782
2783
2784
2785
2786
2787
2788
2791
2792
2793
2794
2795
2796
2797
2798
2799
2800
2801
2802
2803
2804
2805
2806
2807
2808
2809
2810
2811
2812
2813
2814
2815
2816
2817
2818
2819
2820
2821
2822
2823
2827
2828
2829
2830
2831
2832
2833
2834
2835
2836
2837
2838
2839
2840
2841
2842
2843
2844
2845
2846
2847
2848
2851
2852
2855
2856
2857
2858
2861
2862
2863
2864
2865
2866
2868
2869
2870
2871
2872
2873
2874
2875
2876
2877
2878
2879
2880
2881
2882
2883
2884
2885
2886
2887
2888
2889
2890
2891
2892
2893
2894
2897
2899
2901
2902
2903
2904
2905
2907
2908
2910
2912
2913
2914
2915
2917
2918
2919
2920
2921
2923
2924
2925
2926
2927
2928
2929
2930
2931
2932
2933
2934
2935
2936
2937
2938
2939
2940
2941
2942
2943
2944
2945
2946
2947
2948
2949
2950
2951
2952
2953
2954
2955
2956
2957
2958
2962
2963
2964
2968
2969
2970
2971
2972
2973
2975
2976
2977
2978
2979
2980
2981
2982
2986
2988
2989
2990
2991
2992
2993
2994
2995
2996
2997
2998
2999
3000
3001
3002
3004
3005
3006
3007
3008
3009
3010
3014
3016
3017
3018
3019
3020
3021
3023
3024
3025
3026
3027
3028
3029
3030
3031
3032
3034
3035
3036
3037
3038
3039
3040
3041
3042
3043
3044
3045
3046
3047
3049
3050
3051
3052
3053
3054
3055
3056
3057
3058
3059
3060
3061
3062
3063
3064
3065
3066
3067
3068
3069
3070
3071
3072
3073
3074
3075
3076
3077
3078
3079
3080
3081
3082
3083
3084
3085
3086
3087
3088
3089
3090
3091
3092
3093
3094
3095
3096
3097
3098
3099
3100
3101
3102
3103
3104
3109
3110
3111
3112
3113
3114
3115
3117
3118
3119
3120
3121
3122
3123
3124
3125
3126
3127
3128
3129
3130
3131
3132
3133
3134
3135
3136
3137
3138
3139
3140
3141
3142
3143
3144
3145
3146
3147
3148
3149
3150
3151
3152
3153
3154
3155
3156
3158
3159
3160
3195
3196
3203
3204
3206
3207
3208
3209
3210
3211
3212
3213
3214
3215
3216
3217
3218
3219
3220
3221
3222
3223
3224
3225
3227
3228
3229
3230
3231
3232
3233
3234
3235
3236
3237
3239
3241
3243
3244
3245
3246
3247
3249
3250
3251
3252
3253
3254
3255
3261
3262
3263
3264
3265
3266
3267
3268
3269
3270
3273
3274
3275
3276
3277
3278
3279
3280
3282
3285
3286
3287
3288
3289
3290
3291
3293
3295
3298
3300
3302
3304
3305
3306
3308
3309
3310
3311
3312
3313
3314
3315
3316
3317
3318
3320
3321
3322
3325
3326
3327
3328
3329
3330
3331
3332
3333
3334
3335
3338
3339
3340
3345
3347
3348
3349
3350
3351
3352
3353
3355
3357
3360
3361
3362
3363
3365
3366
3368
3369
3370
3371
3374
3375
3376
3381
3387
3390
3400
3401
3402
3403
3404
3405
3406
3407
3408
3409
3410
3412
3417
3418
3421
3425
3430
3431
3433
3435
3436
3440
3441
3442
3443
3446
3448
3449
3450
3452
3453
3454
3455
3456
3457
3458
3463
3465
3466
3467
3468
3469
3470
3471
3472
3473
3474
3475
3476
3477
3478
3479
3482
3483
3488
3499
3500
3509
3522
3523
3524
3525
3526
3528
3531
3543
3544
3545
3546
3547
3550
3551
3552
3554
3556
3557
3558
3559
3560
3561
3562
3563
3564
3567
3568
3569
3570
3571
3575
3578
3579
3580
3584
3585
3588
3589
3590
3591
3598
3609
3620
3625
3626
3637
3638
3639
3640
3641
3642
3643
3644
3645
3646
3647
3648
3649
3651
3652
3653
3654
3655
3656
3659
3660
3661
3662
3663
3664
3665
3667
3668
3669
3670
3671
3672
3674
3679
3683
3684
3688
3689
3702
3703
3704
3705
3707
3710
3711
3712
3716
3718
3719
3720
3723
3724
3725
3727
3728
3729
3735
3737
3765
3766
3767
3768
3769
3772
3777
3778
3785
3786
3787
3791
3797
3799
3800
3801
3802
3803
3807
3810
3814
3815
3817
3819
3820
3828
3829
3830
3831
3832
3835
3837
3840
3843
3844
3846
3847
3848
3849
3850
3851
3854
3856
3858
3861
3862
3866
3889
3894
3895
3896
3897
3898
3903
3905
3907
3909
3915
3916
3918
3919
3920
3921
3922
3923
3932
3933
3935
3936
3944
3945
3946
3947
3949
3950
3951
3952
3953
3958
3971
3975
3981
4003
4006
4009
4010
4011
4012
4014
4016
4017
4018
4019
4023
4028
4029
4031
4032
4037
4046
4051
4059
4061
4062
4063
4066
4068
4069
4070
4071
4072
4073
4074
4075
4076
4077
4078
4079
4082
4083
4084
4088
4089
4090
4091
4092
4093
4094
4095
4096
4099
4100
4101
4104
4105
4106
4107
4108
4109
4110
4111
4112
4116
4126
4127
4130
4132
4133
4134
4135
4136
4137
4138
4139
4140
4144
4145
4146
4148
4149
4155
4156
4162
4163
4164
4167
4168
4169
4172
4173
4174
4175
4177
4179
4182
4183
4185
4187
4188
4190
4193
4194
4197
4203
4204
4205
4206
4207
4208
4209
4210
4211
4220
4222
4234
4235
4237
4242
4248
4249
4250
4252
4253
4254
4255
4256
4259
4260
4261
4262
4263
4264
4265
4266
4267
4268
4269
4270
4271
4272
4274
4279
4284
4285
4296
4298
4305
4306
4307
4309
4310
4311
4315
4316
4317
4318
4319
4320
4321
4322
4324
4325
4326
4327
4333
4334
4335
4336
4337
4338
4339
4340
4341
4343
4346
4350
4353
4354
4355
4356
4357
4359
4360
4361
4362
4363
4365
4370
4371
4372
4374
4376
4390
4391
4392
4394
4395
4397
4398
4399
4400
4401
4402
4403
4410
4413
4416
4417
4418
4419
4421
4422
4423
4424
4425
4430
4431
4432
4433
4434
4435
4436
4437
4439
4440
4441
4442
4443
4445
4448
4449
4450
4451
4454
4455
4473
4474
4475
4480
4481
4483
4484
4485
4486
4487
4488
4491
4492
4493
4494
4495
4496
4497
4498
4499
4500
4502
4503
4504
4507
4508
4509
4511
4513
4514
4515
4517
4518
4521
4524
4525
4528
4535
4536
4540
4541
4542
4545
4546
4547
4548
4553
4555
4556
4557
4558
4560
4561
4563
4564
4565
4566
4567
4568
4573
4575
4576
4578
4579
4580
4581
4582
4583
4585
4586
4587
4588
4591
4593
4594
4598
4600
4606
4607
4609
4612
4613
4614
4617
4618
4619
4622
4623
4624
4625
4628
4629
4631
4633
4635
4636
4637
4638
4640
4641
4642
4643
4644
4647
4650
4661
4665
4667
4668
4669
4671
4672
4673
4674
4677
4678
4679
4681
4682
4683
4684
4686
4688
4690
4692
4693
4694
4695
4699
4700
4702
4706
4709
4710
4713
4714
4715
4716
4717
4720
4721
4722
4725
4728
4729
4730
4731
4732
4733
4734
4742
4746
4747
4748
4749
4750
4751
4752
4754
4755
4756
4758
4760
4761
4762
4764
4765
4767
4768
4769
4770
4773
4774
4775
4780
4781
4782
4783
4786
4787
4788
4789
4790
4793
4796
4798
4799
4801
4803
4804
4806
4807
4808
4810
4811
4812
4814
4815
4818
4819
4821
4822
4823
4826
4827
4828
4829
4830
4831
4832
4833
4834
4839
4841
4842
4843
4844
4845
4846
4847
4848
4852
4853
4855
4856
4857
4858
4859
4860
4865
4867
4869
4870
4871
4872
4873
4874
4876
4877
4878
4891
4901
4904
4905
4906
4911
4912
4913
4914
4915
4916
4917
4918
4919
4920
4924
4926
4927
4939
4941
4942
4943
4944
4945
4946
4947
4948
4949
4950
4951
4956
4958
4959
4960
4961
4963
4964
4965
4966
4967
4968
4969
4970
4971
4972
4973
4974
4976
4977
4978
4979
4983
4985
4987
4988
4989
4991
4992
4993
4994
4995
4996
4997
5000
5002
5010
5013
5021
5022
5023
5024
5025
5036
5038
5039
5042
5043
5044
5045
5050
5055
5056
5057
5058
5060
5062
5063
5064
5065
5069
5070
5071
5072
5073
5074
5075
5082
5084
5085
5086
5087
5088
5089
5090
5093
5094
5095
5097
5099
5107
5108
5112
5113
5114
5137
5139
5140
5141
5144
5161
5162
5171
5172
5177
5178
5195
5196
5197
5200
5202
5205
5206
5207
5214
5215
5218
5221
5228
5229
5235
5241
5252
5253
5261
5263
5265
5273
5287
5288
5289
5290
5291
5295
5299
5303
5305
5319
5324
5325
5326
5329
5330
5333
5334
5335
5350
5351
5352
5353
5354
5355
5356
5372
5375
5376
5377
5378
5379
5383
5384
5385
5386
5388
5389
5393
5394
5396
5402
5407
5419
5436
5438
5440
5447
5448
5456
5458
5460
5461
5462
5463
5491
5492
5499
5502
5513
5517
5518
5524
5525
5526
5527
5531
5535
5536
5538
5544
5545
5546
5547
5548
5549
5556
5557
5558
5559
5560
5561
5562
5563
5564
5565
5566
5585
5586
5587
5588
5589
5590
5591
5592
5593
5594
5604
5609
5617
5628
5629
5635
5637
5650
5670
5684
5685
5693
5696
5697
5703
5706
5707
5708
5709
5731
5732
5734
5746
5763
5772
5777
5778
5781
5784
5791
5795
5800
5812
5819
5820
5822
5823
5824
5825
5826
5827
5828
5829
5841
5843
5845
5851
5852
5856
5858
5861
5862
5863
5864
5865
5866
5867
5869
5871
5872
5874
5875
5876
5877
5878
5879
5880
5883
5884
5885
5890
5892
5893
5899
5900
5901
5902
5903
5904
5905
5906
5907
5909
5910
5911
5912
5913
5914
5917
5918
5919
5939
5940
5941
5942
5943
5944
5945
5946
5947
5948
5949
5950
5952
5953
5954
5955
5956
5957
5958
5959
5961
5963
5965
5969
5975
5976
5977
5978
5979
5980
5982
5983
5985
5986
5988
5992
5996
5997
6003
6004
6006
6007
6009
6010
6011
6012
6013
6016
6023
6024
6030
6032
6033
6037
6041
6042
6043
6046
6048
6049
6050
6052
6054
6055
6057
6063
6078
6079
6080
6082
6083
6084
6088
6092
6094
6095
6096
6098
6099
6100
6103
6104
6105
6106
6108
6117
6119
6120
6121
6122
6123
6125
6133
6140
6142
6143
6158
6159
6160
6164
6167
6168
6170
6171
6173
6174
6175
6176
6177
6179
6185
6186
6190
6191
6192
6193
6194
6197
6198
6199
6203
6204
6207
6208
6211
6212
6213
6214
6215
6216
6217
6218
6220
6221
6222
6223
6229
6230
6231
6232
6233
6234
6235
6237
6239
6245
6246
6247
6248
6249
6250
6251
6252
6255
6257
6258
6260
6261
6262
6263
6264
6265
6266
6267
6269
6270
6271
6272
6273
6274
6277
6279
6280
6281
6282
6283
6284
6285
6286
6288
6289
6293
6294
6296
6297
6298
6299
6312
6314
6315
6319
6320
6321
6322
6323
6324
6325
6326
6327
6328
6330
6331
6332
6333
6336
6337
6338
6339
6341
6351
6352
6358
6359
6361
6362
6363
6366
6367
6368
6369
6370
6372
6376
6377
6378
6379
6381
6382
6384
6385
6386
6387
6389
6393
6394
6395
6396
6397
6398
6399
6400
6401
6402
6403
6406
6407
6408
6409
6410
6411
6412
6414
6419
6420
6421
6422
6431
6436
6439
6440
6442
6443
6444
6446
6450
6458
6459
6460
6461
6463
6464
6465
6468
6469
6473
6474
6475
6489
6490
6491
6492
6493
6494
6495
6496
6497
6498
6499
6500
6501
6502
6503
6504
6505
6506
6507
6513
6514
6516
6517
6518
6519
6520
6521
6524
6526
6529
6547
6548
6549
6550
6551
6554
6555
6556
6557
6559
6560
6565
6568
6571
6572
6573
6574
6575
6576
6582
6583
6584
6585
6586
6587
6588
6589
6596
6597
6598
6599
6600
6602
6604
6606
6607
6608
6612
6613
6616
6623
6626
6629
6630
6639
6641
6643
6644
6645
6651
6654
6656
6657
6662
6663
6665
6666
6667
6668
6680
6681
6686
6687
6688
6689
6690
6696
6699
6700
6701
6702
6704
6705
6706
6710
6714
6715
6718
6719
6720
6726
6727
6728
6730
6731
6732
6735
6736
6738
6739
6742
6760
6762
6763
6764
6768
6769
6770
6771
6772
6773
6774
6775
6778
6779
6780
6781
6782
6783
6785
6786
6788
6791
6792
6796
6797
6798
6799
6801
6802
6804
6805
6806
6807
6810
6811
6812
6814
6815
6816
6818
6819
6821
6822
6823
6827
6832
6837
6838
6846
6847
6848
6850
6851
6853
6855
6858
6859
6860
6861
6864
6865
6872
6873
6874
6877
6880
6881
6882
6883
6884
6885
6886
6887
6888
6889
6890
6891
6894
6895
6903
6905
6907
6910
6911
6912
6913
6915
6916
6917
6918
6920
6921
6922
6923
6924
6927
6928
6930
6932
6936
6938
6942
6944
6945
6947
6948
6949
6951
6952
6954
6955
6956
6957
6959
6961
6962
6964
6967
6970
6971
6979
6981
6982
6983
6984
6985
6986
6992
6994
6996
6997
7000
7001
7002
7005
7010
7011
7012
7013
7017
7018
7019
7021
7024
7030
7035
7038
7040
7042
7047
7050
7052
7053
7055
7065
7071
7072
7073
7074
7075
7101
7102
7107
7109
7110
7112
7117
7118
7120
7121
7123
7129
7131
7132
7133
7134
7138
7139
7140
7141
7142
7143
7145
7146
7148
7150
7151
7152
7153
7154
7156
7157
7158
7159
7160
7161
7162
7163
7164
7167
7168
7169
7170
7172
7173
7179
7180
7181
7182
7183
7184
7201
7205
7207
7222
7224
7227
7233
7234
7235
7236
7237
7238
7241
7242
7244
7245
7246
7247
7248
7249
7250
7251
7253
7254
7256
7258
7259
7260
7262
7265
7266
7267
7276
7277
7281
7285
7287
7288
7289
7292
7293
7294
7295
7296
7297
7313
7314
7338
7339
7343
7344
7345
7349
7352
7357
7381
7388
7390
7397
7399
7400
7401
7402
7403
7404
7411
7418
7420
7422
7424
7429
7430
7431
7436
7437
7438
7439
7440
7441
7444
7445
7446
7449
7454
7455
7456
7457
7458
7461
7462
7464
7469
7470
7471
7472
7477
7481
7482
7483
7484
7486
7487
7488
7489
7490
7491
7507
7510
7511
7515
7559
7571
7572
7573
7574
7580
7581
7585
7586
7603
7604
7605
7606
7612
7617
7619
7620
7621
7631
7637
7638
7639
7645
7647
7648
7650
7651
7659
7660
7661
7662
7664
7665
7666
7667
7668
7669
7670
7672
7673
7674
7677
7678
7692
7693
7694
7695
7696
7703
7705
7715
7719
7728
7735
7746
7747
7759
7760
7764
7775
7790
7791
7792
7793
7794
7800
7801
7802
7803
7804
7806
7807
7808
7809
7814
7815
7818
7821
7825
7826
7827
7828
7832
7836
7837
7838
7839
7840
7841
7842
7844
7845
7846
7848
7857
7858
7861
7869
7871
7886
7899
7901
7903
7904
7905
7908
7909
7913
7914
7921
7922
7923
7925
7926
7927
7928
7933
7934
7936
7937
7938
7947
7948
7958
7959
7964
7965
7966
7967
7971
7973
7975
7979
7981
7983
7984
7985
7991
7995
7996
7998
7999
8005
8006
8007
8008
8009
8013
8015
8017
8018
8021
8022
8024
8029
8033
8034
8037
8038
8041
8042
8046
8047
8048
8052
8054
8057
8058
8060
8061
8065
8066
8067
8068
8069
8070
8071
8072
8077
8078
8080
8086
8087
8088
8091
8092
8093
8096
8097
8098
8100
8104
8105
8106
8109
8113
8115
8116
8117
8118
8119
8120
8121
8122
8123
8125
8126
8127
8128
8129
8130
8131
8133
8135
8136
8137
8138
8142
8146
8147
8148
8149
8150
8151
8152
8153
8154
8155
8156
8157
8160
8161
8162
8163
8164
8165
8166
8167
8168
8169
8170
8171
8173
8175
8176
8177
8178
8179
8180
8182
8185
8187
8188
8189
8190
8191
8192
8193
8194
8199
8200
8201
8202
8205
8206
8207
8208
8209
8210
8211
8212
8213
8214
8215
8216
8217
8218
8219
8221
8222
8223
8224
8225
8226
8227
8228
8229
8230
8231
8232
8233
8234
8235
8236
8237
8240
8241
8242
8243
8244
8246
8247
8248
8251
8252
8253
8254
8255
8256
8257
8258
8259
8261
8263
8264
8265
8266
8268
8269
8270
8271
8272
8274
8277
8278
8279
8280
8281
8282
8283
8284
8285
8287
8288
8289
8290
8291
8292
8293
8298
8299
8300
8301
8303
8305
8306
8307
8308
8309
8310
8311
8312
8313
8314
8315
8316
8317
8318
8319
8320
8321
8322
8323
8324
8325
8326
8327
8328
8329
8330
8331
8332
8333
8334
8335
8336
8337
8338
8339
8340
8341
8342
8343
8344
8345
8346
8347
8348
8349
8351
8352
8353
8354
8355
8357
8358
8359
8360
8361
8362
8367
8368
8370
8371
8372
8374
8375
8376
8379
8380
8381
8382
8384
8385
8386
8388
8389
8390
8391
8393
8394
8395
8398
8400
8401
8404
8407
8408
8409
8410
8411
8412
8413
8414
8415
8416
8418
8419
8426
8427
8428
8429
8430
8432
8433
8435
8436
8437
8438
8439
8440
8441
8443
8445
8446
8447
8448
8449
8450
8455
8456
8457
8459
8460
8462
8463
8466
8467
8473
8474
8475
8476
8477
8478
8479
8480
8481
8482
8488
8492
8493
8494
8495
8496
8500
8502
8503
8504
8506
8507
8510
8511
8517
8519
8521
8523
8526
8532
8533
8539
8541
8542
8543
8544
8546
8547
8550
8551
8552
8553
8557
8558
8559
8562
8565
8566
8567
8570
8573
8574
8576
8578
8579
8582
8583
8588
8589
8590
8594
8595
8596
8603
8608
8609
8611
8612
8614
8616
8617
8618
8619
8621
8622
8624
8625
8628
8631
8632
8633
8640
8643
8648
8649
8651
8655
8656
8657
8658
8660
8661
8662
8664
8666
8667
8668
8671
8673
8676
8677
8678
8679
8680
8681
8683
8684
8685
8686
8687
8688
8691
8692
8696
8697
8698
8699
8701
8704
8705
8706
8707
8708
8709
8710
8711
8712
8713
8715
8716
8717
8718
8720
8722
8723
8725
8731
8732
8734
8735
8736
8738
8747
8749
8750
8751
8752
8754
8757
8760
8762
8763
8769
8777
8780
8781
8782
8783
8784
8785
8786
8787
8788
8793
8794
8795
8797
8798
8802
8808
8815
8818
8819
8826
8832
8837
8839
8843
8854
8858
8864
8865
8867
8868
8871
8872
8875
8878
8885
8887
8890
8891
8892
8893
8894
8895
8896
8897
8911
8912
8913
8917
8918
8921
8922
8923
8924
8926
8929
8931
8932
8933
8941
8948
8949
8950
8951
8953
8955
8962
8963
8964
8966
8975
8977
8978
8979
8980
8981
8982
8991
8995
8996
8997
8999
9000
9006
9007
9008
9009
9011
9015
9017
9019
9027
9028
9029
9030
9032
9033
9035
9036
9037
9041
9045
9046
9047
9048
9050
9053
9056
9057
9058
9059
9060
9062
9063
9064
9070
9071
9075
9076
9077
9078
9079
9080
9081
9082
9083
9084
9085
9090
9093
9094
9095
9096
9097
9098
9100
9101
9105
9106
9107
9108
9110
9116
9128
9129
9130
9131
9132
9133
9134
9136
9137
9138
9139
9140
9144
9145
9146
9148
9149
9150
9151
9152
9153
9154
9155
9156
9160
9164
9165
9166
9169
9170
9171
9172
9175
9180
9181
9182
9184
9185
9186
9188
9189
9191
9193
9195
9196
9197
9199
9201
9202
9207
9208
9209
9210
9211
9212
9213
9214
9215
9216
9217
9218
9222
9225
9226
9233
9239
9251
9258
9259
9260
9262
9263
9266
9267
9268
9269
9275
9276
9277
9284
9285
9287
9293
9294
9295
9296
9297
9298
9299
9302
9305
9306
9310
9311
9321
9326
9334
9337
9338
9339
9340
9344
9345
9349
9350
9351
9352
9354
9356
9357
9358
9359
9360
9361
9363
9364
9365
9366
9367
9368
9369
9370
9371
9372
9373
9374
9375
9378
9385
9388
9389
9391
9395
9396
9406
9407
9412
9413
9414
9415
9416
9417
9422
9423
9433
9434
9438
9439
9443
9445
9449
9451
9455
9456
9462
9463
9474
9475
9481
9482
9486
9491
9493
9495
9497
9506
9516
9523
9524
9527
9528
9532
9575
9576
9577
9579
9584
9589
9590
9592
9595
9602
9607
9608
9615
9626
9628
9631
9636
9637
9638
9639
9640
9641
9642
9643
9644
9651
9659
9660
9661
9662
9663
9669
9670
9671
9672
9675
9678
9679
9691
9694
9696
9701
9703
9705
9710
9711
9712
9722
9728
9729
9730
9737
9738
9741
9743
9753
9759
9760
9762
9763
9764
9768
9777
9778
9779
9780
9782
9784
9795
9801
9806
9807
9808
9809
9811
9814
9815
9816
9820
9821
9822
9824
9827
9830
9831
9836
9837
9838
9840
9842
9843
9845
9846
9850
9851
9852
9853
9854
9855
9856
9859
9860
9861
9862
9864
9865
9868
9870
9872
9873
9890
9891
9893
9895
9897
9899
9900
9903
9905
9906
9907
9908
9910
9911
9912
9914
9915
9916
9917
9919
9920
9921
9927
9934
9936
9937
9954
9964
9967
9969
9970
9974
9975
9976
9977
9986
10004
10010
10011
10044
10046
10054
10055
10056
10057
10058
10059
10061
10066
10067
10068
10070
10071
10075
10087
10088
10089
10102
10103
10105
10107
10109
10110
10112
10130
10131
10132
10133
10134
10135
10139
10140
10141
10142
10143
10144
10145
10146
10147
10148
10149
10150
10156
10159
10163
10167
10168
10169
10170
10172
10173
10174
10179
10180
10185
10187
10190
10191
10193
10194
10195
10196
10199
10201
10202
10203
10205
10206
10207
10208
10210
10213
10214
10216
10217
10219
10223
10224
10232
10236
10240
10241
10243
10244
10246
10247
10251
10254
10255
10256
10258
10259
10260
10262
10263
10267
10268
10269
10270
10271
10272
10273
10274
10276
10281
10282
10285
10286
10287
10288
10289
10290
10294
10295
10296
10297
10299
10300
10301
10303
10304
10305
10308
10309
10310
10311
10312
10313
10315
10316
10317
10318
10319
10320
10321
10322
10323
10324
10325
10326
10327
10328
10329
10330
10331
10333
10335
10336
10338
10339
10343
10346
10349
10350
10351
10352
10354
10355
10356
10357
10358
10359
10360
10361
10362
10363
10365
10369
10370
10371
10372
10376
10377
10378
10380
10381
10382
10383
10384
10385
10386
10387
10388
10390
10391
10394
10395
10398
10399
10400
10401
10402
10403
10404
10405
10409
10411
10412
10413
10414
10424
10425
10426
10427
10428
10429
10430
10431
10434
10436
10437
10438
10439
10440
10442
10443
10444
10445
10447
10449
10452
10455
10456
10458
10459
10460
10461
10462
10463
10464
10467
10468
10469
10470
10471
10472
10474
10478
10479
10480
10481
10482
10483
10485
10486
10488
10490
10491
10492
10493
10494
10495
10496
10497
10498
10499
10500
10501
10503
10504
10506
10509
10512
10517
10521
10522
10523
10527
10528
10529
10530
10531
10532
10533
10535
10536
10537
10538
10541
10542
10543
10546
10547
10548
10549
10550
10551
10555
10556
10557
10566
10570
10574
10575
10581
10582
10583
10585
10586
10595
10600
10608
10609
10610
10615
10617
10618
10619
10620
10621
10622
10623
10624
10628
10629
10630
10641
10643
10644
10647
10649
10650
10651
10652
10653
10656
10657
10658
10659
10660
10661
10662
10664
10665
10670
10681
10685
10686
10690
10691
10694
10696
10702
10703
10704
10705
10713
10718
10720
10722
10723
10724
10725
10726
10730
10731
10736
10737
10738
10740
10741
10742
10749
10750
10754
10758
10759
10760
10778
10779
10783
10784
10785
10786
10787
10791
10792
10793
10798
10799
10800
10801
10804
10806
10807
10808
10809
10811
10816
10820
10821
10823
10824
10825
10826
10827
10828
10829
10830
10831
10832
10833
10834
10835
10836
10837
10839
10840
10841
10843
10845
10847
10851
10852
10853
10854
10857
10858
10859
10860
10864
10870
10876
10880
10887
10888
10897
10901
10913
10914
10922
10939
10943
10945
10948
10949
10950
10952
10954
10955
10961
10962
10967
10968
10969
10977
10978
10986
10987
10990
10995
10997
10998
10999
11009
11011
11017
11018
11024
11026
11027
11029
11031
11032
11039
11040
11045
11046
11047
11048
11049
11050
11051
11052
11053
11059
11074
11075
11076
11077
11081
11082
11083
11084
11085
11086
11087
11088
11093
11095
11096
11097
11099
11100
11101
11102
11105
11109
11110
11115
11116
11117
11118
11122
11128
11133
11137
11138
11139
11141
11142
11143
11145
11147
11149
11152
11153
11154
11155
11159
11165
11176
11177
11178
11188
11191
11192
11194
11197
11198
11200
11202
11206
11211
11214
11217
11220
11221
11222
11223
11224
11230
11231
11232
11233
11235
11241
11243
11246
11255
11258
11262
11266
11272
11273
11274
11275
11276
11278
11280
11282
11285
11287
11288
11289
11290
11291
11292
11294
11297
11298
11300
11301
11304
11306
11307
11309
11311
11312
11314
11316
11319
11321
11322
11323
11324
11325
11326
11327
11328
11332
11335
11339
11340
11341
11343
11344
11345
11346
11351
11352
11353
11354
11355
11356
11357
11358
11359
11360
11361
11362
11363
11364
11365
11366
11367
11368
11371
11372
11375
11376
11377
11378
11379
11380
11381
11382
11387
11388
11389
11392
11393
11394
11395
11396
11397
11399
11400
11401
11402
11406
11410
11411
11413
11418
11419
11421
11425
11426
11427
11430
11431
11436
11437
11438
11445
11446
11449
11450
11451
11452
11453
11454
11455
11456
11460
11461
11462
11463
11465
11466
11468
11469
11472
11475
11476
11479
11481
11482
11483
11484
11487
11488
11489
11490
11491
11492
11493
11495
11497
11498
11499
11500
11501
11502
11503
11504
11506
11508
11509
11513
11514
11515
11521
11525
11526
11527
11530
11532
11534
11536
11537
11541
11542
11543
11545
11548
11549
11551
11552
11553
11554
11555
11556
11557
11558
11559
11561
11562
11563
11565
11566
11567
11568
11573
11574
11576
11577
11584
11589
11590
11591
11595
11596
11597
11604
11606
11607
11608
11613
11615
11616
11617
11618
11619
11622
11623
11628
11631
11635
11637
11640
11641
11643
11654
11655
11657
11659
11660
11661
11674
11677
11678
11682
11683
11685
11689
11692
11698
11700
11701
11702
11707
11712
11713
11718
11719
11720
11721
11723
11724
11725
11726
11727
11730
11731
11733
11734
11736
11739
11740
11745
11748
11749
11750
11751
11755
11756
11758
11760
11761
11763
11766
11767
11768
11769
11770
11774
11776
11778
11779
11786
11787
11788
11789
11790
11792
11794
11795
11797
11798
11801
11802
11803
11804
11805
11806
11808
11809
11810
11811
11812
11813
11814
11815
11816
11817
11821
11822
11823
11825
11826
11827
11828
11829
11830
11832
11833
11835
11836
11838
11839
11840
11841
11843
11844
11845
11846
11847
11848
11849
11851
11852
11853
11855
11856
11857
11858
11859
11860
11861
11862
11863
11864
11865
11866
11867
11868
11869
11871
11873
11878
11880
11881
11882
11883
11884
11885
11886
11887
11888
11889
11890
11891
11892
11894
11896
11897
11898
11900
11901
11903
11905
11909
11911
11919
11922
11924
11925
11926
11927
11928
11929
11930
11934
11935
11936
11937
11938
11940
11941
11942
11943
11944
11946
11947
11950
11951
11952
11958
11959
11961
11962
11964
11965
11967
11968
11969
11971
11980
11989
11990
11991
11992
11993
11994
11995
11996
11997
11998
12001
12002
12003
12004
12005
12006
12007
12008
12011
12012
12013
12016
12017
12018
12025
12029
12030
12037
12038
12039
12041
12042
12043
12045
12046
12047
12049
12050
12052
12055
12056
12060
12061
12062
12063
12064
12066
12068
12069
12070
12071
12072
12073
12074
12075
12076
12077
12078
12079
12080
12081
12082
12083
12084
12087
12088
12091
12092
12093
12094
12095
12097
12099
12100
12102
12103
12104
12105
12106
12107
12108
12109
12110
12111
12112
12115
12116
12117
12127
12129
12132
12136
12138
12139
12140
12141
12142
12144
12147
12148
12152
12153
12154
12155
12156
12159
12162
12163
12164
12165
12166
12171
12174
12175
12176
12177
12179
12180
12183
12184
12185
12186
12187
12188
12190
12191
12192
12193
12194
12196
12197
12198
12199
12201
12202
12206
12207
12208
12211
12212
12214
12215
12216
12217
12218
12219
12222
12223
12224
12226
12228
12229
12232
12234
12235
12237
12238
12242
12246
12248
12250
12251
12252
12253
12254
12257
12259
12262
12266
12267
12270
12278
12280
12281
12282
12284
12287
12288
12289
12290
12291
12294
12296
12297
12300
12301
12302
12303
12304
12306
12309
12312
12313
12314
12315
12322
12323
12324
12325
12326
12328
12329
12336
12338
12339
12341
12342
12343
12345
12347
12348
12349
12350
12354
12355
12357
12360
12363
12364
12367
12368
12370
12371
12375
12379
12380
12381
12384
12386
12389
12390
12391
12393
12394
12396
12397
12398
12399
12400
12401
12403
12404
12405
12406
12408
12409
12413
12415
12416
12417
12418
12419
12420
12421
12424
12426
12428
12432
12438
12439
12441
12442
12457
12458
12459
12461
12462
12465
12466
12467
12468
12470
12472
12482
12485
12486
12487
12488
12489
12490
12492
12493
12494
12495
12496
12497
12498
12499
12500
12502
12503
12504
12505
12506
12510
12511
12514
12515
12525
12526
12531
12551
12552
12553
12555
12560
12562
12563
12566
12567
12568
12579
12580
12585
12593
12594
12596
12598
12604
12605
12606
12615
12621
12623
12629
12632
12633
12634
12636
12637
12639
12640
12641
12642
12643
12647
12649
12650
12651
12652
12654
12655
12656
12658
12659
12662
12663
12664
12670
12671
12672
12675
12679
12682
12684
12686
12687
12688
12689
12690
12692
12694
12697
12698
12699
12703
12704
12707
12710
12711
12712
12715
12718
12719
12721
12722
12723
12724
12740
12741
12742
12745
12746
12747
12748
12750
12752
12759
12760
12761
12766
12768
12770
12777
12778
12779
12782
12784
12785
12786
12788
12793
12795
12796
12797
12798
12799
12805
12807
12808
12811
12814
12821
12825
12828
12831
12832
12833
12835
12837
12842
12843
12845
12846
12848
12849
12850
12851
12854
12855
12857
12858
12859
12862
12863
12867
12868
12869
12871
12873
12874
12877
12898
12899
12902
12904
12905
12906
12907
12908
12909
12914
12915
12916
12917
12918
12919
12920
12921
12922
12923
12924
12933
12934
12935
12936
12937
12938
12939
12940
12941
12942
12945
12946
12947
12948
12949
12950
12951
12952
12953
12954
12955
12956
12957
12958
12959
12960
12961
12962
12963
12964
12965
12966
12967
12968
12969
12970
12971
12973
12974
12975
12977
12978
12979
12980
12981
12983
12984
12985
12987
12988
12989
12991
12996
12997
13001
13004
13005
13011
13012
13019
13021
13022
13028
13029
13030
13032
13035
13038
13041
13045
13048
13049
13050
13052
13053
13056
13057
13059
13060
13064
13065
13066
13067
13069
13070
13071
13073
13074
13077
13078
13079
13080
13083
13086
13088
13089
13090
13091
13092
13093
13094
13096
13097
13098
13099
13100
13101
13102
13103
13104
13106
13107
13108
13109
13110
13111
13112
13113
13116
13121
13124
13125
13126
13127
13130
13131
13133
13134
13135
13137
13138
13154
13162
13163
13165
13166
13169
13181
13183
13194
13208
13209
13210
13213
13214
13221
13227
13251
13252
13253
13254
13257
13267
13268
13269
13270
13271
13272
13273
13278
13281
13282
13283
13287
13288
13290
13291
13300
13301
13303
13306
13307
13310
13311
13312
13313
13314
13316
13318
13319
13320
13322
13325
13326
13327
13329
13330
13331
13332
13336
13338
13339
13340
13341
13342
13345
13346
13351
13352
13353
13354
13355
13359
13360
13361
13363
13364
13365
13369
13370
13372
13373
13374
13375
13376
13377
13378
13382
13383
13384
13385
13386
13389
13390
13391
13392
13393
13395
13396
13397
13400
13403
13404
13405
13406
13407
13408
13410
13411
13412
13413
13417
13418
13419
13421
13422
13425
13427
13430
13431
13432
13434
13438
13441
13442
13443
13447
13448
13449
13451
13453
13458
13459
13463
13467
13468
13472
13473
13474
13475
13478
13487
13499
13500
13501
13502
13506
13507
13513
13515
13516
13517
13518
13519
13520
13522
13527
13530
13531
13532
13550
13552
13553
13554
13555
13556
13557
13560
13561
13568
13569
13570
13571
13572
13573
13574
13575
13576
13578
13585
13586
13590
13591
13593
13595
13596
13598
13599
13602
13605
13607
13610
13611
13615
13616
13617
13619
13622
13623
13624
13625
13626
13627
13628
13629
13630
13631
13632
13633
13634
13635
13637
13638
13639
13640
13641
13644
13645
13651
13652
13653
13655
13656
13658
13661
13663
13664
13666
13667
13674
13675
13676
13677
13678
13682
13685
13695
13696
13697
13698
13701
13703
13705
13707
13710
13713
13715
13718
13719
13720
13723
13727
13728
13729
13730
13732
13740
13741
13742
13743
13744
13747
13748
13754
13755
13756
13757
13758
13759
13760
13761
13762
13763
13764
13765
13766
13767
13768
13770
13771
13773
13774
13781
13782
13783
13785
13786
13787
13788
13789
13791
13792
13793
13794
13795
13801
13805
13808
13809
13811
13812
13813
13814
13816
13820
13836
13839
13841
13842
13845
13857
13858
13859
13861
13866
13867
13869
13870
13871
13872
13876
13878
13879
13880
13882
13883
13889
13890
13897
13900
13903
13905
13911
13912
13913
13916
13918
13922
13923
13924
13925
13926
13927
13928
13930
13931
13932
13933
13934
13935
13937
13938
13940
13943
13947
13948
13949
13950
13953
13954
13958
13959
13960
13961
13963
13976
13977
13980
13981
13988
13994
14001
14002
14003
14004
14005
14006
14008
14009
14011
14012
14014
14015
14017
14018
14019
14020
14021
14022
14025
14027
14028
14029
14030
14031
14033
14036
14037
14039
14044
14045
14046
14049
14050
14051
14054
14055
14056
14057
14058
14059
14060
14061
14062
14063
14066
14069
14071
14072
14073
14074
14075
14076
14077
14078
14079
14080
14081
14082
14083
14084
14086
14088
14090
14091
14093
14095
14096
14097
14098
14101
14102
14106
14107
14108
14109
14110
14111
14116
14120
14122
14126
14127
14128
14131
14132
14137
14138
14139
14140
14146
14149
14152
14155
14158
14165
14166
14174
14175
14176
14177
14178
14179
14180
14188
14190
14192
14193
14197
14198
14201
14202
14203
14204
14206
14208
14209
14218
14219
14222
14223
14224
14225
14226
14230
14231
14238
14244
14245
14246
14247
14248
14249
14250
14251
14256
14260
14264
14265
14266
14267
14268
14269
14272
14273
14275
14277
14278
14279
14280
14281
14282
14284
14285
14286
14287
14288
14290
14294
14295
14296
14297
14298
14299
14300
14301
14303
14304
14306
14315
14316
14318
14319
14323
14324
14325
14327
14328
14331
14332
14333
14334
14335
14340
14342
14343
14344
14345
14347
14348
14351
14352
14354
14357
14359
14361
14362
14363
14367
14368
14369
14372
14373
14374
14375
14377
14381
14382
14386
14387
14388
14389
14390
14391
14392
14394
14395
14396
14397
14398
14399
14400
14401
14406
14410
14411
14412
14413
14419
14422
14423
14424
14427
14428
14429
14430
14431
14432
14433
14434
14435
14437
14443
14445
14447
14449
14451
14454
14455
14456
14457
14458
14459
14460
14462
14464
14465
14466
14467
14468
14470
14471
14472
14474
14475
14490
14491
14492
14493
14494
14495
14497
14500
14507
14510
14511
14512
14513
14514
14515
14516
14517
14518
14519
14520
14523
14524
14527
14528
14529
14530
14531
14532
14534
14535
14537
14538
14539
14540
14541
14545
14550
14551
14552
14553
14554
14555
14556
14557
14558
14559
14560
14561
14562
14563
14564
14565
14567
14569
14571
14576
14577
14578
14579
14581
14586
14587
14588
14590
14592
14593
14596
14597
14598
14599
14600
14601
14603
14604
14605
14607
14618
14619
14620
14621
14622
14624
14626
14627
14629
14630
14631
14632
14633
14634
14635
14641
14643
14645
14647
14654
14655
14656
14657
14658
14659
14660
14662
14663
14664
14665
14666
14667
14669
14670
14675
14676
14677
14678
14681
14682
14688
14689
14690
14692
14697
14701
14705
14715
14716
14718
14719
14720
14726
14728
14729
14733
14735
14736
14739
14740
14741
14742
14743
14744
14747
14748
14749
14750
14751
14752
14753
14754
14755
14759
14761
14762
14764
14766
14767
14768
14769
14770
14773
14777
14778
14779
14780
14781
14782
14783
14786
14787
14789
14791
14793
14795
14799
14807
14808
14809
14824
14827
14828
14830
14832
14833
14834
14835
14836
14837
14838
14839
14840
14841
14845
14853
14854
14855
14859
14860
14861
14864
14865
14866
14869
14872
14873
14874
14876
14879
14880
14889
14897
14900
14901
14902
14903
14905
14907
14908
14909
14911
14912
14915
14917
14918
14921
14925
14927
14929
14930
14931
14932
14936
14937
14938
14940
14941
14942
14943
14944
14945
14947
14948
14949
14950
14951
14952
14953
14955
14956
14957
14958
14960
14961
14962
14963
14964
14965
14966
14967
14968
14969
14971
14972
14973
14974
14975
14976
14977
14979
14981
14982
14984
14985
14986
14988
14991
14992
15000
15003
15004
15005
15007
15008
15009
15010
15011
15012
15013
15014
15015
15016
15017
15018
15019
15026
15027
15028
15029
15031
15033
15034
15035
15037
15038
15039
15040
15044
15045
15046
15048
15049
15050
15051
15054
15055
15056
15061
15063
15067
15069
15070
15071
15072
15074
15076
15080
15081
15083
15084
15085
15086
15087
15088
15091
15094
15095
15096
15097
15098
15099
15100
15101
15102
15103
15104
15105
15106
15107
15108
15113
15116
15117
15119
15121
15122
15123
15125
15127
15129
15130
15131
15134
15135
15136
15137
15140
15144
15145
15146
15147
15149
15152
15155
15156
15166
15168
15170
15171
15172
15175
15176
15177
15179
15181
15183
15184
15185
15186
15187
15188
15189
15193
15195
15197
15198
15206
15207
15208
15212
15213
15217
15219
15220
15221
15229
15231
15235
15236
15237
15245
15247
15249
15252
15253
15256
15257
15259
15260
15263
15268
15270
15272
15273
15277
15279
15280
15281
15282
15284
15287
15288
15289
15291
15292
15293
15295
15298
15301
15307
15313
15316
15324
15330
15336
15338
15340
15341
15343
15344
15345
15346
15348
15351
15352
15353
15354
15355
15356
15357
15358
15359
15360
15361
15362
15364
15367
15368
15369
15370
15371
15372
15374
15377
15379
15381
15382
15384
15388
15389
15391
15393
15398
15404
15405
15406
15410
15414
15415
15416
15418
15420
15421
15422
15423
15438
15445
15446
15449
15450
15452
15453
15455
15456
15458
15461
15462
15463
15464
15465
15466
15468
15472
15473
15474
15475
15476
15479
15483
15486
15488
15489
15490
15492
15493
15494
15495
15496
15497
15500
15501
15502
15503
15504
15505
15506
15507
15508
15510
15511
15512
15513
15515
15516
15518
15520
15523
15524
15529
15531
15533
15535
15536
15537
15543
15545
15546
15548
15552
15553
15554
15557
15559
15560
15562
15563
15564
15565
15566
15567
15568
15569
15570
15571
15572
15573
15574
15575
15576
15577
15578
15581
15584
15586
15587
15589
15591
15592
15593
15595
15596
15597
15606
15608
15609
15610
15615
15617
15618
15619
15620
15624
15628
15629
15630
15631
15632
15633
15639
15640
15648
15650
15656
15662
15664
15668
15671
15672
15678
15695
15696
15702
15703
15704
15707
15720
15721
15725
15726
15727
15728
15730
15731
15733
15734
15737
15738
15739
15740
15744
15745
15746
15747
15748
15749
15750
15751
15752
15753
15754
15755
15756
15757
15758
15759
15761
15762
15763
15767
15768
15769
15770
15771
15772
15775
15776
15777
15781
15782
15783
15784
15785
15786
15788
15793
15794
15795
15797
15798
15799
15800
15802
15803
15804
15805
15806
15807
15808
15809
15810
15811
15813
15814
15815
15816
15817
15818
15819
15820
15823
15824
15825
15826
15827
15828
15831
15832
15833
15834
15835
15836
15837
15839
15840
15841
15842
15844
15845
15846
15847
15848
15849
15851
15853
15854
15855
15857
15864
15866
15868
15869
15870
15873
15874
15875
15876
15877
15878
15879
15880
15882
15883
15884
15888
15890
15894
15896
15897
15899
15901
15902
15903
15904
15906
15907
15908
15910
15911
15912
15914
15915
15916
15917
15919
15921
15922
15923
15924
15926
15928
15929
15930
15931
15933
15934
15937
15938
15940
15941
15942
15946
15951
15952
15953
15955
15956
15957
15960
15961
15964
15965
15968
15970
15971
15972
15975
15976
15977
15978
15979
15980
15981
15986
15987
15988
15989
15990
15991
15992
15993
15994
15995
15996
15997
15998
15999
16000
16001
16002
16003
16004
16005
16006
16007
16008
16009
16010
16011
16012
16013
16014
16015
16016
16017
16018
16019
16020
16022
16023
16024
16025
16026
16027
16028
16031
16032
16033
16034
16035
16036
16037
16039
16040
16041
16049
16050
16051
16052
16053
16054
16055
16056
16057
16059
16060
16061
16062
16063
16066
16067
16069
16070
16071
16072
16073
16074
16075
16079
16080
16081
16082
16083
16084
16085
16087
16088
16089
16090
16091
16092
16093
16095
16096
16097
16099
16103
16104
16105
16106
16107
16108
16110
16111
16112
16113
16114
16115
16117
16118
16119
16120
16123
16124
16125
16126
16127
16130
16133
16136
16141
16142
16144
16145
16149
16150
16151
16152
16153
16154
16155
16156
16158
16159
16160
16163
16165
16166
16167
16168
16171
16174
16175
16177
16178
16179
16180
16181
16186
16189
16190
16191
16192
16193
16195
16199
16200
16201
16202
16203
16204
16206
16208
16209
16214
16219
16220
16221
16224
16225
16226
16227
16229
16230
16233
16234
16237
16240
16241
16244
16248
16251
16254
16259
16260
16262
16266
16267
16270
16271
16272
16273
16274
16275
16276
16277
16278
16279
16280
16281
16282
16283
16284
16285
16286
16287
16290
16292
16293
16297
16298
16299
16300
16301
16302
16307
16308
16311
16313
16318
16321
16326
16327
16338
16339
16340
16341
16342
16343
16344
16349
16350
16354
16357
16359
16361
16364
16366
16367
16373
16374
16375
16379
16387
16389
16392
16393
16394
16395
16396
16399
16400
16401
16402
16403
16404
16407
16409
16410
16412
16413
16414
16416
16418
16419
16420
16421
16422
16424
16425
16429
16430
16431
16433
16434
16435
16436
16437
16438
16439
16440
16441
16442
16445
16446
16454
16456
16459
16463
16464
16465
16472
16477
16491
16492
16493
16494
16495
16497
16499
16500
16501
16502
16504
16507
16508
16509
16510
16511
16512
16513
16514
16515
16521
16523
16524
16525
16528
16529
16532
16533
16535
16536
16540
16541
16542
16543
16546
16547
16548
16549
16550
16551
16552
16553
16561
16562
16564
16566
16568
16570
16572
16574
16575
16576
16577
16578
16579
16580
16582
16583
16586
16591
16592
16594
16595
16596
16597
16598
16605
16612
16613
16619
16621
16623
16625
16630
16633
16636
16641
16642
16643
16646
16647
16648
16649
16650
16652
16653
16654
16656
16662
16663
16664
16665
16666
16671
16673
16674
16675
16676
16679
16680
16681
16682
16684
16687
16689
16690
16691
16693
16694
16695
16696
16699
16702
16706
16720
16722
16724
16725
16726
16727
16728
16729
16730
16731
16732
16733
16734
16735
16736
16737
16738
16739
16741
16742
16743
16744
16747
16754
16755
16757
16758
16761
16762
16764
16765
16766
16769
16770
16773
16774
16776
16777
16783
16784
16785
16791
16792
16793
16794
16795
16796
16799
16800
16803
16804
16805
16806
16809
16810
16812
16820
16821
16822
16824
16827
16828
16829
16830
16833
16838
16840
16845
16846
16860
16861
16862
16863
16867
16869
16875
16876
16877
16878
16879
16881
16882
16887
16888
16891
16892
16893
16894
16899
16900
16901
16902
16904
16905
16906
16907
16908
16910
16913
16914
16915
16916
16917
16918
16919
16920
16922
16923
16925
16926
16927
16929
16930
16932
16933
16934
16935
16938
16939
16940
16942
16943
16944
16945
16947
16948
16949
16950
16951
16955
16957
16958
16960
16962
16965
16966
16969
16970
16971
16972
16973
16974
16975
16976
16977
16978
16979
16980
16982
16983
16984
16985
16986
16987
16988
16990
16991
16992
16995
16997
16998
16999
17000
17003
17005
17006
17007
17008
17010
17013
17014
17015
17016
17017
17019
17020
17021
17022
17023
17025
17028
17029
17030
17031
17032
17033
17034
17035
17038
17044
17045
17046
17048
17050
17053
17055
17056
17057
17058
17059
17060
17061
17062
17063
17064
17065
17066
17067
17069
17070
17071
17072
17073
17075
17077
17078
17079
17087
17093
17094
17095
17098
17100
17115
17116
17123
17133
17142
17143
17145
17153
17155
17156
17157
17167
17168
17174
17175
17177
17178
17179
17180
17181
17182
17183
17185
17186
17187
17188
17189
17191
17192
17193
17195
17198
17200
17203
17204
17206
17207
17209
17218
17220
17237
17259
17260
17266
17267
17270
17274
17279
17280
17283
17286
17287
17288
17290
17291
17292
17298
17299
17303
17307
17308
17309
17310
17319
17320
17334
17342
17343
17344
17345
17358
17360
17370
17375
17396
17397
17401
17413
17415
17427
17428
17432
17437
17439
17453
17465
17468
17479
17481
17491
17493
17496
17497
17499
17505
17506
17507
17509
17510
17512
17513
17514
17515
17516
17520
17529
17533
17534
17535
17536
17537
17538
17540
17541
17542
17543
17544
17545
17546
17547
17550
17551
17552
17554
17555
17560
17561
17562
17563
17564
17575
17580
17581
17584
17587
17588
17589
17590
17592
17593
17602
17605
17617
17622
17623
17625
17628
17629
17630
17632
17633
17634
17637
17638
17639
17641
17648
17650
17651
17653
17656
17659
17660
17662
17666
17668
17671
17674
17675
17676
17677
17681
17683
17684
17686
17690
17691
17692
17693
17696
17698
17699
17700
17702
17703
17704
17705
17706
17708
17709
17714
17715
17717
17721
17726
17727
17728
17729
17732
17735
17736
17737
17739
17740
17741
17742
17743
17744
17745
17746
17747
17748
17749
17750
17751
17752
17755
17758
17759
17760
17761
17762
17763
17765
17766
17767
17769
17770
17771
17772
17773
17775
17776
17777
17778
17779
17780
17782
17784
17787
17788
17789
17791
17792
17793
17795
17796
17797
17798
17799
17800
17801
17802
17804
17806
17807
17811
17812
17816
17817
17818
17819
17820
17821
17823
17824
17825
17826
17827
17828
17829
17830
17831
17833
17834
17836
17837
17838
17839
17840
17841
17843
17844
17845
17846
17847
17849
17850
17852
17853
17854
17855
17856
17857
17858
17859
17861
17862
17863
17864
17865
17866
17867
17869
17871
17872
17873
17874
17875
17877
17878
17879
17880
17881
17883
17884
17885
17888
17890
17891
17892
17893
17894
17895
17897
17898
17899
17900
17902
17903
17905
17906
17907
17908
17909
17910
17911
17912
17916
17917
17918
17919
17920
17922
17923
17924
17926
17927
17928
17929
17930
17933
17934
17935
17937
17940
17941
17942
17943
17944
17945
17946
17947
17948
17950
17951
17952
17953
17954
17955
17956
17957
17958
17959
17960
17961
17962
17963
17964
17965
17966
17967
17968
17969
17970
17971
17972
17974
17975
17976
17977
17978
17979
17980
17981
17982
17983
17984
17985
17986
17987
17989
17990
17991
17992
17996
18000
18001
18002
18007
18011
18015
18019
18021
18022
18024
18025
18028
18030
18031
18032
18033
18035
18036
18037
18040
18041
18042
18043
18044
18045
18046
18048
18049
18051
18053
18054
18055
18056
18057
18058
18059
18060
18061
18064
18065
18067
18068
18069
18070
18071
18072
18073
18074
18076
18079
18080
18081
18082
18083
18086
18088
18089
18093
18094
18096
18098
18099
18101
18102
18103
18104
18106
18107
18108
18109
18110
18112
18113
18115
18116
18117
18119
18120
18121
18122
18123
18125
18126
18127
18129
18131
18132
18133
18134
18135
18136
18138
18139
18142
18143
18147
18149
18150
18152
18156
18159
18160
18161
18162
18164
18166
18168
18171
18172
18173
18174
18175
18176
18178
18179
18181
18182
18183
18184
18185
18187
18188
18189
18190
18191
18192
18193
18194
18195
18196
18197
18198
18199
18200
18201
18202
18203
18204
18205
18206
18207
18208
18209
18210
18211
18214
18215
18216
18217
18219
18220
18223
18226
18228
18229
18230
18231
18232
18233
18234
18235
18236
18237
18240
18241
18242
18244
18245
18247
18249
18250
18251
18252
18253
18254
18255
18256
18257
18258
18259
18260
18261
18262
18263
18264
18265
18266
18267
18268
18269
18270
18271
18272
18273
18274
18275
18276
18278
18279
18280
18281
18283
18284
18285
18286
18287
18288
18290
18295
18296
18297
18298
18300
18301
18302
18303
18305
18306
18307
18308
18309
18310
18312
18313
18314
18317
18319
18320
18321
18322
18324
18325
18326
18327
18331
18332
18333
18334
18335
18336
18337
18338
18339
18340
18341
18342
18343
18344
18345
18346
18347
18349
18350
18351
18353
18355
18356
18357
18359
18363
18367
18369
18371
18372
18373
18374
18378
18379
18380
18381
18382
18385
18391
18395
18402
18403
18408
18409
18410
18412
18414
18416
18417
18418
18419
18422
18425
18426
18431
18443
18444
18445
18447
18448
18449
18450
18457
18463
18468
18472
18473
18480
18481
18482
18484
18486
18487
18488
18494
18495
18497
18505
18508
18510
18518
18519
18521
18522
18523
18532
18533
18534
18537
18543
18545
18546
18552
18556
18559
18561
18562
18563
18570
18572
18574
18575
18578
18579
18580
18581
18582
18583
18586
18587
18588
18590
18592
18595
18596
18597
18599
18601
18602
18607
18608
18609
18611
18613
18615
18619
18620
18621
18623
18624
18630
18633
18634
18635
18636
18638
18639
18641
18649
18651
18652
18654
18656
18658
18660
18664
18671
18675
18678
18679
18682
18683
18684
18690
18691
18692
18693
18694
18697
18699
18700
18711
18714
18721
18722
18723
18724
18725
18740
18741
18746
18748
18752
18753
18754
18755
18756
18757
18758
18759
18760
18763
18768
18771
18772
18773
18774
18775
18777
18778
18781
18782
18783
18784
18785
18788
18794
18795
18797
18798
18799
18802
18803
18805
18811
18812
18813
18816
18817
18818
18819
18824
18825
18831
18832
18836
18841
18843
18846
18847
18851
18853
18854
18857
18860
18861
18863
18864
18867
18872
18873
18874
18877
18878
18879
18880
18881
18885
18886
18887
18888
18892
18893
18895
18896
18900
18904
18910
18911
18913
18915
18917
18919
18920
18927
18928
18929
18931
18932
18936
18938
18939
18940
18941
18942
18944
18945
18947
18948
18949
18950
18951
18952
18953
18954
18956
18957
18958
18960
18961
18964
18966
18967
18974
18976
18986
18988
18990
18991
18994
18995
18996
18999
19000
19001
19004
19006
19007
19009
19012
19023
19024
19032
19033
19034
19035
19037
19038
19040
19041
19042
19043
19044
19045
19046
19047
19048
19049
19052
19056
19058
19059
19060
19062
19063
19068
19069
19070
19073
19074
19077
19079
19082
19084
19086
19089
19094
19101
19103
19107
19108
19111
19115
19123
19130
19133
19134
19138
19140
19142
19144
19145
19146
19148
19149
19159
19173
19174
19180
19190
19199
19207
19209
19216
19218
19219
19221
19222
19225
19228
19230
19233
19235
19242
19246
19248
19249
19251
19253
19255
19256
19257
19261
19264
19266
19267
19268
19269
19270
19271
19273
19274
19275
19276
19277
19278
19283
19284
19285
19287
19288
19290
19294
19295
19297
19298
19299
19305
19306
19307
19309
19316
19317
19318
19320
19321
19322
19329
19330
19331
19332
19333
19334
19336
19338
19339
19342
19343
19345
19346
19349
19352
19353
19354
19355
19356
19358
19359
19360
19362
19366
19367
19368
19371
19373
19375
19376
19377
19378
19380
19381
19382
19384
19385
19386
19387
19389
19390
19391
19392
19393
19394
19395
19396
19397
19398
19399
19400
19404
19405
19408
19416
19417
19420
19421
19422
19423
19424
19425
19427
19429
19433
19439
19440
19442
19443
19444
19445
19446
19447
19448
19449
19450
19451
19453
19455
19457
19458
19459
19461
19462
19466
19467
19469
19472
19473
19474
19475
19476
19477
19478
19480
19481
19482
19483
19484
19486
19487
19489
19490
19492
19493
19495
19497
19498
19499
19500
19501
19504
19508
19510
19511
19518
19519
19520
19521
19522
19524
19525
19530
19531
19533
19536
19537
19538
19539
19540
19541
19543
19544
19545
19549
19550
19551
19552
19553
19558
19562
19564
19565
19566
19567
19568
19570
19572
19573
19574
19575
19577
19578
19580
19581
19587
19588
19589
19590
19592
19593
19595
19602
19605
19606
19609
19613
19614
19615
19616
19617
19618
19619
19620
19621
19622
19623
19625
19628
19631
19632
19633
19636
19637
19640
19642
19643
19646
19647
19648
19649
19651
19652
19653
19654
19657
19658
19664
19665
19671
19672
19673
19674
19686
19687
19688
19689
19690
19693
19695
19697
19702
19709
19714
19715
19716
19718
19722
19724
19725
19726
19727
19728
19729
19730
19734
19735
19738
19739
19740
19741
19743
19744
19745
19746
19747
19749
19750
19753
19755
19759
19763
19764
19765
19766
19769
19773
19774
19775
19776
19777
19779
19781
19783
19790
19792
19793
19794
19802
19803
19804
19809
19815
19816
19817
19821
19828
19829
19830
19831
19835
19842
19843
19846
19847
19848
19849
19850
19851
19852
19853
19854
19855
19858
19861
19862
19863
19866
19868
19869
19870
19874
19875
19876
19880
19882
19883
19889
19893
19894
19895
19896
19897
19899
19901
19902
19903
19905
19906
19907
19910
19911
19912
19913
19915
19919
19920
19922
19924
19927
19928
19931
19932
19936
19939
19946
19947
19954
19957
19961
19966
19967
19968
19969
19970
19971
19972
19973
19975
19977
19978
19979
19981
19984
19985
19986
19987
19988
19990
19991
19994
19996
19997
19998
19999
20000
20001
20002
20004
20005
20006
20009
20010
20012
20014
20021
20022
20024
20025
20026
20027
20032
20034
20035
20036
20038
20040
20041
20042
20043
20045
20051
20052
20053
20055
20057
20058
20059
20060
20063
20066
20070
20071
20079
20080
20081
20083
20084
20085
20086
20087
20088
20089
20090
20091
20092
20093
20094
20096
20097
20101
20102
20104
20107
20108
20110
20112
20113
20115
20116
20117
20118
20119
20120
20121
20122
20123
20126
20127
20129
20137
20139
20142
20143
20144
20145
20147
20149
20150
20151
20152
20155
20156
20158
20159
20164
20165
20169
20172
20176
20177
20182
20183
20192
20194
20195
20196
20198
20199
20201
20202
20206
20207
20213
20214
20221
20232
20233
20245
20246
20249
20250
20251
20253
20254
20263
20265
20266
20267
20270
20273
20275
20277
20279
20282
20287
20295
20301
20305
20308
20311
20317
20318
20319
20320
20321
20322
20323
20330
20332
20333
20335
20339
20340
20342
20343
20347
20357
20358
20359
20363
20365
20367
20372
20374
20375
20376
20380
20383
20384
20385
20388
20390
20391
20396
20397
20398
20400
20403
20404
20405
20410
20418
20423
20425
20431
20434
20435
20437
20439
20443
20445
20446
20455
20461
20462
20464
20465
20471
20475
20476
20480
20481
20485
20486
20487
20488
20489
20490
20491
20492
20493
20495
20503
20505
20511
20517
20519
20520
20522
20524
20525
20526
20527
20528
20532
20537
20538
20540
20543
20547
20548
20552
20553
20555
20559
20562
20563
20564
20566
20567
20568
20570
20573
20574
20575
20576
20581
20586
20591
20592
