1
2
3
4
5
6
7
8
11
17
18
19
28
31
32
33
34
35
36
37
41
42
43
48
49
50
51
55
56
57
59
62
63
64
65
66
71
76
77
82
83
85
87
88
93
94
101
102
103
107
108
113
116
117
120
122
123
124
127
128
131
132
133
135
136
139
140
141
142
150
151
157
159
161
162
164
167
168
171
173
175
176
177
181
182
183
184
185
186
187
194
195
197
198
203
204
205
206
207
212
216
223
224
225
228
229
238
248
249
254
255
262
263
264
265
267
269
270
280
281
295
296
297
298
302
305
306
307
308
311
327
329
330
334
336
341
342
343
344
348
352
356
357
358
361
362
364
367
374
378
382
383
384
385
386
387
388
392
393
401
404
405
409
411
417
418
420
421
426
427
435
436
438
439
440
443
445
446
451
452
453
455
456
457
465
466
468
469
479
486
494
495
496
499
502
505
506
515
516
518
527
528
532
538
540
541
542
548
557
558
559
562
563
570
573
574
587
589
590
591
630
631
636
637
638
639
640
648
651
652
658
659
660
662
663
667
668
673
678
679
688
689
694
711
712
713
715
716
717
729
736
738
744
751
752
753
754
755
762
764
768
769
772
775
779
784
795
805
814
815
820
821
822
824
825
826
827
835
838
839
840
871
875
876
882
889
890
893
895
898
899
900
902
903
904
907
910
911
912
914
915
929
930
935
936
942
943
944
958
959
964
967
969
970
971
972
973
975
978
979
984
985
988
989
990
995
996
1004
1029
1038
1040
1046
1051
1054
1055
1056
1064
1065
1066
1067
1068
1070
1071
1072
1073
1074
1075
1076
1079
1080
1082
1083
1084
1085
1086
1087
1088
1089
1090
1091
1092
1093
1094
1095
1096
1101
1103
1104
1105
1106
1107
1108
1109
1110
1111
1114
1116
1117
1121
1122
1123
1124
1125
1126
1127
1128
1129
1130
1132
1133
1134
1135
1138
1143
1144
1148
1156
1157
1158
1159
1164
1165
1167
1168
1170
1173
1174
1181
1183
1203
1206
1209
1211
1223
1230
1231
1234
1236
1238
1239
1248
1255
1256
1257
1259
1262
1265
1266
1267
1268
1270
1272
1273
1274
1275
1276
1277
1278
1279
1280
1281
1282
1283
1284
1285
1286
1287
1288
1289
1290
1291
1292
1293
1294
1295
1303
1304
1306
1307
1308
1312
1313
1322
1323
1326
1346
1347
1348
1355
1358
1363
1370
1381
1382
1385
1387
1395
1400
1401
1408
1412
1413
1422
1428
1429
1430
1431
1434
1444
1445
1446
1447
1449
1450
1451
1452
1453
1454
1455
1457
1464
1465
1469
1471
1472
1473
1474
1477
1478
1479
1480
1481
1483
1486
1487
1488
1489
1494
1495
1496
1497
1498
1499
1500
1503
1509
1511
1513
1514
1517
1518
1519
1524
1525
1529
1530
1531
1532
1533
1534
1535
1544
1545
1551
1552
1557
1558
1559
1560
1563
1564
1567
1575
1577
1589
1590
1591
1592
1593
1595
1596
1600
1602
1603
1604
1605
1609
1610
1611
1619
1620
1623
1624
1625
1626
1627
1628
1629
1631
1632
1633
1634
1636
1637
1638
1639
1640
1641
1642
1644
1645
1646
1647
1648
1649
1650
1651
1652
1653
1654
1656
1657
1658
1659
1660
1661
1665
1666
1667
1668
1669
1671
1674
1675
1676
1677
1678
1679
1680
1681
1682
1683
1686
1687
1688
1690
1691
1692
1693
1694
1695
1696
1697
1698
1699
1700
1701
1702
1708
1709
1710
1711
1712
1713
1714
1715
1716
1717
1718
1719
1720
1724
1725
1726
1727
1730
1731
1732
1733
1734
1735
1736
1737
1738
1739
1740
1741
1742
1743
1744
1745
1746
1747
1748
1751
1753
1755
1756
1757
1760
1761
1764
1768
1769
1770
1771
1772
1773
1774
1775
1776
1777
1779
1780
1781
1782
1783
1784
1786
1787
1788
1789
1790
1791
1793
1794
1795
1796
1797
1798
1800
1801
1802
1803
1804
1805
1807
1808
1809
1810
1811
1812
1813
1815
1816
1817
1818
1822
1823
1824
1825
1827
1828
1830
1832
1833
1834
1835
1836
1837
1839
1840
1841
1842
1843
1844
1845
1846
1847
1848
1849
1850
1851
1852
1853
1855
1857
1858
1859
1861
1862
1867
1869
1872
1875
1876
1879
1880
1881
1882
1883
1885
1887
1888
1889
1890
1891
1892
1893
1894
1895
1896
1902
1903
1904
1905
1906
1907
1908
1909
1910
1911
1912
1913
1914
1915
1918
1919
1920
1921
1925
1926
1928
1929
1933
1936
1937
1941
1947
1948
1949
1951
1953
1954
1956
1957
1959
1960
1962
1964
1965
1968
1969
1970
1973
1974
1975
1976
1977
1981
1982
1984
1985
1986
1987
1988
1995
1996
1998
1999
2000
2001
2002
2003
2004
2005
2006
2007
2009
2010
2012
2013
2017
2026
2033
2037
2038
2039
2040
2043
2046
2047
2049
2050
2052
2053
2054
2058
2059
2063
2065
2068
2069
2081
2084
2085
2088
2090
2092
2094
2104
2107
2108
2116
2117
2118
2119
2121
2122
2123
2124
2125
2126
2128
2130
2131
2132
2133
2135
2136
2137
2140
2145
2148
2155
2158
2160
2166
2167
2168
2169
2175
2176
2177
2178
2179
2181
2182
2183
2185
2190
2192
2195
2199
2200
2206
2207
2213
2224
2225
2226
2227
2228
2230
2231
2232
2237
2238
2241
2243
2247
2250
2252
2253
2256
2257
2264
2265
2267
2274
2281
2289
2290
2291
2292
2295
2301
2304
2308
2341
2342
2343
2344
2349
2350
2351
2352
2356
2365
2366
2367
2368
2369
2370
2371
2377
2382
2383
2384
2385
2391
2393
2395
2396
2397
2398
2399
2405
2406
2408
2413
2414
2415
2416
2422
2425
2427
2428
2437
2440
2446
2447
2453
2454
2456
2460
2461
2462
2463
2465
2466
2467
2468
2471
2482
2483
2484
2486
2487
2493
2494
2495
2496
2501
2503
2504
2515
2516
2518
2519
2520
2521
2522
2523
2524
2527
2528
2531
2532
2533
2534
2539
2540
2547
2551
2552
2557
2558
2559
2560
2561
2562
2569
2573
2574
2575
2583
2584
2585
2586
2589
2590
2591
2593
2595
2596
2597
2598
2599
2607
2611
2612
2614
2618
2619
2620
2621
2622
2623
2624
2632
2633
2637
2638
2639
2644
2645
2646
2647
2648
2655
2657
2658
2659
2660
2662
2663
2664
2666
2667
2668
2672
2700
2701
2702
2703
2710
2711
2715
2716
2717
2719
2724
2725
2729
2731
2736
2739
2747
2748
2749
2757
2758
2759
2760
2761
2762
2764
2765
2771
2773
2774
2776
2779
2780
2781
2787
2788
2789
2790
2791
2792
2793
2794
2795
2796
2797
2798
2799
2801
2802
2803
2812
2813
2814
2815
2816
2817
2823
2824
2825
2827
2828
2829
2830
2832
2833
2834
2835
2836
2837
2838
2842
2843
2845
2850
2851
2852
2861
2862
2868
2869
2870
2871
2872
2873
2874
2875
2876
2877
2878
2879
2880
2883
2898
2902
2904
2908
2910
2918
2919
2920
2921
2922
2931
2932
2933
2934
2936
2937
2938
2939
2940
2941
2942
2945
2950
2951
2953
2954
2955
2956
2958
2959
2965
2966
2971
2972
2973
2974
2980
2981
2982
2984
2985
2994
2998
2999
3000
3001
3002
3003
3005
3006
3007
3008
3009
3013
3019
3023
3025
3027
3028
3029
3030
3031
3032
3033
3035
3036
3038
3052
3053
3058
3059
3060
3061
3062
3065
3066
3070
3071
3072
3073
3074
3075
3077
3079
3082
3083
3085
3086
3092
3098
3099
3100
3101
3102
3103
3105
3106
3107
3108
3109
3110
3118
3122
3125
3135
3136
3137
3138
3140
3147
3154
3157
3158
3165
3166
3167
3168
3169
3171
3172
3173
3174
3177
3178
3182
3183
3192
3194
3196
3199
3200
3201
3202
3206
3211
3215
3216
3217
3229
3230
3231
3233
3234
3235
3236
3240
3241
3242
3243
3245
3251
3252
3261
3268
3269
3273
3275
3276
3277
3278
3279
3280
3282
3292
3293
3296
3303
3304
3305
3307
3308
3309
3316
3317
3350
3367
3369
3374
3381
3409
3410
3415
3424
3425
3426
3449
3450
3453
3454
3461
3462
3468
3470
3498
3499
3501
3502
3503
3505
3506
3507
3508
3509
3510
3511
3512
3513
3514
3519
3522
3525
3540
3541
3542
3544
3545
3546
3553
3554
3564
3565
3566
3568
3571
3572
3579
3583
3584
3585
3588
3589
3592
3593
3598
3605
3618
3619
3620
3622
3629
3634
3635
3636
3640
3655
3675
3676
3677
3712
3713
3714
3715
3723
3764
3768
3769
3770
3771
3772
3773
3774
3775
3776
3777
3778
3779
3780
3781
3782
3783
3784
3785
3786
3787
3788
3789
3790
3791
3792
3793
3794
3795
3796
3797
3798
3799
3800
3801
3804
3805
3806
3807
3808
3809
3812
3813
3814
3815
3816
3817
3818
3820
3821
3822
3823
3824
3826
3827
3829
3832
3833
3847
3852
3858
3866
3867
3868
3869
3873
3879
3881
3882
3891
3893
3894
3897
3902
3904
3908
3909
3911
3913
3915
3919
3922
3932
3936
3937
3948
3949
3951
3952
3958
3959
3960
3961
3963
3968
3969
3970
3971
3973
3974
3975
3976
3977
3978
3979
3983
3986
3991
3992
3993
3994
3998
3999
4000
4001
4002
4003
4006
4007
4009
4010
4011
4012
4013
4015
4016
4017
4018
4019
4020
4021
4022
4023
4024
4025
4026
4042
4043
4044
4047
4048
4049
4050
4054
4055
4058
4059
4060
4061
4065
4066
4068
4069
4070
4073
4074
4081
4082
4085
4086
4089
4090
4093
4094
4097
4101
4102
4104
4106
4107
4110
4111
4117
4118
4119
4120
4121
4132
4133
4135
4139
4141
4152
4153
4154
4155
4156
4157
4158
4159
4160
4161
4162
4163
4164
4165
4176
4177
4180
4181
4182
4183
4185
4186
4187
4188
4189
4190
4191
4192
4193
4194
4195
4196
4197
4198
4199
4200
4201
4202
4203
4204
4205
4206
4207
4208
4209
4210
4211
4212
4213
4214
4215
4216
4217
4218
4225
4226
4229
4230
4234
4235
4236
4237
4238
4239
4240
4241
4242
4243
4244
4248
4249
4250
4254
4255
4256
4257
4258
4261
4272
4273
4279
4280
4281
4284
4285
4288
4289
4290
4291
4294
4295
4300
4301
4302
4303
4304
4305
4306
4307
4308
4309
4311
4312
4313
4314
4315
4316
4319
4320
4322
4328
4329
4330
4331
4332
4333
4334
4335
4336
4337
4338
4339
4340
4341
4344
4345
4346
4347
4348
4349
4350
4351
4352
4353
4354
4355
4356
4357
4358
4359
4362
4363
4364
4365
4366
4367
4368
4369
4371
4372
4373
4374
4375
4378
4379
4380
4381
4383
4384
4385
4386
4387
4392
4393
4394
4395
4397
4398
4399
4400
4402
4403
4404
4405
4406
4407
4408
4409
4410
4411
4412
4413
4414
4415
4416
4417
4418
4419
4421
4422
4423
4424
4425
4426
4427
4428
4430
4431
4432
4433
4434
4435
4438
4439
4442
4445
4447
4448
4449
4450
4451
4452
4454
4455
4457
4458
4459
4460
4461
4462
4463
4464
4465
4466
4467
4468
4469
4470
4471
4472
4473
4474
4475
4476
4477
4478
4479
4480
4481
4482
4483
4484
4485
4486
4487
4488
4489
4490
4491
4492
4493
4494
4495
4496
4498
4499
4500
4501
4502
4503
4505
4506
4507
4508
4509
4510
4511
4512
4513
4514
4515
4516
4517
4518
4520
4521
4522
4523
4524
4525
4526
4527
4528
4529
4530
4531
4532
4533
4535
4536
4537
4540
4541
4542
4543
4544
4545
4546
4547
4548
4549
4550
4552
4553
4554
4555
4556
4557
4558
4560
4561
4563
4564
4566
4567
4568
4569
4570
4571
4572
4574
4575
4576
4577
4578
4579
4580
4581
4582
4583
4584
4586
4587
4588
4589
4590
4592
4593
4594
4595
4596
4597
4598
4599
4600
4601
4602
4603
4604
4605
4606
4608
4609
4610
4611
4612
4613
4621
4622
4623
4625
4627
4629
4630
4631
4632
4633
4634
4635
4636
4637
4638
4640
4641
4642
4643
4644
4645
4646
4647
4648
4649
4650
4651
4652
4653
4654
4655
4657
4659
4660
4661
4662
4663
4665
4672
4675
4676
4677
4678
4679
4680
4681
4682
4683
4684
4685
4686
4687
4688
4689
4690
4691
4692
4693
4694
4696
4697
4698
4700
4701
4702
4703
4704
4706
4707
4708
4709
4710
4711
4712
4713
4714
4715
4716
4717
4718
4719
4720
4721
4722
4723
4724
4725
4726
4728
4729
4731
4732
4734
4735
4736
4737
4739
4742
4743
4744
4745
4746
4747
4748
4749
4750
4751
4754
4757
4758
4760
4761
4763
4764
4765
4767
4768
4769
4770
4771
4772
4773
4774
4775
4777
4778
4779
4780
4781
4782
4783
4784
4785
4789
4790
4791
4792
4803
4804
4805
4806
4812
4813
4814
4824
4825
4826
4829
4830
4831
4833
4834
4835
4844
4845
4846
4848
4849
4850
4851
4852
4853
4854
4855
4856
4859
4860
4862
4870
4871
4872
4873
4874
4875
4881
4882
4883
4884
4885
4886
4887
4888
4889
4890
4891
4892
4893
4899
4900
4903
4904
4905
4912
4914
4915
4916
4917
4920
4922
4923
4928
4929
4936
4937
4938
4939
4942
4943
4944
4946
4947
4948
4949
4956
4957
4961
4962
4963
4964
4965
4968
4969
4972
4977
4981
4982
4983
4984
4985
4986
4987
4988
4990
4992
4993
4994
4995
4996
4997
4998
4999
5000
5001
5002
5003
5004
5005
5006
5015
5016
5017
5018
5019
5020
5021
5022
5024
5025
5026
5027
5028
5031
5032
5034
5035
5036
5040
5046
5047
5060
5067
5068
5070
5071
5072
5073
5074
5075
5076
5077
5078
5079
5080
5081
5083
5084
5085
5086
5087
5088
5089
5090
5091
5096
5099
5100
5101
5102
5103
5107
5108
5112
5115
5116
5121
5122
5123
5124
5125
5126
5129
5130
5131
5132
5133
5134
5135
5136
5139
5142
5143
5144
5145
5147
5148
5149
5150
5151
5152
5159
5161
5163
5168
5169
5170
5173
5174
5175
5176
5177
5178
5182
5183
5184
5185
5186
5187
5188
5189
5190
5191
5192
5193
5194
5195
5196
5197
5198
5199
5202
5203
5206
5207
5212
5215
5216
5217
5218
5219
5222
5223
5225
5226
5230
5231
5232
5233
5234
5235
5237
5240
5241
5242
5243
5244
5245
5246
5250
5255
5261
5263
5264
5266
5267
5268
5269
5270
5273
5276
5277
5278
5279
5280
5281
5282
5283
5284
5285
5286
5287
5288
5289
5290
5295
5296
5297
5298
5301
5306
5308
5309
5318
5320
5325
5328
5329
5331
5333
5335
5336
5338
5339
5340
5341
5342
5345
5346
5348
5349
5350
5351
5352
5353
5356
5357
5358
5359
5360
5361
5362
5363
5364
5365
5368
5369
5370
5371
5373
5377
5378
5381
5388
5389
5395
5401
5402
5409
5412
5415
5417
5419
5420
5421
5423
5424
5425
5429
5430
5431
5433
5434
5435
5436
5438
5441
5443
5444
5445
5448
5450
5454
5455
5460
5461
5462
5466
5467
5471
5473
5474
5479
5481
5484
5485
5487
5489
5490
5497
5498
5499
5500
5501
5507
5512
5513
5514
5519
5520
5533
5534
5536
5537
5538
5539
5540
5542
5543
5544
5545
5546
5547
5548
5549
5550
5551
5552
5553
5554
5555
5557
5558
5559
5561
5562
5568
5579
5580
5584
5586
5591
5594
5598
5601
5602
5603
5608
5609
5610
5612
5613
5615
5617
5619
5624
5625
5627
5628
5630
5631
5634
5635
5651
5652
5655
5658
5659
5660
5661
5662
5663
5664
5674
5675
5676
5677
5678
5679
5680
5681
5685
5686
5687
5688
5692
5693
5698
5701
5702
5703
5704
5706
5707
5708
5709
5715
5721
5724
5730
5731
5732
5733
5743
5747
5748
5755
5757
5759
5760
5761
5762
5769
5772
5779
5780
5781
5784
5786
5787
5792
5796
5797
5798
5806
5809
5810
5811
5812
5813
5815
5818
5819
5825
5826
5827
5830
5831
5833
5834
5835
5836
5837
5838
5839
5840
5841
5842
5843
5844
5846
5851
5855
5856
5857
5858
5859
5860
5861
5862
5863
5864
5865
5866
5867
5868
5869
5870
5871
5872
5873
5874
5875
5876
5878
5879
5883
5884
5885
5886
5890
5891
5897
5898
5899
5901
5904
5905
5906
5907
5908
5909
5910
5911
5912
5913
5914
5915
5916
5917
5918
5921
5922
5923
5925
5928
5929
5930
5931
5932
5933
5935
5936
5937
5938
5939
5940
5941
5942
5943
5944
5945
5946
5947
5948
5949
5950
5951
5952
5956
5957
5958
5960
5961
5962
5963
5964
5965
5966
5970
5973
5974
5975
5976
5977
5979
5980
5981
5982
5983
5984
5985
5987
5988
5990
5991
5992
5995
5996
5997
5999
6000
6001
6002
6003
6004
6005
6006
6007
6008
6009
6010
6013
6015
6019
6020
6021
6022
6023
6024
6025
6026
6027
6028
6029
6031
6032
6033
6034
6035
6036
6037
6038
6039
6040
6041
6042
6043
6044
6045
6046
6047
6048
6049
6050
6051
6052
6053
6056
6057
6058
6059
6060
6062
6063
6064
6065
6066
6067
6068
6069
6070
6071
6072
6073
6075
6076
6077
6078
6079
6080
6081
6082
6083
6084
6085
6086
6087
6088
6089
6090
6091
6093
6094
6095
6096
6097
6098
6099
6100
6101
6102
6103
6104
6105
6106
6107
6108
6109
6110
6111
6112
6113
6114
6115
6116
6117
6118
6119
6120
6121
6122
6123
6124
6125
6126
6127
6128
6129
6130
6131
6132
6133
6134
6135
6136
6137
6138
6139
6140
6141
6142
6143
6144
6145
6146
6147
6148
6149
6150
6151
6152
6153
6154
6155
6156
6158
6159
6160
6161
6162
6163
6164
6165
6166
6167
6168
6170
6171
6172
6173
6174
6175
6177
6178
6179
6180
6182
6183
6184
6185
6186
6188
6189
6190
6191
6192
6193
6194
6197
6198
6199
6200
6201
6202
6203
6204
6205
6206
6207
6208
6209
6210
6211
6212
6213
6214
6215
6217
6218
6219
6220
6221
6222
6223
6224
6225
6227
6228
6229
6230
6231
6232
6233
6234
6235
6236
6237
6238
6239
6240
6241
6242
6243
6244
6245
6246
6248
6249
6250
6251
6252
6253
6254
6255
6256
6257
6258
6259
6260
6261
6264
6265
6266
6267
6268
6274
6275
6276
6278
6279
6280
6282
6283
6284
6285
6286
6288
6289
6290
6291
6292
6293
6294
6295
6296
6297
6298
6299
6300
6302
6303
6304
6305
6307
6309
6310
6315
6316
6320
6321
6322
6323
6324
6325
6326
6327
6328
6329
6330
6331
6332
6333
6334
6335
6336
6338
6339
6340
6342
6343
6344
6345
6346
6347
6348
6349
6350
6351
6352
6353
6354
6355
6356
6357
6358
6359
6360
6361
6362
6363
6364
6365
6366
6367
6368
6369
6370
6371
6372
6373
6374
6375
6376
6377
6380
6382
6383
6384
6385
6386
6387
6388
6389
6390
6391
6392
6393
6394
6395
6396
6397
6398
6399
6400
6401
6402
6403
6405
6406
6407
6408
6409
6410
6411
6412
6413
6414
6415
6416
6417
6418
6419
6420
6421
6422
6423
6424
6425
6426
6427
6428
6429
6430
6431
6432
6433
6434
6435
6436
6437
6438
6439
6440
6442
6443
6444
6445
6446
6447
6449
6450
6451
6452
6453
6454
6455
6456
6457
6458
6459
6460
6461
6462
6463
6464
6465
6466
6467
6468
6469
6470
6471
6472
6473
6474
6475
6478
6479
6480
6481
6482
6483
6484
6485
6486
6487
6488
6489
6490
6491
6492
6493
6494
6495
6496
6497
6499
6500
6501
6503
6504
6505
6506
6507
6508
6509
6513
6514
6515
6516
6517
6518
6519
6522
6526
6527
6528
6529
6530
6533
6538
6539
6540
6541
6542
6554
6555
6556
6557
6558
6559
6560
6561
6562
6563
6564
6565
6566
6567
6568
6569
6570
6571
6572
6573
6582
6583
6584
6585
6586
6587
6588
6589
6590
6592
6593
6594
6595
6596
6597
6598
6599
6600
6601
6602
6603
6604
6605
6606
6607
6608
6609
6610
6611
6612
6613
6614
6617
6618
6619
6620
6621
6622
6624
6626
6627
6628
6629
6630
6631
6632
6633
6634
6635
6636
6637
6638
6639
6640
6641
6642
6643
6644
6645
6646
6647
6648
6649
6650
6651
6652
6653
6654
6655
6656
6657
6658
6660
6661
6662
6663
6664
6665
6666
6667
6668
6669
6670
6671
6672
6673
6674
6675
6676
6677
6678
6679
6680
6682
6683
6684
6685
6686
6687
6688
6689
6692
6693
6695
6696
6698
6699
6700
6701
6702
6703
6704
6705
6706
6707
6708
6709
6710
6711
6712
6713
6714
6715
6716
6717
6718
6719
6720
6721
6725
6726
6727
6728
6729
6730
6731
6732
6733
6734
6735
6736
6737
6738
6739
6740
6741
6742
6743
6744
6745
6746
6747
6748
6749
6750
6751
6752
6753
6754
6755
6756
6757
6758
6759
6761
6762
6763
6764
6765
6766
6767
6768
6769
6770
6771
6772
6773
6774
6775
6776
6777
6778
6780
6781
6782
6784
6785
6786
6787
6788
6789
6790
6791
6792
6794
6795
6796
6797
6798
6799
6800
6801
6802
6803
6804
6805
6806
6807
6808
6809
6813
6814
6815
6816
6818
6819
6820
6821
6822
6823
6824
6825
6826
6827
6828
6829
6830
6832
6834
6835
6836
6837
6838
6840
6841
6844
6845
6847
6848
6849
6850
6858
6860
6863
6869
6871
6872
6873
6874
6875
6876
6877
6878
6879
6880
6881
6882
6884
6885
6886
6887
6888
6898
6905
6906
6910
6911
6912
6913
6914
6915
6916
6917
6918
6919
6920
6921
6922
6923
6924
6925
6926
6927
6928
6941
6946
6947
6948
6951
6953
6954
6955
6957
6958
6959
6960
6961
6962
6963
6964
6965
6972
6975
6978
6980
6981
6982
6984
6985
6986
6989
6990
6991
6992
6993
6994
6996
6999
7002
7003
7006
7008
7009
7010
7011
7012
7013
7015
7016
7017
7018
7019
7020
7022
7025
7026
7027
7031
7032
7033
7037
7038
7040
7044
7046
7049
7050
7051
7053
7055
7058
7059
7060
7061
7062
7063
7064
7065
7066
7067
7068
7069
7070
7073
7074
7078
7079
7080
7082
7083
7084
7086
7090
7091
7094
7095
7100
7102
7103
7104
7105
7106
7107
7108
7109
7111
7119
7121
7122
7123
7124
7125
7126
7127
7129
7130
7131
7132
7133
7134
7136
7139
7140
7141
7142
7143
7144
7145
7146
7147
7149
7150
7151
7152
7156
7157
7158
7164
7167
7168
7173
7175
7176
7177
7178
7179
7182
7183
7184
7190
7191
7192
7193
7195
7196
7197
7200
7201
7202
7203
7204
7205
7213
7214
7219
7220
7221
7222
7223
7224
7226
7230
7231
7232
7233
7235
7236
7237
7238
7239
7240
7241
7249
7251
7252
7258
7263
7270
7271
7272
7273
7282
7285
7286
7287
7290
7299
7300
7301
7302
7303
7304
7305
7306
7307
7308
7310
7311
7313
7314
7315
7316
7322
7326
7327
7328
7330
7331
7332
7337
7339
7340
7344
7345
7346
7347
7350
7351
7352
7353
7354
7361
7362
7363
7364
7365
7368
7370
7371
7372
7377
7380
7387
7388
7389
7395
7396
7401
7402
7407
7408
7410
7412
7413
7414
7415
7416
7417
7422
7423
7424
7425
7427
7428
7433
7434
7435
7436
7438
7439
7442
7443
7446
7448
7449
7450
7452
7453
7454
7455
7456
7457
7458
7463
7464
7466
7467
7468
7469
7470
7471
7472
7474
7475
7476
7477
7478
7479
7480
7481
7482
7483
7484
7485
7486
7487
7488
7489
7509
7510
7511
7512
7513
7515
7516
7517
7522
7523
7524
7525
7526
7528
7529
7531
7532
7533
7534
7535
7536
7537
7538
7539
7540
7541
7542
7543
7544
7545
7546
7547
7553
7554
7555
7556
7557
7558
7561
7564
7565
7566
7567
7568
7569
7570
7572
7573
7574
7575
7576
7578
7579
7580
7581
7582
7583
7584
7585
7586
7587
7588
7593
7595
7596
7597
7598
7604
7606
7608
7612
7614
7617
7618
7619
7621
7624
7625
7626
7627
7628
7629
7630
7633
7636
7637
7638
7639
7640
7641
7642
7643
7645
7647
7652
7653
7654
7655
7656
7657
7658
7660
7662
7663
7664
7665
7666
7669
7670
7671
7674
7675
7676
7677
7678
7679
7680
7681
7682
7683
7684
7687
7688
7689
7690
7696
7697
7698
7699
7700
7701
7702
7707
7712
7716
7717
7718
7721
7722
7729
7730
7736
7737
7738
7739
7740
7741
7744
7745
7746
7747
7752
7754
7758
7766
7768
7769
7771
7772
7776
7777
7778
7779
7780
7781
7782
7783
7784
7785
7786
7787
7788
7789
7790
7791
7792
7794
7797
7798
7799
7800
7807
7808
7809
7810
7813
7814
7819
7820
7823
7826
7828
7829
7832
7833
7834
7839
7842
7852
7856
7859
7863
7864
7867
7869
7870
7872
7873
7874
7875
7879
7880
7883
7884
7885
7886
7888
7889
7890
7898
7901
7902
7903
7909
7913
7914
7916
7917
7919
7920
7922
7923
7929
7930
7931
7935
7936
7937
7939
7941
7946
7947
7948
7950
7951
7952
7958
7959
7960
7961
7964
7965
7966
7967
7968
7969
7970
7971
7972
7978
7980
7982
7986
7988
7990
7991
7993
7999
8000
8005
8007
8009
8010
8011
8013
8015
8016
8017
8022
8026
8029
8030
8036
8039
8040
8041
8042
8044
8045
8047
8048
8051
8052
8053
8054
8055
8056
8057
8059
8060
8063
8070
8071
8072
8073
8074
8075
8076
8077
8078
8079
8080
8083
8084
8088
8089
8090
8091
8092
8093
8094
8099
8100
8101
8102
8103
8104
8105
8107
8108
8110
8111
8112
8116
8117
8118
8119
8122
8123
8124
8125
8126
8128
8129
8130
8131
8132
8133
8134
8135
8136
8138
8143
8145
8146
8147
8148
8149
8150
8151
8152
8153
8155
8156
8157
8158
8159
8160
8161
8167
8168
8169
8170
8171
8172
8173
8174
8175
8176
8177
8180
8181
8182
8183
8184
8185
8186
8187
8188
8189
8190
8191
8194
8195
8198
8199
8200
8201
8203
8204
8209
8211
8212
8213
8214
8216
8217
8218
8220
8221
8222
8223
8224
8225
8226
8228
8229
8230
8231
8232
8233
8234
8235
8244
8247
8248
8249
8252
8253
8255
8260
8265
8267
8268
8273
8276
8277
8278
8279
8280
8281
8287
8288
8289
8290
8291
8292
8293
8294
8295
8296
8297
8298
8299
8300
8301
8302
8303
8304
8305
8306
8307
8308
8310
8311
8312
8313
8314
8315
8316
8317
8318
8319
8320
8321
8322
8323
8324
8325
8326
8327
8328
8330
8331
8332
8333
8334
8343
8344
8347
8356
8359
8361
8367
8368
8370
8373
8374
8381
8382
8383
8384
8385
8386
8387
8388
8389
8392
8393
8394
8396
8400
8402
8406
8407
8414
8415
8416
8418
8419
8420
8421
8422
8423
8424
8425
8426
8428
8429
8432
8433
8434
8435
8436
8439
8440
8441
8442
8443
8444
8445
8446
8447
8448
8449
8450
8451
8453
8454
8455
8456
8457
8458
8459
8460
8461
8462
8465
8466
8467
8475
8478
8479
8480
8483
8484
8486
8487
8488
8489
8490
8492
8493
8494
8495
8496
8497
8498
8499
8500
8501
8502
8503
8504
8505
8506
8507
8508
8509
8510
8511
8512
8513
8514
8515
8516
8517
8518
8519
8520
8522
8524
8525
8526
8527
8528
8529
8531
8534
8535
8540
8541
8542
8543
8544
8545
8546
8547
8548
8549
8550
8551
8552
8554
8556
8558
8560
8561
8562
8563
8567
8568
8569
8570
8571
8572
8573
8574
8580
8581
8585
8586
8587
8588
8589
8590
8591
8594
8595
8596
8597
8600
8602
8603
8604
8605
8606
8607
8608
8613
8614
8615
8616
8620
8621
8622
8623
8624
8627
8633
8634
8635
8636
8637
8638
8639
8640
8641
8642
8643
8644
8645
8646
8647
8648
8650
8651
8652
8653
8654
8655
8656
8657
8658
8659
8660
8661
8662
8663
8664
8665
8666
8667
8668
8669
8670
8671
8672
8673
8674
8675
8676
8677
8678
8679
8680
8681
8682
8683
8684
8685
8686
8687
8688
8689
8690
8691
8692
8693
8694
8695
8696
8697
8698
8699
8700
8701
8702
8703
8704
8705
8706
8707
8709
8710
8711
8712
8716
8717
8718
8719
8720
8721
8722
8724
8725
8726
8727
8728
8729
8730
8731
8733
8734
8735
8736
8737
8738
8739
8740
8741
8742
8743
8744
8746
8747
8748
8749
8750
8751
8752
8753
8755
8756
8757
8758
8759
8760
8761
8763
8764
8765
8766
8767
8768
8769
8770
8771
8772
8773
8774
8775
8776
8777
8778
8779
8780
8781
8782
8783
8784
8785
8786
8787
8788
8789
8790
8791
8792
8793
8794
8795
8796
8797
8798
8799
8800
8801
8805
8806
8807
8808
8809
8810
8811
8812
8813
8816
8817
8818
8819
8820
8821
8822
8823
8824
8825
8826
8827
8828
8829
8830
8831
8832
8833
8834
8836
8838
8839
8840
8841
8842
8843
8844
8845
8846
8848
8849
8850
8851
8852
8853
8854
8855
8856
8858
8859
8860
8861
8862
8863
8864
8865
8866
8867
8868
8869
8870
8871
8872
8873
8874
8875
8876
8877
8878
8879
8880
8881
8882
8883
8884
8885
8886
8887
8888
8890
8891
8892
8893
8894
8895
8896
8897
8898
8899
8900
8902
8903
8904
8905
8906
8907
8908
8909
8910
8911
8912
8913
8914
8916
8917
8918
8919
8920
8921
8922
8923
8924
8926
8927
8928
8929
8930
8932
8936
8937
8938
8939
8940
8941
8943
8944
8945
8947
8948
8951
8952
8953
8954
8955
8956
8957
8958
8959
8961
8962
8963
8964
8965
8966
8967
8968
8969
8970
8971
8972
8973
8975
8976
8979
8980
8981
8985
8987
8989
8991
8992
8993
8994
8995
8996
8997
8998
9000
9001
9002
9004
9005
9006
9007
9008
9009
9010
9012
9014
9015
9016
9017
9018
9019
9020
9021
9022
9023
9024
9025
9026
9027
9028
9029
9030
9032
9033
9034
9035
9036
9037
9038
9039
9040
9041
9042
9043
9044
9045
9046
9048
9049
9051
9052
9053
9054
9057
9058
9059
9060
9061
9062
9065
9066
9067
9068
9071
9072
9073
9074
9075
9077
9079
9080
9081
9082
9083
9084
9085
9086
9087
9088
9089
9091
9092
9093
9094
9095
9096
9097
9098
9099
9102
9103
9104
9105
9110
9111
9112
9113
9115
9117
9119
9120
9121
9122
9123
9125
9126
9127
9128
9129
9130
9131
9132
9133
9135
9136
9137
9138
9140
9143
9144
9145
9146
9147
9148
9149
9152
9157
9158
9159
9161
9163
9166
9167
9170
9171
9174
9175
9176
9177
9178
9179
9180
9181
9183
9184
9187
9190
9191
9193
9194
9195
9200
9204
9210
9211
9217
9218
9219
9220
9225
9230
9241
9242
9243
9244
9245
9246
9247
9248
9249
9253
9254
9257
9259
9260
9261
9265
9267
9268
9269
9270
9279
9280
9298
9299
9300
9301
9302
9305
9306
9309
9311
9312
9313
9314
9315
9316
9317
9323
9324
9326
9330
9331
9335
9336
9340
9347
9348
9349
9351
9353
9354
9355
9356
9357
9360
9361
9365
9372
9373
9374
9375
9376
9380
9388
9389
9390
9391
9392
9393
9394
9395
9396
9397
9398
9399
9400
9401
9403
9404
9405
9406
9407
9419
9421
9432
9433
9434
9436
9437
9438
9439
9449
9450
9453
9454
9456
9457
9461
9471
9473
9476
9479
9480
9481
9483
9485
9494
9495
9496
9497
9498
9500
9501
9503
9504
9538
9539
9545
9551
9552
9562
9564
9569
9575
9578
9579
9580
9586
9587
9590
9593
9594
9595
9598
9601
9606
9607
9608
9609
9644
9654
9657
9660
9663
9664
9667
9668
9673
9677
9682
9683
9688
9694
9696
9700
9705
9706
9707
9709
9711
9712
9713
9716
9717
9719
9720
9721
9722
9723
9724
9725
9726
9729
9733
9738
9741
9742
9743
9744
9745
9746
9747
9749
9753
9754
9755
9756
9763
9765
9766
9775
9776
9780
9787
9788
9789
9790
9791
9798
9800
9801
9805
9806
9809
9810
9811
9812
9815
9816
9817
9818
9819
9820
9821
9822
9823
9826
9827
9829
9830
9831
9832
9833
9840
9841
9846
9850
9856
9857
9859
9860
9868
9871
9872
9876
9877
9878
9881
9882
9883
9884
9885
9886
9887
9889
9892
9893
9894
9895
9896
9898
9902
9903
9906
9911
9912
9914
9915
9916
9917
9918
9919
9920
9921
9923
9925
9927
9928
9930
9931
9932
9935
9936
9938
9939
9940
9941
9943
9944
9945
9946
9947
9948
9949
9950
9951
9952
9957
9960
9961
9963
9964
9965
9968
9969
9970
9972
9973
9974
9975
9976
9977
9978
9980
9983
9984
9985
9987
9988
9989
9991
9993
9995
9996
9997
10000
10001
10003
10004
10008
10009
10010
10011
10013
10015
10018
10022
10023
10024
10025
10026
10027
10029
10032
10033
10036
10037
10038
10039
10041
10048
10050
10051
10052
10059
10062
10064
10065
10071
10072
10073
10074
10076
10078
10079
10080
10086
10087
10088
10089
10091
10097
10103
10110
10111
10112
10114
10115
10122
10123
10145
10146
10155
10156
10157
10158
10172
10174
10175
10176
10177
10178
10188
10189
10190
10192
10197
10202
10203
10209
10222
10223
10225
10226
10227
10228
10229
10230
10236
10237
10238
10241
10242
10244
10245
10247
10253
10254
10255
10256
10258
10263
10265
10269
10270
10273
10277
10278
10280
10282
10283
10284
10285
10287
10301
10302
10303
10308
10312
10313
10315
10316
10318
10319
10320
10323
10324
10325
10326
10327
10328
10329
10330
10334
10337
10338
10339
10340
10341
10342
10343
10344
10345
10346
10349
10350
10351
10352
10353
10355
10357
10358
10359
10360
10362
10363
10364
10365
10367
10368
10369
10370
10371
10372
10373
10374
10375
10376
10378
10379
10381
10389
10390
10391
10394
10396
10400
10402
10405
10406
10409
10411
10413
10414
10418
10419
10421
10422
10423
10424
10429
10434
10435
10436
10442
10444
10447
10449
10450
10451
10454
10455
10456
10460
10461
10465
10466
10467
10470
10475
10476
10477
10478
10479
10480
10481
10485
10486
10492
10493
10494
10496
10502
10510
10511
10513
10514
10516
10519
10523
10524
10527
10528
10529
10530
10533
10540
10542
10543
10544
10545
10546
10547
10548
10549
10551
10552
10553
10558
10560
10561
10562
10568
10569
10570
10571
10572
10573
10574
10581
10582
10583
10586
10595
10596
10601
10602
10604
10605
10608
10609
10614
10615
10618
10623
10625
10626
10629
10630
10639
10640
10641
10642
10644
10645
10646
10648
10649
10650
10652
10653
10655
10656
10657
10660
10661
10662
10663
10664
10669
10670
10671
10672
10673
10675
10677
10678
10681
10682
10685
10686
10688
10689
10690
10691
10692
10693
10694
10695
10696
10697
10698
10703
10705
10706
10707
10708
10709
10710
10711
10712
10715
10716
10718
10719
10720
10721
10722
10723
10724
10725
10727
10728
10729
10731
10734
10735
10736
10737
10738
10739
10740
10741
10743
10744
10745
10749
10752
10753
10754
10755
10756
10757
10761
10763
10764
10765
10767
10768
10769
10770
10772
10773
10774
10775
10776
10777
10778
10780
10783
10784
10786
10787
10790
10795
10798
10799
10801
10802
10805
10813
10814
10815
10816
10819
10820
10822
10824
10827
10830
10831
10834
10839
10842
10845
10846
10853
10855
10856
10857
10858
10859
10860
10861
10862
10863
10864
10865
10866
10867
10868
10869
10870
10871
10872
10873
10874
10875
10876
10877
10878
10879
10880
10881
10882
10883
10884
10885
10886
10887
10892
10893
10895
10896
10899
10904
10905
10906
10907
10908
10909
10911
10912
10913
10914
10915
10916
10917
10918
10919
10920
10921
10922
10923
10924
10928
10931
10932
10933
10934
10938
10941
10942
10948
10949
10950
10951
10954
10955
10956
10957
10968
10972
10975
10978
10979
10980
10985
10987
10988
10989
10990
10991
10992
10994
10995
10996
10997
10998
10999
11000
11001
11002
11003
11004
11008
11011
11012
11018
11019
11020
11022
11023
11027
11029
11030
11031
11041
11042
11043
11044
11045
11046
11047
11048
11050
11051
11052
11055
11057
11058
11059
11060
11061
11062
11063
11064
11065
11067
11071
11074
11078
11080
11081
11082
11083
11090
11092
11093
11096
11097
11098
11099
11102
11103
11104
11105
11110
11111
11117
11118
11119
11120
11121
11122
11123
11134
11135
11136
11141
11142
11143
11144
11145
11155
11156
11171
11178
11179
11180
11181
11182
11183
11184
11185
11186
11187
11192
11196
11197
11198
11199
11200
11201
11202
11203
11204
11205
11206
11207
11208
11211
11213
11214
11215
11216
11219
11220
11221
11222
11224
11227
11228
11229
11233
11234
11235
11236
11237
11238
11239
11240
11241
11242
11243
11244
11245
11247
11248
11249
11252
11253
11254
11255
11256
11257
11258
11259
11262
11263
11264
11265
11266
11268
11269
11270
11271
11272
11273
11274
11275
11276
11277
11278
11279
11280
11281
11283
11284
11285
11286
11287
11288
11289
11290
11293
11294
11295
11296
11297
11298
11300
11301
11302
11306
11307
11311
11312
11314
11318
11319
11320
11321
11322
11324
11325
11327
11340
11341
11342
11343
11344
11345
11346
11347
11348
11349
11351
11352
11353
11354
11355
11357
11358
11359
11360
11361
11362
11363
11364
11365
11366
11367
11368
11369
11370
11371
11372
11373
11374
11375
11376
11377
11378
11379
11382
11383
11384
11385
11386
11388
11389
11390
11391
11392
11393
11394
11395
11396
11397
11398
11399
11400
11401
11402
11403
11404
11406
11407
11408
11409
11412
11413
11414
11415
11416
11417
11418
11420
11421
11422
11423
11424
11425
11426
11427
11428
11429
11430
11431
11432
11433
11434
11435
11436
11437
11438
11439
11440
11441
11442
11443
11444
11445
11446
11447
11448
11449
11451
11453
11454
11455
11456
11457
11458
11460
11462
11463
11464
11465
11466
11467
11468
11469
11470
11471
11472
11473
11474
11475
11476
11477
11478
11479
11480
11481
11482
11483
11484
11485
11486
11487
11489
11490
11491
11492
11493
11494
11496
11497
11498
11499
11500
11501
11502
11503
11504
11505
11506
11507
11508
11509
11510
11511
11512
11513
11514
11515
11516
11517
11518
11519
11520
11521
11522
11523
11524
11525
11526
11527
11528
11529
11530
11531
11532
11533
11534
11535
11536
11537
11538
11539
11540
11541
11542
11546
11548
11549
11550
11551
11553
11554
11556
11559
11561
11562
11565
11566
11567
11568
11569
11571
11572
11573
11575
11577
11578
11579
11580
11581
11582
11584
11585
11586
11587
11588
11589
11590
11591
11592
11593
11595
11597
11598
11599
11600
11601
11602
11603
11613
11614
11615
11616
11617
11618
11621
11622
11623
11625
11626
11627
11628
11629
11630
11631
11632
11633
11634
11635
11636
11637
11638
11640
11641
11642
11643
11644
11646
11647
11649
11650
11651
11652
11653
11654
11655
11656
11657
11658
11659
11660
11662
11663
11665
11667
11669
11670
11672
11674
11676
11677
11678
11683
11684
11685
11686
11687
11688
11689
11690
11691
11692
11693
11694
11695
11698
11699
11701
11702
11703
11704
11705
11706
11707
11708
11711
11712
11714
11716
11717
11718
11719
11720
11721
11722
11723
11724
11725
11726
11727
11728
11729
11730
11733
11737
11738
11739
11740
11741
11742
11743
11745
11747
11748
11750
11751
11753
11759
11760
11761
11764
11767
11776
11777
11779
11802
11804
11806
11807
11809
11810
11813
11814
11815
11816
11817
11818
11821
11822
11823
11825
11827
11833
11834
11835
11839
11840
11841
11842
11847
11849
11850
11854
11855
11856
11858
11860
11862
11863
11865
11866
11871
11872
11873
11874
11876
11880
11882
11886
11892
11893
11894
11902
11903
11909
11912
11913
11916
11917
11922
11926
11929
11930
11931
11932
11933
11934
11935
11936
11937
11938
11939
11940
11941
11942
11943
11944
11945
11946
11948
11950
11952
11954
11955
11956
11958
11959
11960
11961
11963
11968
11972
11973
11974
11981
11982
11983
11984
11985
11990
11991
11992
11994
12000
12006
12013
12014
12015
12018
12021
12022
12023
12024
12027
12028
12030
12032
12033
12034
12035
12037
12038
12041
12042
12043
12044
12045
12048
12049
12056
12059
12085
12122
12129
12134
12141
12142
12145
12152
12155
12156
12157
12164
12165
12166
12170
12171
12172
12174
12175
12176
12178
12179
12180
12181
12182
12185
12186
12187
12192
12193
12198
12199
12205
12210
12211
12212
12213
12214
12223
12224
12225
12226
12227
12229
12230
12232
12233
12234
12235
12236
12240
12241
12244
12245
12246
12256
12257
12258
12259
12260
12263
12266
12267
12272
12276
12278
12279
12280
12281
12282
12283
12284
12285
12286
12291
12292
12295
12296
12297
12299
12300
12301
12302
12303
12304
12305
12306
12307
12313
12316
12318
12323
12325
12326
12328
12329
12330
12331
12332
12333
12334
12335
12336
12337
12338
12339
12341
12342
12343
12345
12346
12347
12348
12351
12356
12360
12361
12362
12363
12364
12365
12366
12367
12368
12370
12371
12373
12374
12377
12382
12383
12385
12386
12387
12389
12394
12396
12399
12402
12405
12406
12408
12409
12410
12413
12414
12415
12416
12417
12418
12419
12421
12422
12423
12425
12426
12427
12434
12437
12438
12439
12440
12441
12442
12444
12447
12453
12454
12455
12462
12465
12466
12467
12468
12478
12479
12480
12484
12485
12492
12493
12494
12499
12500
12501
12505
12508
12509
12510
12515
12517
12518
12519
12541
12543
12544
12547
12548
12549
12551
12552
12554
12555
12556
12559
12560
12561
12562
12563
12564
12565
12566
12568
12571
12573
12575
12579
12580
12581
12582
12586
12593
12594
12595
12596
12597
12601
12602
12605
12606
12607
12608
12609
12618
12619
12620
12621
12624
12629
12630
12631
12632
12633
12634
12635
12636
12637
12640
12641
12642
12646
12647
12649
12650
12655
12660
12662
12664
12665
12667
12668
12670
12671
12678
12679
12680
12683
12684
12685
12686
12687
12689
12690
12691
12692
12703
12705
12708
12715
12718
12720
12721
12723
12724
12726
12727
12728
12729
12730
12731
12732
12734
12735
12736
12737
12740
12741
12742
12743
12750
12755
12756
12759
12760
12761
12764
12765
12766
12767
12768
12769
12770
12771
12772
12773
12774
12775
12779
12780
12781
12782
12783
12785
12786
12787
12789
12790
12791
12794
12795
12796
12797
12798
12805
12806
12807
12808
12809
12810
12811
12812
12814
12815
12816
12817
12818
12819
12820
12821
12822
12823
12824
12825
12828
12830
12831
12832
12834
12842
12843
12844
12845
12846
12847
12848
12849
12850
12851
12852
12854
12855
12856
12857
12858
12859
12860
12861
12864
12865
12867
12869
12870
12872
12873
12874
12875
12881
12882
12883
12884
12885
12886
12887
12888
12890
12891
12892
12893
12894
12895
12896
12897
12898
12899
12901
12902
12903
12905
12906
12907
12908
12910
12911
12912
12914
12916
12917
12918
12919
12920
12921
12922
12923
12924
12925
12926
12927
12928
12930
12931
12932
12933
12934
12935
12936
12938
12940
12941
12946
12947
12948
12951
12952
12953
12954
12955
12957
12958
12962
12963
12965
12966
12967
12968
12969
12970
12971
12972
12973
12974
12975
12976
12977
12979
12980
12981
12982
12983
12984
12985
12986
12987
12988
12989
12990
12991
12992
12993
12994
12995
12996
12999
13000
13001
13002
13003
13004
13005
13007
13008
13009
13010
13011
13012
13013
13014
13015
13016
13017
13020
13021
13022
13023
13028
13034
13035
13036
13037
13038
13039
13040
13041
13042
13045
13046
13047
13048
13049
13051
13052
13055
13056
13057
13058
13059
13060
13061
13063
13064
13065
13066
13067
13068
13069
13071
13072
13073
13074
13075
13076
13078
13079
13080
13081
13082
13084
13085
13086
13087
13088
13089
13090
13091
13092
13093
13094
13095
13096
13097
13100
13101
13103
13104
13105
13107
13108
13109
13110
13111
13112
13113
13114
13115
13118
13119
13120
13121
13122
13123
13124
13126
13127
13128
13129
13130
13131
13132
13133
13134
13135
13136
13137
13138
13139
13140
13141
13142
13143
13144
13145
13146
13147
13148
13149
13150
13151
13152
13153
13154
13155
13156
13157
13158
13159
13160
13161
13162
13163
13164
13165
13166
13167
13168
13169
13170
13172
13173
13174
13175
13178
13179
13180
13181
13183
13187
13188
13189
13190
13191
13192
13193
13194
13195
13196
13197
13198
13199
13200
13204
13205
13206
13207
13208
13209
13210
13212
13213
13214
13215
13216
13217
13218
13219
13221
13222
13224
13225
13226
13227
13228
13229
13232
13233
13234
13235
13237
13238
13239
13240
13242
13243
13244
13245
13247
13248
13249
13250
13251
13255
13257
13258
13259
13260
13261
13264
13265
13267
13269
13275
13279
13283
13284
13288
13289
13290
13293
13296
13297
13298
13299
13300
13301
13303
13308
13309
13310
13311
13316
13317
13324
13327
13345
13348
13349
13350
13351
13353
13354
13355
13356
13357
13358
13360
13362
13363
13364
13365
13366
13367
13368
13369
13370
13371
13372
13375
13376
13380
13383
13384
13385
13386
13387
13392
13402
13403
13404
13405
13411
13416
13417
13418
13422
13423
13427
13428
13430
13431
13432
13433
13434
13435
13436
13437
13438
13440
13441
13443
13444
13445
13446
13447
13448
13449
13450
13451
13452
13453
13455
13458
13459
13461
13462
13463
13467
13468
13469
13470
13471
13472
13473
13480
13481
13482
13485
13490
13491
13492
13493
13494
13495
13496
13497
13498
13499
13500
13501
13502
13503
13504
13505
13506
13507
13508
13509
13511
13512
13513
13514
13517
13518
13519
13520
13521
13522
13523
13524
13525
13526
13527
13528
13530
13531
13532
13533
13534
13535
13536
13537
13538
13541
13542
13543
13544
13545
13546
13547
13548
13550
13551
13554
13555
13556
13557
13558
13559
13564
13565
13566
13567
13568
13569
13570
13571
13573
13574
13576
13577
13578
13581
13582
13583
13584
13585
13586
13587
13588
13589
13590
13591
13592
13593
13594
13595
13596
13597
13598
13599
13601
13602
13604
13606
13607
13609
13610
13611
13612
13615
13616
13617
13618
13619
13621
13623
13624
13627
13629
13630
13634
13635
13645
13646
13647
13648
13651
13654
13655
13658
13673
13679
13680
13682
13713
13719
13720
13726
13735
13736
13747
13748
13753
13754
13762
13764
13767
13768
13771
13776
13779
13781
13782
13786
13787
13789
13803
13804
13805
13806
13809
13810
13812
13813
13814
13815
13819
13821
13823
13826
13827
13831
13832
13834
13835
13849
13855
13857
13858
13859
13860
13869
13883
13884
13885
13886
13887
13888
13889
13895
13896
13897
13906
13907
13919
13920
13934
13949
13951
13952
13974
13978
13979
13980
13981
13982
13987
13988
13994
13997
13998
14001
14002
14003
14004
14009
14014
14017
14018
14021
14033
14034
14035
14047
14054
14057
14060
14068
14069
14070
14072
14074
14076
14077
14079
14081
14082
14093
14095
14096
14112
14113
14114
14119
14120
14121
14122
14124
14125
14127
14129
14130
14131
14132
14133
14134
14135
14136
14139
14141
14148
14149
14162
14163
14164
14176
14177
14178
14182
14183
14186
14188
14189
14199
14227
14228
14229
14234
14236
14237
14238
14244
14245
14251
14254
14256
14257
14258
14262
14273
14276
14279
14283
14286
14292
14296
14297
14298
14299
14300
14303
14308
14309
14310
14311
14312
14316
14322
14325
14327
14328
14334
14335
14336
14337
14338
14340
14341
14342
14344
14345
14346
14347
14348
14349
14352
14353
14354
14355
14357
14359
14360
14361
14362
14363
14364
14365
14366
14367
14368
14369
14370
14371
14374
14378
14379
14380
14381
14382
14384
14385
14386
14387
14388
14390
14391
14392
14394
14395
14396
14397
14399
14400
14402
14404
14405
14406
14409
14410
14411
14413
14419
14421
14422
14423
14424
14425
14426
14427
14430
14431
14432
14434
14437
14438
14439
14442
14443
14444
14445
14446
14447
14448
14449
14450
14451
14452
14453
14455
14456
14460
14461
14462
14463
14465
14466
14467
14468
14469
14470
14472
14473
14475
14476
14477
14479
14481
14482
14483
14485
14486
14487
14488
14491
14492
14493
14494
14497
14498
14499
14500
14501
14504
14505
14509
14510
14512
14513
14514
14517
14521
14524
14525
14527
14528
14529
14530
14531
14533
14534
14535
14536
14537
14539
14540
14541
14549
14557
14561
14562
14569
14570
14571
14573
14576
14579
14580
14581
14582
14583
14586
14591
14593
14596
14599
14600
14601
14604
14605
14610
14614
14615
14617
14625
14631
14632
14638
14639
14650
14651
14659
14664
14684
14687
14702
14714
14716
14719
14726
14733
14736
14742
14744
14754
14755
14758
14762
14764
14765
14766
14767
14768
14769
14770
14771
14772
14773
14774
14775
14776
14782
14787
14789
14790
14793
14794
14801
14802
14812
14813
14814
14815
14816
14818
14819
14820
14822
14824
14825
14831
14836
14837
14838
14839
14840
14841
14843
14845
14850
14852
14853
14854
14855
14856
14857
14858
14859
14860
14861
14863
14864
14875
14876
14879
14881
14886
14889
14890
14896
14897
14898
14899
14900
14912
14915
14916
14917
14919
14926
14927
14928
14931
14933
14935
14939
14944
14947
14948
14954
14955
14956
14957
14958
14961
14962
14968
14969
14975
14977
14978
14979
14980
14981
14982
14983
14984
14987
14988
14989
14990
14991
14992
14999
15005
15006
15009
15010
15018
15020
15021
15023
15029
15034
15035
15036
15037
15038
15039
15040
15041
15042
15043
15044
15046
15047
15048
15049
15050
15051
15055
15059
15062
15063
15068
15072
15073
15074
15080
15082
15103
15104
15107
15108
15111
15112
15113
15114
15115
15116
15118
15119
15120
15121
15122
15123
15124
15125
15126
15131
15132
15136
15137
15138
15141
15142
15143
15144
15145
15146
15148
15150
15151
15153
15154
15155
15157
15165
15166
15171
15172
15173
15182
15183
15185
15186
15188
15192
15193
15194
15195
15197
15198
15199
15204
15205
15206
15207
15212
15213
15214
15215
15220
15222
15224
15225
15228
15229
15230
15232
15234
15235
15238
15239
15245
15246
15249
15250
15251
15252
15253
15254
15255
15256
15258
15261
15262
15264
15265
15266
15268
15269
15270
15271
15274
15275
15276
15284
15285
15287
15289
15290
15292
15293
15294
15295
15298
15299
15301
15302
15303
15304
15305
15306
15307
15311
15315
15321
15324
15325
15333
15341
15342
15343
15344
15345
15350
15351
15352
15353
15355
15356
15360
15361
15363
15366
15369
15372
15373
15374
15375
15376
15377
15378
15379
15380
15381
15383
15387
15389
15392
15393
15395
15396
15397
15400
15401
15404
15405
15406
15407
15408
15412
15417
15424
15427
15434
15435
15445
15446
15448
15449
15450
15451
15452
15453
15461
15464
15465
15466
15471
15472
15474
15476
15477
15479
15484
15488
15489
15490
15497
15498
15499
15502
15504
15507
15508
15509
15510
15513
15514
15515
15516
15517
15518
15519
15520
15521
15522
15527
15528
15529
15530
15531
15532
15540
15544
15545
15546
15549
15550
15558
15560
15561
15566
15567
15583
15592
15593
15594
15598
15601
15604
15608
15611
15613
15616
15619
15621
15622
15623
15624
15626
15627
15628
15629
15631
15632
15634
15635
15637
15638
15639
15640
15641
15642
15643
15644
15645
15646
15649
15652
15656
15657
15658
15663
15668
15669
15670
15675
15676
15679
15680
15681
15682
15684
15685
15686
15687
15688
15689
15690
15692
15693
15702
15709
15711
15712
15719
15720
15721
15722
15727
15728
15735
15736
15737
15740
15741
15742
15743
15744
15745
15755
15756
15758
15762
15763
15764
15765
15766
15767
15768
15769
15770
15771
15772
15773
15774
15775
15776
15777
15778
15779
15780
15782
15784
15785
15788
15791
15792
15793
15794
15795
15796
15797
15798
15799
15800
15805
15808
15809
15810
15811
15812
15813
15814
15815
15816
15819
15820
15821
15822
15824
15825
15826
15827
15828
15831
15832
15833
15835
15836
15837
15838
15840
15841
15842
15843
15844
15845
15850
15856
15857
15858
15859
15860
15865
15866
15867
15869
15870
15873
15875
15878
15879
15880
15881
15882
15886
15887
15888
15892
15893
15895
15896
15897
15902
15904
15905
15906
15907
15909
15912
15913
15914
15917
15922
15924
15926
15929
15930
15931
15932
15935
15938
15941
15944
15951
15955
15956
15961
15962
15963
15964
15970
15975
15976
15977
15981
15982
15983
15986
15987
15989
15990
15992
15994
15996
15997
16010
16011
16013
16016
16017
16024
16025
16032
16033
16034
16035
16044
16046
16047
16050
16060
16061
16065
16075
16079
16080
16082
16085
16086
16087
16101
16104
16105
16106
16108
16110
16113
16116
16119
16120
16123
16125
16127
16138
16139
16140
16144
16169
16178
16179
16183
16184
16185
16186
16188
16189
16191
16194
16195
16198
16200
16207
16209
16211
16218
16225
16226
16227
16228
16229
16230
16233
16234
16235
16238
16240
16245
16246
16247
16251
16252
16253
16254
16255
16256
16261
16262
16263
16264
16265
16266
16269
16270
16271
16272
16273
16274
16275
16276
16277
16278
16281
16282
16283
16284
16285
16286
16287
16289
16290
16291
16292
16295
16296
16297
16299
16300
16301
16302
16303
16304
16306
16307
16308
16309
16310
16311
16312
16313
16315
16316
16317
16318
16319
16320
16321
16322
16323
16324
16325
16326
16327
16328
16329
16330
16331
16332
16333
16334
16335
16336
16338
16339
16340
16341
16342
16344
16345
16346
16347
16352
16353
16354
16355
16356
16359
16360
16361
16364
16365
16366
16373
16376
16378
16379
16382
16383
16384
16386
16387
16388
16389
16390
16391
16392
16393
16394
16395
16396
16397
16398
16399
16400
16401
16402
16403
16405
16407
16409
16416
16417
16420
16421
16422
16423
16428
16437
16440
16441
16442
16443
16444
16445
16447
16448
16455
16459
16460
16461
16462
16490
16491
16498
16499
16500
16501
16502
16503
16504
16505
16510
16519
16549
16555
16556
16557
16558
16562
16568
16570
16571
16572
16574
16575
16576
16577
16580
16586
16591
16592
16598
16599
16600
16601
16602
16607
16610
16632
16646
16648
16653
16654
16657
16663
16664
16667
16668
16670
16671
16676
16677
16678
16679
16682
16688
16689
16690
16691
16692
16693
16694
16695
16696
16699
16700
16702
16703
16705
16706
16708
16711
16712
16716
16717
16721
16722
16725
16726
16727
16729
16734
16735
16736
16742
16743
16744
16745
16746
16747
16748
16766
16767
16789
16791
16801
16805
16812
16829
16833
16834
16838
16840
16843
16844
16845
16848
16855
16860
16861
16872
16873
16882
16891
16893
16894
16896
16897
16898
16899
16901
16903
16911
16912
16913
16914
16915
16917
16918
16921
16922
16923
16930
16931
16932
16934
16935
16937
16943
16944
16945
16946
16951
16954
16956
16958
16962
16993
16995
16996
16999
17000
17004
17005
17006
17011
17012
17013
17017
17018
17019
17020
17021
17024
17025
17026
17034
17036
17037
17042
17046
17047
17048
17049
17050
17051
17052
17053
17054
17055
17060
17065
17072
17073
17075
17076
17077
17078
17080
17081
17082
17083
17084
17086
17087
17088
17090
17091
17092
17093
17094
17095
17096
17097
17098
17099
17101
17102
17103
17104
17105
17106
17107
17108
17109
17110
17111
17112
17113
17114
17115
17117
17118
17119
17121
17122
17123
17124
17125
17126
17128
17129
17130
17131
17132
17133
17134
17135
17136
17137
17138
17139
17140
17141
17142
17143
17144
17145
17146
17147
17148
17149
17150
17151
17153
17154
17155
17156
17157
17158
17159
17160
17161
17162
17163
17164
17166
17167
17168
17169
17170
17171
17172
17174
17175
17176
17177
17178
17180
17183
17197
17213
17216
17218
17222
17228
17231
17238
17239
17240
17241
17255
17267
17269
17272
17273
17274
17276
17277
17278
17279
17280
17283
17284
17285
17286
17288
17289
17291
17292
17293
17295
17296
17297
17300
17301
17302
17303
17304
17305
17309
17311
17312
17313
17318
17319
17330
17331
17333
17336
17339
17340
17341
17345
17349
17353
17354
17358
17386
17392
17393
17397
17405
17412
17413
17415
17421
17422
17433
17437
17438
17439
17441
17448
17453
17464
17465
17466
17484
17485
17486
17489
17491
17492
17499
17500
17504
17508
17509
17519
17525
17526
17527
17531
17532
17534
17535
17538
17539
17540
17542
17543
17546
17549
17550
17551
17554
17555
17556
17557
17560
17561
17562
17563
17567
17568
17569
17570
17572
17573
17574
17576
17577
17578
17579
17580
17581
17582
17583
17585
17586
17587
17588
17589
17590
17594
17595
17597
17598
17602
17603
17605
17606
17607
17608
17609
17611
17612
17614
17615
17616
17617
17618
17619
17620
17621
17622
17623
17624
17628
17630
17631
17632
17633
17636
17637
17638
17639
17640
17642
17646
17647
17648
17649
17651
17652
17653
17654
17656
17662
17663
17664
17665
17666
17667
17668
17669
17670
17671
17672
17673
17674
17675
17676
17677
17678
17679
17680
17681
17687
17688
17691
17692
17693
17694
17695
17696
17706
17708
17709
17710
17711
17712
17713
17716
17717
17719
17720
17721
17724
17727
17730
17731
17733
17735
17736
17737
17740
17741
17742
17745
17746
17747
17750
17751
17753
17754
17757
17758
17762
17765
17769
17772
17773
17774
17775
17776
17777
17778
17779
17780
17781
17782
17783
17787
17788
17790
17792
17793
17795
17798
17800
17801
17802
17804
17805
17806
17810
17811
17812
17813
17814
17815
17816
17817
17819
17820
17821
17822
17823
17824
17825
17826
17827
17831
17834
17835
17837
17838
17839
17840
17841
17843
17844
17845
17846
17847
17848
17849
17850
17854
17855
17857
17858
17859
17864
17866
17867
17868
17869
17871
17872
17873
17875
17878
17879
17881
17882
17883
17884
17885
17886
17899
17902
17905
17906
17908
17909
17910
17911
17912
17913
17917
17919
17923
17924
17925
17929
17930
17931
17932
17933
17934
17936
17937
17938
17940
17941
17944
17947
17948
17949
17951
17952
17953
17955
17956
17957
17958
17959
17960
17961
17962
17963
17964
17965
17966
17967
17968
17969
17970
17971
17972
17973
17974
17977
17978
17979
17980
17981
17982
17983
17984
17985
17986
17987
17988
17989
17990
17992
17994
17998
17999
18000
18001
18004
18009
18010
18011
18013
18017
18018
18019
18020
18021
18022
18023
18024
18027
18028
18029
18031
18032
18033
18034
18035
18036
18037
18038
18040
18042
18043
18044
18045
18046
18047
18048
18050
18051
18052
18053
18054
18055
18056
18057
18058
18063
18066
18067
18072
18073
18075
18078
18079
18080
18081
18082
18083
18087
18088
18089
18092
18093
18094
18096
18099
18100
18101
18102
18103
18104
18105
18106
18107
18108
18109
18110
18111
18112
18113
18114
18115
18116
18119
18120
18121
18122
18123
18124
18125
18126
18127
18128
18129
18130
18132
18133
18134
18135
18136
18137
18142
18143
18145
18147
18150
18153
18156
18157
18158
18160
18161
18167
18169
18171
18172
18177
18179
18180
18181
18182
18183
18184
18185
18186
18187
18189
18190
18191
18192
18193
18200
18201
18202
18203
18206
18207
18208
18209
18210
18221
18223
18224
18226
18228
18231
18232
18233
18238
18239
18240
18242
18243
18248
18249
18250
18254
18255
18277
18278
18298
18299
18300
18301
18302
18308
18316
18322
18330
18331
18332
18335
18339
18340
18342
18344
18345
18348
18353
18358
18359
18360
18361
18362
18365
18366
18367
18370
18371
18373
18374
18375
18376
18378
18379
18380
18382
18383
18384
18385
18386
18387
18390
18391
18392
18393
18394
18395
18396
18401
18406
18407
18411
18412
18413
18414
18415
18416
18417
18418
18419
18420
18428
18431
18432
18433
18434
18435
18436
18437
18439
18440
18442
18445
18448
18449
18452
18453
18461
18462
18466
18467
18469
18470
18471
18472
18473
18475
18476
18477
18478
18479
18480
18482
18483
18484
18486
18488
18489
18490
18491
18492
18493
18494
18495
18497
18498
18499
18500
18503
18504
18505
18507
18508
18509
18511
18512
18513
18514
18515
18516
18520
18521
18522
18525
18526
18527
18530
18534
18538
18539
18540
18541
18543
18550
18558
18559
18560
18569
18573
18574
18576
18581
18583
18586
18593
18599
18603
18604
18605
18612
18615
18616
18618
18619
18623
18624
18625
18626
18627
18628
18629
18630
18631
18632
18637
18640
18641
18642
18644
18647
18651
18657
18658
18661
18662
18663
18668
18669
18670
18671
18672
18673
18677
18679
18680
18682
18683
18684
18685
18686
18688
18689
18690
18691
18694
18695
18697
18701
18702
18703
18705
18707
18711
18714
18718
18719
18730
18731
18736
18737
18745
18757
18758
18759
18762
18765
18768
18769
18772
18773
18775
18777
18778
18780
18781
18784
18787
18788
18795
18800
18801
18820
18821
18822
18823
18824
18825
18829
18832
18837
18838
18839
18840
18841
18842
18843
18844
18845
18846
18847
18848
18850
18851
18852
18857
18859
18867
18868
18869
18870
18873
18874
18875
18876
18878
18880
18882
18883
18884
18885
18886
18887
18888
18890
18896
18900
18904
18908
18909
18910
18911
18912
18914
18915
18916
18917
18918
18919
18920
18923
18924
18925
18928
18929
18931
18932
18933
18934
18935
18936
18938
18939
18940
18941
18942
18943
18944
18945
18946
18947
18948
18949
18950
18951
18952
18955
18958
18959
18965
18966
18969
18970
18971
18972
18973
18974
18975
18976
18977
18979
18980
18981
18982
18983
18987
18992
18993
18999
19001
19002
19003
19004
19005
19006
19007
19008
19009
19010
19011
19013
19015
19016
19017
19018
19019
19020
19021
19022
19023
19024
19029
19030
19031
19032
19033
19037
19038
19039
19040
19041
19042
19043
19044
19045
19046
19047
19048
19049
19050
19051
19053
19054
19055
19058
19059
19060
19063
19065
19066
19067
19068
19069
19070
19071
19072
19073
19074
19075
19076
19077
19078
19079
19080
19081
19083
19084
19085
19086
19087
19088
19089
19090
19091
19092
19097
19098
19099
19100
19103
19106
19107
19108
19109
19110
19112
19113
19114
19115
19116
19117
19118
19119
19120
19121
19122
19126
19128
19129
19130
19131
19133
19134
19135
19136
19137
19138
19139
19142
19143
19144
19145
19146
19147
19152
19153
19156
19158
19159
19160
19162
19163
19165
19166
19167
19168
19169
19172
19173
19176
19177
19180
19181
19182
19183
19184
19186
19187
19188
19189
19190
19191
19192
19193
19196
19197
19200
19201
19204
19206
19207
19209
19210
19211
19215
19216
19219
19220
19223
19224
19225
19227
19229
19231
19232
19233
19235
19236
19237
19238
19239
19240
19241
19244
19245
19246
19247
19248
19249
19250
19251
19252
19253
19254
19255
19256
19257
19258
19260
19261
19266
19268
19269
19270
19271
19273
19274
19275
19276
19277
19279
19280
19281
19282
19283
19284
19285
19286
19287
19288
19289
19290
19291
19296
19299
19302
19304
19305
19306
19307
19308
19312
19314
19315
19318
19319
19320
19321
19322
19323
19326
19328
19329
19330
19331
19332
19333
19334
19335
19336
19337
19342
19343
19344
19347
19348
19351
19353
19354
19355
19357
19358
19359
19361
19362
19363
19364
19365
19366
19367
19368
19371
19372
19373
19374
19376
19380
19381
19401
19403
19414
19418
19419
19421
19422
19424
19428
19432
19434
19435
19438
19439
19440
19441
19442
19443
19446
19448
19449
19451
19452
19457
19461
19464
19465
19470
19492
19501
19502
19503
19504
19506
19507
19510
19511
19512
19518
19520
19521
19522
19525
19526
19527
19532
19535
19536
19543
19544
19547
19549
19551
19553
19556
19559
19560
19563
19564
19565
19569
19570
19571
19572
19575
19576
19577
19578
19582
19584
19585
19590
19596
19597
19598
19599
19600
19603
19604
19608
19612
19613
19629
19632
19639
19649
19650
19662
19670
19673
19674
19678
19681
19686
19703
19704
19705
19706
19708
19709
19712
19714
19716
19718
19720
19722
19726
19727
19729
19732
19733
19735
19736
19737
19739
19741
19742
19744
19745
19746
19747
19748
19749
19750
19751
19752
19754
19755
19756
19757
19758
19759
19760
19761
19763
19765
19769
19770
19771
19772
19773
19774
19776
19777
19778
19782
19783
19784
19785
19788
19789
19790
19792
19795
19796
19797
19798
19802
19803
19804
19807
19808
19809
19810
19811
19816
19817
19819
19820
19821
19822
19823
19824
19825
19826
19828
19831
19832
19833
19834
19835
19836
19837
19839
19840
19841
19842
19843
19845
19846
19847
19848
19849
19850
19852
19853
19854
19855
19856
19857
19859
19861
19862
19863
19864
19865
19866
19867
19869
19872
19873
19875
19876
19877
19879
19883
19884
19885
19886
19888
19889
19890
19892
19893
19894
19895
19901
19906
19909
19920
19927
19933
19942
19943
19946
19947
19949
19955
19957
19958
19962
19963
19964
19967
19970
19971
19976
19977
19978
19979
19980
19981
19982
19985
19991
19995
19998
19999
20000
20002
20004
20005
20006
20011
20014
20015
20023
20024
20025
20029
20034
20038
20039
20045
20048
20049
20059
20066
20069
20073
20075
20076
20081
20083
20084
20085
20090
20093
20127
20128
20142
20150
20158
20161
20163
20166
20167
20168
20170
20171
20173
20174
20175
20178
20179
20182
20183
20193
20200
20203
20205
20206
20207
20211
20212
20216
20217
20219
20220
20224
20225
20229
20230
20232
20234
20235
20236
20237
20238
20240
20242
20243
20244
20249
20251
20252
20253
20254
20268
20269
20270
20271
20272
20273
20274
20280
20281
20282
20284
20285
20286
20287
20291
20293
20308
20315
20330
20350
20351
20354
20360
20390
20393
20395
20400
20402
20404
20413
20416
20425
20429
20433
20436
20437
20438
20442
20444
20445
20446
20447
20449
20450
20451
20452
20453
20457
20459
20463
20464
20465
20466
20467
20469
20470
20473
20474
20475
20476
20478
20483
20484
20486
20495
20496
20497
20519
20520
20524
20530
20542
20543
20563
20566
20571
20572
20573
20574
20577
20581
20587
20588
20599
20602
20603
20604
20605
20606
20607
20608
20610
20617
20618
20619
20624
20626
20627
20629
20630
20631
20636
20638
20643
20646
20647
20648
20649
20650
20651
20656
20658
20659
20662
20663
20664
20665
20666
20668
20669
20671
20673
20674
20675
20676
20677
20678
20679
20680
20681
20682
20683
20686
20689
20690
20691
20692
20693
20694
20698
20700
20701
20702
20703
20705
20707
20708
20709
20710
20711
20712
20713
20716
20720
20722
20723
20724
20725
20727
20729
20730
20731
20732
20733
20734
20735
20736
20737
20739
20740
20741
20742
20744
20745
20746
20747
20748
20749
20750
20751
20752
20753
20754
20755
20758
20762
20764
20765
20766
20767
20768
20775
20776
20788
20789
20793
20796
20797
20798
20799
20816
20818
20819
20820
20822
20824
20827
20828
20829
20830
20835
20836
20837
20842
20843
20844
20845
20846
20847
20848
20852
20853
20855
20858
20859
20860
20861
20869
20870
20871
20875
20884
20886
20887
20888
20889
20890
20893
20898
20902
20903
20904
20909
20914
20915
20918
20919
20928
20929
20937
20938
20939
20941
20942
20943
20949
20951
20954
20955
20956
20957
20958
20959
20960
20961
20962
20963
20964
20966
20972
20982
20988
20989
20990
20992
20995
20996
20997
20998
20999
21000
21001
21002
21004
21005
21006
21007
21008
21009
21013
21015
21016
21017
21018
21019
21020
21022
21024
21025
21026
21027
21029
21031
21033
21034
21035
21036
21037
21038
21039
21040
21047
21049
21051
21052
21053
21054
21058
21063
21064
21069
21070
21073
21074
21075
21076
21080
21081
21086
21087
21089
21090
21091
21092
21103
21118
21121
21122
21129
21134
21136
21137
21138
21141
21142
21146
21150
21151
21153
21154
21155
21156
21159
21160
21161
21162
21163
21164
21165
21166
21173
21174
21177
21182
21188
21189
21190
21198
21199
21202
21204
21206
21208
21211
21212
21214
21215
21216
21225
21226
21227
21229
21239
21245
21246
21247
21248
21251
21252
21276
21277
21283
21296
21302
21305
21306
21307
21316
21317
21319
21320
21321
21326
21329
21330
21333
21334
21345
21346
21347
21348
21349
21350
21351
21354
21359
21362
21363
21366
21368
21370
21371
21381
21382
21383
21384
21385
21386
21387
21388
21393
21395
21397
21398
21399
21401
21402
21403
21404
21406
21407
21408
21409
21410
21413
21414
21415
21416
21418
21420
21421
21422
21423
21426
21427
21428
21429
21430
21431
21434
21435
21436
21437
21438
21439
21447
21448
21449
21455
21459
21462
21469
21480
21511
21514
21517
21518
21519
21522
21525
21526
21527
21531
21532
21533
21534
21535
21539
21544
21545
21546
21549
21556
21557
21558
21562
21566
21567
21568
21569
21570
21571
21572
21580
21581
21584
21585
21586
21587
21588
21589
21591
21592
21593
21594
21595
21596
21597
21599
21600
21601
21608
21609
21610
21612
21615
21616
21619
21621
21623
21624
21626
21628
21629
21631
21632
21633
21634
21637
21638
21639
21640
21641
21642
21643
21644
21645
21646
21648
21649
21650
21651
21652
21653
21654
21655
21656
21657
21660
21663
21664
21665
21666
21667
21669
21670
21671
21672
21673
21674
21676
21677
21678
21679
21680
21681
21682
21683
21684
21685
21687
21689
21690
21692
21693
21694
21695
21696
21697
21698
21699
21700
21701
21702
21703
21704
21705
21706
21707
21708
21709
21710
21711
21712
21713
21714
21715
21716
21717
21718
21720
21722
21724
21725
21726
21727
21729
21730
21731
21732
21735
21736
21737
21738
21740
21741
21742
21743
21744
21745
21747
21748
21749
21750
21752
21754
21755
21756
21757
21758
21759
21760
21761
21764
21765
21766
21767
21768
21769
21770
21771
21772
21773
21774
21775
21776
21777
21778
21779
21780
21781
21783
21784
21785
21786
21787
21788
21789
21790
21791
21792
21793
21794
21795
21796
21797
21798
21799
21800
21801
21802
21803
21805
21808
21809
21810
21811
21812
21813
21814
21815
21816
21818
21819
21820
21822
21823
21824
21827
21828
21830
21831
21832
21833
21834
21835
21837
21838
21841
21842
21843
21844
21845
21846
21847
21849
21852
21853
21854
21855
21856
21857
21858
21859
21860
21861
21862
21863
21864
21865
21866
21867
21868
21869
21870
21871
21872
21873
21874
21875
21878
21880
21881
21883
21884
21886
21888
21890
21892
21896
21899
21903
21904
21905
21906
21908
21914
21915
21916
21917
21918
21919
21920
21921
21922
21923
21924
21925
21926
21928
21929
21930
21931
21932
21934
21935
21938
21939
21940
21941
21942
21943
21944
21945
21946
21947
21948
21949
21950
21951
21952
21953
21954
21955
21959
21960
21962
21963
21964
21966
21969
21970
21972
21973
21974
21975
21976
21978
21979
21981
21982
21983
21984
21985
21986
21987
21990
21991
21992
21993
21998
22000
22001
22002
22003
22005
22008
22009
22012
22013
22014
22015
22016
22019
22020
22022
22023
22024
22025
22026
22027
22028
22029
22030
22031
22032
22033
22034
22035
22036
22037
22038
22039
22040
22043
22044
22046
22055
22056
22058
22059
22060
22061
22063
22064
22065
22069
22070
22071
22072
22075
22076
22077
22079
22085
22086
22087
22089
22090
22094
22095
22097
22098
22100
22101
22102
22103
22104
22105
22106
22108
22110
22111
22113
22114
22117
22118
22119
22123
22125
22126
22129
22130
22131
22132
22135
22138
22139
22141
22142
22143
22147
22148
22150
22152
22153
22157
22158
22161
22163
22166
22167
22168
22169
22170
22171
22172
22173
22174
22175
22178
22179
22182
22184
22185
22187
22188
22189
22190
22193
22196
22198
22199
22200
22201
22202
22205
22214
22216
22221
22226
22231
22232
22233
22234
22236
22237
22238
22239
22240
22241
22247
22248
22249
22251
22252
22253
22260
22261
22263
22264
22265
22266
22268
22277
22278
22284
22290
22294
22298
22301
22302
22303
22304
22306
22307
22308
22315
22321
22322
22323
22330
22332
22334
22336
22340
22341
22342
22369
22374
22376
22381
22382
22384
22387
22392
22393
22396
22399
22402
22403
22408
22412
22413
22420
22433
22434
22439
22441
22442
22443
22444
22456
22459
22465
22466
22470
22471
22479
22480
22481
22482
22488
22489
22490
22491
22492
22493
22495
22498
22501
22503
22504
22505
22510
22511
22522
22528
22530
22533
22534
22535
22537
22538
22539
22540
22549
22550
22553
22554
22562
22563
22564
22568
22570
22571
22572
22573
22574
22576
22578
22581
22582
22583
22584
22592
22597
22599
22600
22601
22603
22614
22615
22616
22617
22619
22620
22621
22623
22624
22625
22626
22627
22630
22631
22632
22633
22634
22635
22639
22640
22641
22642
22643
22644
22646
22647
22648
22654
22656
22659
22660
22663
22664
22665
22666
22669
22670
22672
22673
22674
22675
22677
22678
22679
22682
22688
22689
22691
22692
22693
22694
22695
22696
22697
22701
22702
22703
22704
22705
22706
22707
22708
22711
22712
22714
22715
22716
22717
22724
22728
22729
22732
22733
22736
22737
22739
22744
22748
22750
22751
22752
22753
22754
22755
22756
22757
22759
22761
22762
22763
22765
22766
22767
22768
22769
22770
22771
22772
22773
22774
22775
22776
22778
22779
22780
22781
22782
22783
22784
22785
22786
22787
22788
22789
22790
22791
22792
22793
22794
22795
22796
22797
22798
22800
22801
22802
22803
22804
22807
22809
22810
22811
22814
22815
22816
22817
22819
22820
22822
22823
22824
22825
22827
22828
22829
22832
22834
22841
22847
22848
22849
22850
22851
22852
22854
22855
22856
22859
22861
22862
22863
22864
22865
22867
22868
22869
22870
22871
22872
22873
22874
22875
22876
22877
22878
22879
22880
22881
22882
22883
22884
22885
22886
22887
22888
22891
22894
22895
22897
22898
22900
22901
22902
22908
22909
22910
22911
22912
22913
22914
22915
22916
22917
22918
22919
22921
22922
22923
22925
22926
22927
22928
22929
22930
22931
22932
22934
22935
22936
22937
22939
22940
22941
22942
22943
22944
22945
22946
22947
22948
22949
22951
22952
22953
22954
22955
22956
22957
22959
22960
22963
22967
22968
22969
22970
22971
22972
22973
22974
22975
22977
22978
22979
22981
22984
22985
22988
22989
22990
22991
22992
22993
22995
22996
22997
22998
22999
23001
23002
23003
23007
23008
23011
23012
23013
23018
23019
23020
23021
23022
23023
23024
23026
23027
23029
23030
23031
23033
23035
23037
23038
23039
23042
23043
23044
23045
23046
23048
23049
23055
23056
23059
23060
23063
23067
23068
23070
23071
23072
23074
23075
23077
23078
23080
23081
23083
23085
23089
23091
23097
23102
23118
23119
23127
23128
23132
23136
23137
23148
23156
23159
23160
23161
23167
23169
23175
23183
23184
23186
23189
23190
23191
23193
23195
23196
23197
23198
23201
23204
23205
23208
23209
23211
23218
23239
23259
23260
23263
23266
23267
23276
23277
23278
23281
23286
23289
23290
23296
23297
23305
23306
23308
23309
23310
23311
23312
23314
23315
23317
23320
23321
23322
23323
23324
23325
23326
23327
23328
23329
23330
23331
23333
23334
23335
23340
23343
23344
23345
23346
23347
23348
23349
23350
23351
23353
23354
23355
23357
23358
23359
23360
23361
23362
23363
23364
23365
23366
23367
23368
23369
23370
23371
23372
23375
23376
23378
23379
23383
23384
23385
23386
23387
23388
23392
23393
23394
23395
23396
23397
23398
23399
23400
23401
23404
23406
23407
23409
23410
23411
23412
23413
23414
23415
23416
23417
23418
23419
23421
23422
23423
23424
23425
23427
23428
23429
23430
23431
23432
23434
23435
23436
23437
23440
23441
23442
23444
23447
23448
23450
23454
23456
23458
23459
23460
23463
23464
23465
23466
23467
23469
23471
23472
23473
23474
23475
23476
23477
23478
23479
23482
23483
23484
23485
23486
23489
23490
23491
23492
23493
23496
23497
23498
23499
23500
23505
23506
23507
23510
23520
23530
23534
23540
23543
23553
23556
23560
23562
23566
23569
23581
23582
23594
23610
23611
23612
23613
23620
23627
23633
23634
23636
23638
23639
23640
23641
23642
23643
23644
23645
23646
23647
23651
23655
23656
23658
23660
23662
23667
23668
23671
23672
23678
23684
23687
23688
23689
23691
23696
23706
23708
23712
23714
23718
23720
23724
23725
23727
23728
23729
23732
23734
23736
23737
23738
23739
23743
23751
23752
23753
23763
23764
23768
23769
23770
23775
23776
23778
23779
23783
23784
23789
23790
23809
23814
23831
23836
23837
23838
23840
23841
23842
23847
23848
23849
23850
23852
23853
23854
23855
23856
23857
23858
23860
23861
23862
23863
23864
23867
23870
23871
23875
23876
23884
23888
23891
23892
23893
23903
23906
23907
23926
23927
23930
23945
23950
23952
23963
23971
23975
23979
23989
23990
23991
23992
23993
23994
23995
24000
24001
24004
24005
24006
24007
24008
24009
24010
24012
24014
24015
24016
24019
24021
24026
24027
24041
24043
24049
24055
24065
24066
24067
24083
24091
24105
24117
24119
24124
24125
24127
24132
24133
24138
24139
24142
24143
24144
24150
24151
24156
24157
24158
24160
24162
24165
24166
24167
24171
24172
24173
24174
24181
24182
24183
24185
24187
24189
24190
24194
24195
24196
24197
24198
24200
24201
24206
24207
24213
24218
24219
24220
24221
24228
24230
24231
24232
24233
24239
24240
24241
24242
24243
24244
24245
24246
24248
24250
24252
24253
24259
24260
24262
24264
24269
24272
24298
24300
24303
24310
24312
24313
24314
24315
24320
24321
24333
24337
24338
24339
24340
24353
24354
24361
24362
24366
24378
24382
24386
24387
24392
24393
24395
24398
24399
24402
24403
24404
24409
24410
24413
24420
24421
24427
24429
24431
24434
24439
24441
24445
24456
24467
24468
24469
24482
24483
24488
24489
24490
24491
24494
24495
24496
24498
24500
24501
24503
24504
24505
24506
24507
24508
24509
24510
24517
24518
24524
24526
24536
24540
24542
24544
24545
24548
24549
24550
24551
24552
24553
24555
24556
24557
24558
24559
24560
24561
24562
24563
24564
24565
24566
24567
24568
24569
24570
24571
24574
24575
24576
24577
24578
24579
24581
24582
24583
24584
24585
24587
24588
24589
24590
24592
24593
24594
24595
24597
24599
24600
24601
24602
24604
24605
24606
24607
24608
24609
24610
24611
24612
24613
24614
24615
24616
24617
24619
24620
24621
24622
24623
24624
24625
24626
24627
24628
24629
24630
24631
24632
24634
24635
24636
24637
24638
24639
24640
24641
24643
24644
24645
24647
24648
24649
24650
24651
24652
24653
24654
24658
24659
24661
24662
24663
24664
24665
24666
24667
24670
24671
24672
24674
24676
24677
24678
24679
24680
24681
24683
24685
24687
24688
24689
24690
24691
24692
24694
24695
24696
24697
24698
24699
24700
24701
24702
24703
24706
24707
24712
24714
24716
24717
24718
24721
24723
24724
24725
24726
24727
24728
24729
24733
24735
24736
24737
24739
24740
24741
24742
24743
24745
24746
24747
24748
24749
24750
24751
24752
24753
24754
24755
24757
24759
24760
24762
24763
24765
24766
24767
24768
24769
24770
24771
24773
24776
24778
24780
24782
24784
24786
24788
24789
24790
24791
24792
24793
24794
24796
24799
24800
24802
24803
24804
24808
24809
24810
24811
24812
24818
24819
24820
24821
24824
24825
24826
24827
24828
24829
24830
24831
24832
24833
24835
24836
24837
24838
24839
24840
24841
24842
24843
24849
24850
24851
24852
24853
24854
24855
24856
24857
24858
24859
24860
24861
24862
24865
24866
24867
24872
24873
24875
24876
24877
24878
24882
24887
24888
24889
24890
24892
24893
24902
24903
24905
24909
24910
24911
24912
24913
24914
24915
24916
24919
24920
24924
24927
24928
24929
24930
24932
24933
24934
24935
24936
24937
24938
24940
24943
24945
24946
24947
24948
24949
24950
24951
24952
24953
24956
24957
24958
24960
24962
24963
24965
24967
24968
24971
24972
24973
24975
24978
24979
24981
24982
24987
24990
24991
24992
24993
24994
24995
24996
25000
25001
25002
25004
25006
25008
25009
25010
25012
25013
25015
25016
25017
25023
25024
25026
25027
25028
25030
25031
25032
25034
25035
25036
25037
25038
25041
25043
25045
25048
25051
25055
25056
25057
25058
25059
25060
25061
25063
25064
25066
25067
25068
25069
25072
25076
25081
25090
25093
25096
25106
25107
25110
25111
25119
25127
25134
25138
25141
25148
25154
25157
25162
25165
25169
25176
25179
25180
25183
25189
25190
25191
25192
25193
25194
25196
25199
25200
25201
25202
25203
25204
25205
25206
25207
25208
25209
25211
25212
25213
25214
25215
25219
25220
25224
25225
25227
25231
25233
25236
25238
25239
25240
25241
25242
25243
25244
25245
25246
25247
25252
25253
25254
25255
25256
25260
25265
25270
25275
25278
25279
25283
25294
25295
25296
25298
25322
25324
25325
25328
25329
25331
25336
25341
25343
25344
25348
25349
25351
25353
25354
25357
25358
25361
25362
25364
25366
25367
25369
25371
25373
25374
25375
25378
25379
25380
25381
25382
25383
25384
25385
25386
25387
25388
25389
25390
25391
25392
25393
25394
25395
25396
25397
25398
25399
25400
25401
25402
25404
25405
25406
25407
25408
25409
25410
25411
25412
25413
25414
25415
25416
25417
25418
25419
25420
25424
25427
25428
25429
25430
25432
25434
25435
25438
25439
25440
25441
25442
25443
25444
25446
25447
25448
25449
25451
25452
25453
25454
25455
25456
25457
25458
25459
25460
25461
25462
25463
25464
25465
25466
25467
25468
25469
25470
25471
25472
25473
25474
25475
25476
25477
25478
25479
25480
25482
25483
25484
25485
25486
25487
25488
25489
25491
25493
25494
25495
25496
25497
25498
25499
25501
25502
25503
25504
25505
25506
25508
25509
25511
25512
25514
25515
25517
25518
25520
25522
25523
25525
25527
25530
25531
25532
25534
25537
25538
25540
25543
25545
25546
25547
25548
25555
25556
25559
25560
25561
25562
25563
25569
25576
25577
25579
25583
25588
25589
25596
25597
25598
25599
25603
25606
25608
25609
25610
25613
25616
25617
25618
25619
25620
25621
25622
25623
25625
25626
25629
25630
25631
25632
25633
25634
25635
25639
25640
25641
25643
25644
25645
25646
25647
25648
25650
25651
25653
25656
25657
25661
25662
25663
25665
25671
25672
25673
25675
25678
25679
25680
25681
25684
25686
25687
25688
25692
25693
25694
25695
25696
25697
25702
25703
25704
25705
25706
25708
25712
25713
25714
25719
25720
25721
25722
25724
25725
25727
25729
25730
25731
25733
25734
25735
25736
25738
25740
25741
25742
25743
25744
25747
25748
25753
25754
25755
25756
25757
25758
25760
25761
25762
25763
25764
25765
25766
25767
25774
25778
25780
25781
25783
25784
25787
25790
25791
25792
25793
25794
25795
25797
25799
25801
25802
25803
25806
25807
25808
25809
25812
25813
25815
25818
25819
25822
25824
25833
25834
25835
25837
25840
25842
25843
25844
25845
25852
25855
25856
25857
25858
25861
25863
25864
25865
25866
25874
25878
25879
25880
25886
25887
25888
25890
25894
25895
25896
25898
25906
25911
25917
25920
25923
25925
25933
25936
25940
25943
25944
25949
25951
25956
25957
25963
25970
25974
25978
25979
25984
25986
25988
25989
25990
25991
25992
25993
25995
25996
25998
25999
26001
26004
26008
26012
26017
26018
26019
26020
26022
26025
26030
26031
26035
26036
26037
26043
26044
26051
26054
26055
26056
26069
26071
26072
26076
26077
26080
26084
26085
26087
26088
26089
26090
26093
26096
26101
26103
26107
26108
26112
26118
26119
26123
26125
26126
26127
26130
26138
26144
26146
26147
26148
26149
26150
26170
26171
26174
26177
26178
26179
26182
26183
26184
26187
26188
26189
26190
26191
26192
26199
26205
26206
26208
26212
26214
26215
26216
26217
26219
26220
26223
26226
26229
26234
26235
26236
26237
26245
26247
26248
26249
26250
26251
26252
26255
26256
26261
26262
26263
26264
26267
26268
26269
26273
26279
26282
26284
26285
26287
26291
26292
26293
26295
26296
26297
26304
26305
26309
26310
26311
26317
26319
26321
26323
26324
26325
26326
26327
26328
26329
26330
26334
26335
26336
26337
26338
26339
26340
26344
26345
26346
26347
26349
26350
26351
26352
26353
26357
26359
26361
26362
26363
26364
26365
26366
26371
26372
26373
26375
26376
26377
26378
26379
26380
26383
26384
26385
26394
26395
26396
26398
26399
26402
26403
26404
26405
26406
26410
26411
26412
26417
26418
26419
26423
26426
26427
26428
26429
26430
26432
26433
26434
26436
26440
26442
26446
26450
26451
26452
26453
26456
26458
26459
26460
26464
26465
26466
26468
26471
26472
26475
26476
26477
26479
26480
26481
26482
26483
26484
26485
26486
26487
26490
26491
26492
26493
26494
26495
26497
26498
26500
26501
26502
26504
26505
26506
26507
26510
26516
26518
26522
26524
26525
26528
26532
26533
26536
26537
26539
26548
26552
26553
26556
26558
26560
26561
26562
26563
26564
26565
26568
26573
26574
26575
26578
26582
26584
26590
26594
26595
26596
26597
26601
26603
26608
26612
26614
26615
26616
26619
26620
26621
26622
26623
26626
26627
26633
26639
26649
26653
26658
26660
26664
26677
26682
26684
26687
26689
26690
26691
26692
26693
26696
26699
26700
26702
26709
26710
26720
26721
26722
26725
26726
26727
26728
26729
26730
26731
26732
26733
26735
26738
26743
26748
26749
26750
26760
26769
26770
26771
26774
26788
26795
26800
26803
26804
26805
26806
26809
26810
26811
26813
26814
26816
26817
26818
26819
26820
26823
26824
26825
26826
26830
26831
26832
26833
26837
26838
26839
26840
26843
26848
26849
26850
26851
26856
26858
26859
26861
26863
26864
26865
26866
26867
26870
26871
26872
26874
26875
26878
26881
26884
26885
26886
26887
26889
26890
26891
26892
26893
26894
26898
26899
26900
26901
26902
26903
26904
26905
26906
26907
26910
26914
26915
26919
26920
26921
26922
26923
26924
26925
26926
26927
26928
26929
26931
26939
26942
26943
26945
26947
26949
26951
26952
26954
26956
26957
26959
26961
26962
26963
26964
26965
26966
26967
26972
26977
26978
26979
26980
26986
26988
26989
26991
26992
26995
26996
26998
27000
27001
27002
27005
27010
27011
27012
27013
27014
27015
27016
27017
27025
27029
27030
27031
27032
27038
27039
27040
27042
27043
27044
27045
27046
27047
27048
27049
27050
27052
27054
27055
27059
27060
27062
27064
27065
27067
27072
27073
27075
27076
27078
27083
27084
27085
27087
27088
27092
27093
27094
27095
27098
27100
27101
27102
27108
27111
27118
27119
27121
27122
27125
27126
27127
27128
27129
27130
27132
27133
27134
27137
27141
27146
27147
27150
27152
27153
27154
27156
27162
27165
27166
27167
27172
27173
27174
27175
27176
27177
27178
27180
27182
27184
27185
27186
27187
27188
27191
27195
27197
27198
27201
27205
27206
27207
27210
27211
27212
27216
27217
27218
27220
27222
27228
27231
27232
27233
27235
27236
27237
27238
27240
27242
27243
27244
27245
27246
27247
27250
27251
27253
27254
27257
27258
27262
27264
27265
27266
27269
27272
27275
27278
27279
27280
27281
27282
27283
27286
27288
27294
27300
27312
27316
27317
27318
27319
27320
27321
27323
27327
27328
27329
27332
27337
27338
27340
27347
27349
27357
27361
27362
27366
27367
27369
27375
27376
27377
27378
27385
27389
27390
27391
27392
27394
27395
27396
27399
27405
