1
6
7
8
10
18
19
20
21
22
23
24
25
26
29
30
33
34
35
40
41
42
43
44
45
46
47
48
49
50
51
52
53
54
55
56
57
58
59
60
61
62
63
65
66
67
68
71
116
117
120
121
122
123
124
125
126
127
128
129
130
131
132
133
134
135
136
137
138
139
140
141
142
143
144
145
146
147
148
149
151
152
153
154
155
156
157
158
159
160
161
162
163
164
165
166
167
168
171
172
176
177
178
179
180
187
191
192
193
195
196
197
199
204
215
216
218
219
221
222
223
224
225
226
227
228
230
232
235
236
237
238
239
240
241
243
244
245
246
248
249
250
251
252
253
254
255
256
257
258
259
260
261
262
263
264
265
266
267
268
270
271
280
281
282
284
285
286
288
289
290
292
293
294
295
297
298
299
300
301
302
303
304
305
306
308
312
316
320
321
322
325
328
334
335
344
354
355
356
357
359
361
363
367
370
372
373
374
375
376
377
378
379
380
381
382
383
384
385
386
387
388
389
391
392
393
394
395
396
397
398
399
400
401
402
403
404
405
407
409
410
412
413
415
416
419
420
421
422
431
435
437
438
439
440
441
442
443
444
445
446
447
448
449
450
451
453
454
455
457
458
459
460
461
468
472
473
474
475
478
480
481
484
486
487
488
489
497
499
500
508
513
514
515
516
517
519
520
521
523
528
530
534
535
542
543
544
546
550
551
552
554
555
556
557
560
561
565
566
572
574
583
586
588
589
590
591
592
594
595
596
597
598
599
600
601
602
603
604
605
606
608
609
611
612
613
614
615
616
629
632
637
653
670
671
673
675
699
704
705
706
707
708
709
710
711
712
714
715
717
718
719
720
722
723
724
725
726
727
730
731
732
733
735
736
737
738
739
740
741
743
744
745
747
748
753
761
766
772
773
774
775
776
777
778
780
781
782
783
784
785
788
789
790
791
794
795
796
797
798
803
814
816
819
823
824
825
828
830
831
834
836
837
838
840
841
842
843
844
845
847
852
853
854
855
856
857
858
860
863
864
865
866
876
878
879
880
881
882
883
893
894
895
898
899
911
922
930
932
936
942
946
948
950
957
966
977
981
982
987
990
1005
1006
1009
1015
1030
1037
1038
1039
1040
1041
1042
1043
1044
1046
1047
1050
1051
1052
1053
1054
1055
1056
1057
1058
1059
1060
1061
1062
1065
1066
1068
1070
1071
1072
1074
1075
1076
1078
1079
1082
1088
1089
1097
1098
1099
1100
1102
1104
1110
1113
1114
1121
1122
1126
1127
1128
1130
1131
1132
1140
1160
1166
1168
1169
1170
1171
1174
1176
1177
1179
1182
1183
1184
1185
1186
1187
1188
1189
1190
1191
1192
1193
1197
1205
1206
1207
1208
1210
1211
1212
1216
1218
1220
1224
1225
1226
1227
1228
1229
1230
1231
1232
1233
1234
1235
1236
1238
1239
1240
1241
1242
1243
1244
1245
1246
1247
1248
1249
1250
1251
1252
1257
1261
1262
1263
1264
1266
1267
1269
1270
1271
1272
1273
1275
1276
1281
1283
1284
1291
1292
1295
1296
1297
1298
1302
1308
1310
1311
1316
1317
1319
1321
1322
1324
1325
1327
1328
1329
1330
1331
1332
1333
1335
1336
1337
1338
1339
1340
1341
1342
1343
1344
1345
1346
1347
1348
1349
1350
1351
1352
1353
1354
1355
1356
1357
1358
1360
1361
1366
1368
1369
1370
1372
1378
1379
1380
1381
1383
1384
1385
1389
1392
1405
1423
1426
1427
1428
1429
1430
1431
1432
1433
1434
1437
1439
1443
1444
1445
1446
1447
1448
1449
1450
1454
1456
1457
1460
1461
1462
1465
1466
1476
1478
1480
1483
1484
1485
1486
1489
1491
1492
1494
1495
1497
1498
1500
1503
1505
1506
1508
1509
1511
1516
1517
1518
1519
1520
1522
1523
1524
1530
1538
1539
1544
1549
1555
1556
1557
1558
1559
1560
1561
1562
1563
1564
1565
1566
1572
1573
1576
1577
1578
1579
1580
1581
1582
1583
1584
1585
1586
1588
1590
1593
1595
1598
1601
1602
1604
1605
1606
1607
1608
1609
1610
1611
1612
1613
1614
1615
1617
1618
1619
1620
1621
1622
1623
1625
1626
1627
1628
1629
1630
1631
1633
1634
1635
1636
1637
1638
1639
1640
1646
1647
1648
1652
1653
1654
1655
1656
1657
1658
1666
1669
1673
1675
1676
1677
1678
1679
1680
1681
1682
1688
1691
1692
1698
1700
1701
1702
1703
1705
1706
1707
1710
1711
1712
1713
1716
1717
1718
1720
1722
1723
1724
1725
1727
1728
1730
1731
1732
1733
1734
1735
1736
1737
1738
1739
1740
1741
1742
1743
1744
1745
1746
1747
1748
1749
1750
1751
1752
1753
1754
1755
1756
1757
1758
1759
1760
1761
1762
1763
1764
1765
1766
1767
1768
1769
1770
1771
1772
1773
1774
1775
1776
1777
1778
1779
1780
1781
1782
1783
1784
1788
1794
1795
1796
1797
1798
1799
1800
1801
1802
1804
1805
1806
1807
1808
1809
1810
1812
1814
1815
1816
1824
1825
1828
1829
1830
1832
1833
1834
1835
1836
1837
1838
1839
1840
1841
1842
1844
1845
1846
1847
1848
1849
1850
1851
1854
1855
1857
1858
1859
1860
1870
1871
1872
1873
1875
1876
1877
1881
1882
1883
1884
1885
1886
1887
1889
1890
1891
1892
1893
1894
1895
1896
1901
1902
1904
1905
1907
1910
1911
1913
1914
1919
1920
1930
1940
1941
1942
1945
1948
1949
1953
1954
1955
1956
1957
1958
1959
1960
1961
1962
1963
1964
1965
1966
1967
1968
1969
1970
1971
1972
1974
1976
1977
1979
1980
1982
1983
1984
1985
1988
1989
1990
1991
1993
1994
1995
1996
1997
1998
1999
2002
2003
2005
2009
2010
2011
2012
2013
2014
2019
2020
2021
2022
2023
2024
2025
2027
2029
2030
2031
2032
2033
2034
2035
2036
2037
2038
2039
2040
2041
2042
2043
2045
2046
2047
2048
2049
2050
2054
2056
2057
2059
2060
2061
2062
2063
2066
2067
2068
2069
2070
2071
2073
2074
2076
2077
2079
2080
2082
2083
2084
2085
2086
2087
2088
2089
2090
2091
2092
2093
2094
2095
2096
2097
2101
2103
2105
2107
2109
2110
2111
2112
2117
2118
2119
2125
2126
2130
2133
2143
2147
2150
2151
2152
2159
2160
2161
2162
2163
2164
2165
2166
2167
2168
2170
2178
2179
2182
2183
2184
2185
2187
2190
2191
2192
2195
2202
2204
2215
2216
2217
2218
2241
2245
2260
2261
2262
2263
2268
2269
2270
2276
2277
2281
2284
2285
2288
2291
2293
2294
2300
2306
2310
2312
2314
2321
2322
2323
2325
2330
2332
2334
2340
2350
2352
2354
2355
2360
2361
2362
2363
2364
2366
2367
2368
2369
2370
2371
2372
2373
2375
2390
2392
2395
2400
2402
2404
2411
2412
2413
2414
2415
2416
2417
2420
2422
2423
2424
2427
2429
2430
2431
2432
2433
2434
2435
2436
2451
2452
2458
2465
2467
2468
2471
2476
2477
2481
2484
2502
2504
2507
2508
2509
2510
2511
2512
2513
2514
2515
2516
2517
2518
2519
2520
2522
2523
2524
2525
2527
2530
2532
2533
2534
2536
2538
2540
2541
2542
2543
2550
2551
2552
2553
2554
2555
2556
2559
2560
2561
2562
2563
2564
2565
2566
2568
2569
2570
2571
2572
2573
2574
2575
2578
2579
2580
2585
2590
2596
2600
2606
2607
2615
2616
2617
2624
2626
2627
2628
2629
2637
2644
2649
2651
2653
2655
2659
2664
2667
2668
2669
2670
2672
2673
2674
2675
2676
2677
2678
2681
2682
2685
2689
2690
2692
2699
2705
2708
2709
2710
2711
2712
2713
2714
2715
2716
2726
2729
2734
2735
2736
2737
2738
2740
2741
2743
2744
2746
2751
2754
2755
2758
2763
2764
2769
2770
2771
2772
2773
2774
2775
2776
2777
2778
2779
2780
2781
2782
2786
2787
2788
2789
2790
2791
2792
2793
2794
2795
2796
2797
2798
2799
2800
2801
2805
2807
2808
2812
2819
2820
2821
2822
2824
2826
2828
2829
2830
2837
2838
2840
2841
2842
2843
2845
2849
2853
2855
2867
2868
2871
2879
2881
2886
2889
2890
2891
2892
2893
2894
2895
2896
2897
2898
2899
2900
2901
2902
2904
2905
2908
2909
2910
2911
2912
2913
2915
2916
2917
2918
2919
2920
2921
2922
2923
2924
2932
2933
2934
2936
2937
2939
2940
2941
2942
2943
2944
2946
2947
2948
2949
2950
2951
2952
2953
2954
2955
2956
2957
2959
2962
2963
2966
2967
2968
2969
2970
2971
2972
2973
2974
2975
2976
2977
2978
2981
2982
2983
2984
2985
2989
2990
2991
2992
2994
2995
2996
2998
3003
3009
3010
3011
3012
3013
3016
3018
3019
3020
3021
3022
3023
3028
3029
3030
3032
3033
3034
3035
3038
3052
3053
3054
3056
3057
3058
3059
3060
3061
3062
3063
3065
3066
3067
3068
3069
3071
3072
3073
3074
3075
3076
3077
3078
3079
3080
3081
3082
3083
3084
3085
3086
3087
3088
3090
3091
3092
3093
3094
3095
3097
3098
3099
3100
3101
3104
3105
3106
3107
3108
3109
3110
3111
3112
3113
3114
3115
3122
3123
3126
3131
3139
3150
3151
3152
3154
3155
3156
3157
3158
3159
3163
3164
3166
3168
3175
3184
3187
3199
3200
3206
3209
3213
3216
3218
3223
3224
3225
3227
3233
3235
3236
3237
3238
3239
3242
3252
3265
3269
3273
3275
3276
3277
3278
3279
3280
3281
3282
3283
3284
3285
3286
3287
3290
3294
3297
3298
3300
3302
3303
3304
3305
3306
3307
3309
3310
3311
3312
3313
3314
3315
3316
3317
3320
3321
3322
3323
3324
3325
3330
3331
3334
3335
3336
3337
3342
3345
3346
3349
3350
3351
3355
3356
3361
3369
3379
3380
3381
3382
3383
3384
3386
3392
3413
3418
3419
3420
3435
3436
3437
3438
3440
3446
3447
3451
3452
3453
3454
3455
3456
3457
3459
3460
3461
3463
3464
3465
3466
3468
3469
3473
3475
3476
3479
3480
3481
3482
3483
3485
3486
3487
3488
3489
3490
3491
3493
3494
3495
3496
3497
3499
3500
3501
3503
3504
3505
3506
3507
3508
3509
3510
3511
3514
3520
3521
3523
3524
3525
3528
3530
3532
3534
3535
3536
3537
3538
3539
3542
3543
3544
3545
3546
3548
3549
3551
3552
3556
3557
3558
3559
3560
3563
3564
3565
3567
3575
3576
3577
3578
3579
3580
3582
3588
3589
3590
3591
3592
3594
3595
3596
3597
3598
3599
3600
3601
3603
3606
3607
3614
3619
3623
3626
3628
3629
3636
3638
3643
3644
3646
3647
3653
3654
3656
3660
3661
3662
3666
3667
3668
3681
3684
3692
3695
3708
3709
3710
3719
3720
3725
3726
3727
3728
3736
3739
3740
3741
3742
3746
3749
3750
3751
3752
3753
3754
3755
3758
3759
3760
3761
3768
3769
3770
3772
3773
3774
3775
3776
3779
3787
3795
3796
3797
3798
3800
3803
3809
3810
3811
3812
3814
3816
3820
3822
3827
3828
3831
3832
3833
3834
3835
3836
3837
3839
3840
3841
3843
3844
3845
3846
3847
3849
3850
3851
3852
3853
3856
3861
3862
3866
3868
3875
3876
3877
3878
3879
3880
3881
3882
3885
3886
3888
3895
3896
3897
3903
3909
3910
3911
3912
3916
3917
3918
3919
3920
3921
3922
3923
3924
3925
3926
3927
3930
3931
3932
3933
3934
3935
3942
3948
3951
3952
3953
3958
3966
3967
3970
3971
3972
3973
3976
3977
3978
3979
3982
3983
3984
3985
3988
3990
3992
3999
4002
4003
4004
4005
4006
4007
4008
4010
4011
4012
4013
4014
4015
4016
4019
4020
4021
4022
4023
4024
4025
4026
4027
4028
4030
4031
4032
4033
4035
4036
4037
4038
4039
4040
4041
4042
4043
4044
4045
4047
4048
4049
4051
4052
4053
4054
4056
4057
4058
4067
4068
4069
4070
4071
4075
4076
4077
4078
4079
4080
4081
4083
4084
4086
4087
4088
4096
4098
4103
4104
4105
4106
4108
4109
4110
4111
4112
4113
4114
4115
4116
4117
4118
4119
4120
4121
4122
4123
4124
4126
4127
4128
4129
4131
4132
4133
4134
4136
4137
4138
4139
4140
4141
4142
4143
4144
4145
4146
4147
4148
4149
4150
4151
4152
4153
4154
4155
4156
4157
4159
4160
4161
4162
4163
4164
4165
4166
4167
4168
4169
4170
4171
4172
4173
4174
4175
4176
4178
4181
4182
4183
4184
4185
4186
4187
4188
4189
4196
4198
4199
4200
4203
4205
4206
4207
4208
4211
4212
4213
4214
4215
4216
4217
4218
4219
4220
4221
4222
4223
4224
4225
4226
4227
4228
4229
4230
4231
4232
4233
4235
4238
4240
4242
4245
4246
4253
4259
4260
4261
4262
4263
4264
4265
4266
4273
4275
4277
4279
4280
4284
4287
4288
4289
4291
4297
4301
4304
4305
4308
4309
4310
4317
4319
4321
4324
4325
4326
4327
4328
4329
4330
4331
4333
4334
4335
4342
4343
4344
4345
4347
4348
4349
4350
4360
4363
4364
4367
4368
4369
4370
4373
4374
4375
4376
4379
4380
4381
4382
4383
4384
4385
4386
4387
4393
4396
4397
4399
4400
4401
4402
4403
4414
4415
4416
4421
4423
4424
4425
4427
4428
4432
4433
4434
4436
4437
4440
4441
4445
4447
4460
4469
4472
4478
4501
4507
4510
4511
4512
4513
4514
4515
4516
4517
4518
4519
4520
4521
4522
4523
4524
4525
4526
4527
4529
4530
4531
4532
4533
4534
4535
4536
4537
4538
4539
4540
4541
4542
4543
4544
4545
4546
4547
4548
4549
4550
4551
4552
4553
4554
4555
4556
4557
4558
4559
4560
4561
4564
4567
4568
4575
4576
4577
4579
4580
4583
4584
4585
4586
4587
4588
4591
4594
4595
4596
4597
4598
4599
4600
4601
4602
4605
4610
4612
4614
4621
4622
4623
4624
4625
4626
4627
4628
4630
4631
4632
4633
4634
4636
4637
4638
4639
4641
4642
4643
4644
4645
4646
4647
4649
4651
4652
4653
4654
4655
4656
4657
4659
4660
4661
4662
4663
4664
4665
4666
4667
4668
4669
4681
4682
4686
4687
4688
4690
4691
4692
4699
4704
4710
4711
4712
4713
4714
4715
4716
4717
4718
4719
4720
4721
4722
4723
4724
4725
4726
4727
4728
4730
4732
4733
4734
4735
4737
4739
4741
4742
4743
4745
4746
4747
4748
4749
4750
4751
4753
4754
4755
4756
4757
4758
4759
4761
4763
4764
4766
4768
4769
4770
4771
4772
4773
4774
4775
4776
4777
4778
4779
4781
4782
4783
4784
4785
4796
4797
4798
4799
4800
4801
4806
4808
4809
4810
4811
4820
4822
4823
4825
4827
4828
4829
4832
4833
4834
4835
4836
4837
4838
4839
4840
4844
4845
4846
4847
4848
4849
4850
4852
4853
4854
4855
4856
4858
4859
4860
4861
4864
4865
4867
4868
4869
4870
4871
4872
4873
4874
4876
4884
4886
4889
4890
4891
4892
4893
4896
4897
4898
4900
4906
4908
4911
4913
4920
4923
4924
4925
4926
4927
4929
4930
4932
4933
4934
4936
4937
4938
4939
4942
4943
4946
4947
4949
4950
4951
4952
4953
4954
4955
4957
4958
4959
4961
4962
4963
4964
4965
4966
4967
4968
4969
4970
4971
4972
4973
4974
4976
4978
4980
4981
4982
4983
4984
4985
4988
4989
4991
4992
4993
4994
4995
4996
4997
5010
5018
5019
5026
5032
5034
5035
5036
5037
5038
5039
5040
5041
5046
5050
5051
5052
5053
5063
5064
5065
5066
5067
5068
5069
5070
5071
5072
5073
5074
5075
5076
5077
5078
5079
5080
5081
5082
5083
5084
5085
5086
5088
5089
5090
5091
5092
5093
5094
5095
5096
5097
5098
5099
5100
5101
5102
5103
5104
5105
5106
5107
5108
5109
5110
5111
5112
5113
5114
5118
5119
5121
5124
5127
5130
5131
5132
5133
5134
5135
5136
5137
5143
5147
5149
5151
5152
5153
5154
5155
5156
5157
5158
5160
5161
5162
5163
5164
5167
5168
5169
5172
5173
5174
5180
5185
5186
5187
5189
5191
5192
5195
5198
5199
5202
5203
5204
5205
5206
5207
5208
5209
5210
5211
5212
5213
5214
5215
5218
5219
5222
5223
5224
5225
5226
5227
5228
5229
5230
5231
5233
5234
5247
5248
5249
5250
5262
5263
5264
5266
5267
5269
5270
5275
5277
5278
5279
5280
5281
5282
5283
5285
5286
5287
5288
5289
5290
5291
5293
5294
5295
5296
5298
5299
5300
5302
5303
5304
5305
5306
5307
5308
5309
5310
5311
5313
5317
5326
5327
5328
5333
5336
5343
5344
5347
5349
5350
5351
5352
5358
5359
5360
5361
5362
5363
5366
5367
5368
5370
5372
5379
5380
5381
5382
5384
5385
5386
5387
5388
5389
5392
5393
5397
5398
5399
5400
5401
5402
5403
5405
5407
5408
5409
5411
5412
5413
5414
5416
5417
5418
5420
5421
5422
5423
5427
5430
5431
5432
5433
5434
5437
5438
5439
5440
5441
5442
5443
5446
5447
5448
5449
5450
5451
5452
5453
5454
5455
5458
5459
5461
5462
5464
5467
5470
5476
5477
5479
5481
5482
5483
5484
5485
5486
5487
5488
5489
5490
5493
5494
5495
5496
5497
5498
5500
5502
5503
5504
5506
5507
5508
5509
5510
5512
5515
5516
5517
5518
5519
5520
5522
5523
5526
5527
5529
5535
5536
5538
5539
5544
5545
5549
5553
5554
5555
5558
5560
5561
5562
5568
5571
5572
5573
5574
5575
5576
5578
5579
5580
5581
5582
5583
5584
5585
5586
5588
5589
5590
5591
5592
5593
5594
5595
5596
5598
5599
5600
5601
5602
5603
5604
5605
5606
5607
5608
5609
5610
5611
5612
5613
5614
5615
5616
5617
5618
5619
5625
5626
5634
5635
5636
5637
5638
5639
5641
5642
5649
5653
5656
5661
5662
5666
5678
5679
5680
5681
5684
5686
5687
5688
5689
5690
5691
5693
5695
5704
5705
5708
5709
5710
5711
5712
5713
5714
5715
5716
5717
5720
5726
5727
5728
5729
5730
5731
5732
5733
5734
5735
5736
5737
5738
5739
5740
5741
5742
5743
5744
5745
5752
5765
5766
5769
5770
5771
5778
5779
5780
5781
5782
5783
5784
5785
5786
5789
5790
5794
5795
5796
5798
5799
5808
5810
5816
5817
5818
5819
5820
5821
5822
5824
5827
5831
5832
5833
5834
5835
5840
5841
5842
5843
5844
5845
5846
5847
5863
5864
5867
5868
5869
5871
5872
5873
5874
5875
5876
5879
5881
5883
5884
5885
5889
5890
5891
5892
5893
5903
5904
5905
5906
5909
5910
5913
5918
5926
5938
5941
5949
5950
5951
5952
5953
5954
5964
5965
5966
5968
5969
5970
5973
5974
5975
5976
5977
5978
5983
5984
6003
6005
6006
6007
6008
6009
6010
6012
6013
6015
6017
6022
6023
6024
6025
6026
6027
6029
6030
6031
6032
6033
6035
6036
6038
6046
6048
6049
6050
6052
6053
6054
6055
6056
6058
6063
6067
6068
6081
6082
6086
6087
6089
6090
6091
6092
6095
6097
6098
6099
6101
6106
6107
6108
6110
6111
6112
6113
6114
6115
6119
6120
6121
6122
6123
6124
6125
6126
6127
6128
6129
6130
6131
6132
6133
6134
6135
6136
6144
6147
6148
6150
6151
6153
6154
6155
6156
6158
6162
6164
6165
6166
6167
6168
6169
6170
6171
6172
6173
6174
6175
6176
6177
6178
6179
6180
6181
6182
6183
6184
6185
6188
6189
6190
6191
6193
6194
6195
6196
6198
6200
6201
6204
6205
6206
6207
6208
6209
6210
6211
6212
6213
6214
6215
6216
6217
6218
6219
6220
6228
6229
6231
6232
6235
6237
6238
6239
6240
6241
6242
6243
6244
6245
6246
6252
6253
6257
6258
6259
6261
6262
6263
6264
6272
6273
6276
6283
6284
6285
6286
6287
6288
6289
6290
6291
6292
6294
6295
6296
6297
6300
6301
6302
6303
6304
6305
6306
6307
6308
6309
6310
6312
6323
6327
6328
6329
6331
6332
6333
6334
6335
6342
6358
6359
6366
6367
6368
6370
6372
6375
6376
6377
6378
6379
6380
6381
6387
6388
6389
6390
6391
6392
6393
6394
6395
6403
6404
6406
6408
6409
6410
6411
6412
6413
6414
6419
6420
6421
6427
6429
6430
6431
6434
6437
6438
6439
6440
6442
6443
6448
6449
6453
6454
6455
6458
6459
6461
6462
6484
6486
6490
6494
6495
6500
6502
6503
6504
6506
6509
6512
6513
6514
6515
6516
6522
6532
6533
6535
6537
6538
6539
6540
6545
6546
6547
6548
6558
6559
6560
6561
6562
6563
6564
6570
6578
6580
6581
6582
6586
6588
6591
6592
6593
6594
6597
6598
6599
6600
6607
6609
6610
6611
6614
6624
6631
6634
6635
6636
6637
6638
6639
6641
6642
6643
6647
6648
6649
6651
6652
6653
6655
6656
6657
6667
6668
6669
6670
6673
6675
6676
6682
6687
6695
6696
6703
6704
6706
6713
6718
6719
6720
6721
6722
6723
6729
6735
6738
6742
6743
6744
6757
6760
6762
6763
6764
6765
6770
6771
6772
6777
6778
6779
6783
6784
6785
6786
6788
6789
6790
6791
6792
6794
6796
6797
6801
6803
6804
6805
6806
6808
6809
6810
6814
6815
6816
6817
6823
6825
6826
6841
6849
6850
6852
6853
6854
6855
6856
6857
6858
6859
6860
6861
6862
6864
6867
6868
6869
6872
6873
6874
6876
6877
6879
6885
6900
6901
6902
6903
6904
6915
6918
6921
6924
6925
6927
6930
6933
6938
6950
6951
6957
6963
6974
6981
6986
6987
6989
6990
6995
7001
7002
7003
7004
7007
7008
7010
7012
7014
7015
7021
7024
7026
7030
7037
7039
7041
7042
7048
7060
7061
7062
7066
7067
7068
7072
7073
7075
7076
7077
7078
7079
7080
7082
7083
7085
7089
7097
7098
7099
7100
7101
7102
7103
7104
7105
7106
7110
7114
7115
7116
7117
7119
7120
7121
7122
7123
7124
7125
7126
7128
7129
7131
7132
7133
7134
7137
7138
7139
7140
7141
7142
7143
7145
7147
7148
7149
7150
7151
7152
7153
7154
7155
7156
7157
7158
7159
7160
7169
7173
7175
7181
7184
7185
7187
7188
7192
7196
7197
7212
7215
7216
7217
7218
7225
7226
7227
7232
7233
7234
7235
7237
7242
7244
7245
7247
7248
7249
7250
7251
7252
7253
7254
7255
7256
7257
7258
7259
7260
7261
7262
7264
7265
7266
7267
7268
7269
7270
7271
7273
7274
7277
7278
7279
7280
7281
7285
7286
7287
7288
7294
7295
7301
7302
7303
7304
7305
7306
7307
7309
7310
7312
7313
7315
7320
7321
7324
7326
7327
7328
7329
7330
7331
7332
7333
7365
7367
7370
7377
7381
7401
7402
7417
7441
7443
7444
7445
7446
7447
7448
7449
7450
7452
7453
7454
7455
7457
7458
7461
7462
7464
7465
7467
7468
7469
7470
7472
7473
7474
7476
7478
7479
7482
7483
7489
7490
7491
7498
7499
7500
7501
7502
7503
7504
7507
7508
7509
7513
7514
7520
7521
7523
7524
7534
7537
7540
7541
7543
7545
7546
7549
7550
7551
7552
7553
7558
7559
7560
7561
7563
7564
7565
7566
7567
7568
7570
7576
7583
7586
7591
7592
7593
7594
7595
7596
7597
7598
7599
7602
7603
7610
7611
7613
7615
7616
7617
7618
7619
7620
7625
7626
7627
7628
7629
7630
7631
7639
7640
7641
7643
7644
7646
7647
7648
7650
7659
7660
7661
7666
7667
7668
7669
7671
7672
7674
7678
7679
7680
7681
7684
7685
7687
7689
7690
7697
7699
7700
7702
7703
7704
7705
7708
7709
7710
7711
7712
7713
7716
7717
7718
7719
7720
7722
7723
7729
7730
7731
7732
7734
7735
7736
7740
7742
7744
7745
7746
7747
7750
7751
7752
7753
7762
7763
7765
7770
7772
7773
7776
7777
7778
7779
7780
7781
7782
7783
7784
7786
7787
7788
7789
7790
7793
7794
7795
7796
7797
7798
7799
7810
7811
7814
7815
7817
7818
7819
7820
7823
7824
7825
7826
7827
7828
7829
7830
7831
7832
7833
7835
7836
7837
7841
7842
7849
7850
7852
7854
7856
7859
7861
7862
7863
7866
7867
7873
7893
7906
7907
7908
7909
7910
7919
7920
7921
7922
7923
7924
7928
7929
7930
7931
7932
7933
7936
7940
7944
7948
7949
7950
7959
7961
7962
7963
7966
7968
7969
7990
7991
7997
7999
8013
8018
8019
8022
8031
8034
8035
8040
8042
8045
8046
8047
8048
8049
8060
8061
8062
8063
8064
8066
8068
8069
8071
8072
8073
8074
8075
8077
8079
8081
8082
8084
8085
8086
8088
8089
8090
8093
8094
8096
8098
8099
8102
8103
8104
8107
8108
8109
8110
8111
8116
8119
8122
8123
8125
8126
8127
8128
8129
8134
8136
8137
8138
8139
8141
8142
8143
8144
8145
8146
8147
8148
8149
8152
8155
8156
8159
8171
8178
8179
8181
8184
8186
8192
8197
8203
8204
8205
8206
8212
8214
8217
8218
8225
8226
8227
8231
8242
8244
8246
8247
8251
8253
8255
8256
8257
8258
8259
8260
8264
8282
8283
8284
8285
8287
8288
8289
8297
8298
8299
8300
8301
8302
8303
8304
8305
8306
8307
8308
8309
8313
8314
8315
8316
8318
8319
8321
8322
8328
8330
8334
8335
8338
8340
8341
8343
8346
8348
8350
8351
8352
8353
8354
8356
8357
8358
8359
8360
8361
8362
8363
8364
8365
8369
8370
8371
8373
8374
8375
8379
8380
8381
8382
8384
8385
8386
8387
8389
8390
8391
8393
8394
8396
8402
8403
8404
8408
8410
8413
8414
8415
8416
8417
8418
8419
8420
8424
8425
8426
8427
8428
8432
8434
8435
8436
8437
8438
8439
8440
8441
8442
8444
8445
8446
8447
8449
8450
8453
8455
8456
8457
8459
8462
8463
8464
8466
8467
8471
8472
8473
8481
8482
8483
8484
8485
8486
8491
8499
8506
8516
8518
8519
8521
8522
8528
8530
8531
8532
8533
8534
8536
8540
8541
8542
8547
8548
8549
8550
8551
8555
8557
8558
8559
8560
8561
8564
8565
8566
8567
8568
8569
8570
8571
8573
8575
8581
8584
8589
8591
8594
8596
8601
8606
8613
8614
8615
8616
8617
8618
8619
8622
8623
8633
8634
8635
8636
8638
8640
8641
8642
8643
8652
8654
8662
8663
8664
8666
8667
8668
8669
8671
8673
8674
8675
8677
8678
8679
8689
8692
8696
8697
8698
8699
8702
8709
8710
8713
8715
8716
8719
8720
8723
8724
8725
8726
8727
8729
8732
8735
8737
8738
8740
8741
8742
8743
8744
8745
8746
8749
8750
8756
8757
8759
8760
8762
8763
8765
8766
8767
8768
8769
8770
8772
8773
8774
8775
8776
8779
8780
8783
8784
8785
8791
8792
8793
8796
8800
8801
8802
8803
8806
8807
8808
8809
8810
8811
8812
8813
8817
8818
8819
8820
8822
8827
8828
8829
8830
8831
8833
8836
8837
8846
8848
8849
8850
8851
8852
8853
8854
8856
8864
8865
8866
8867
8868
8869
8871
8872
8875
8876
8877
8879
8880
8881
8882
8883
8884
8885
8886
8887
8888
8889
8902
8903
8904
8905
8906
8910
8912
8913
8914
8915
8916
8917
8918
8919
8920
8921
8922
8924
8925
8930
8931
8932
8933
8934
8935
8936
8941
8942
8949
8954
8956
8970
8971
8972
8980
8981
8983
8984
8985
8986
8987
8989
8992
8993
8994
8995
8997
8998
9000
9001
9002
9003
9004
9006
9007
9009
9010
9011
9012
9013
9014
9015
9016
9023
9024
9027
9028
9032
9033
9034
9035
9039
9040
9041
9042
9047
9048
9049
9050
9052
9057
9064
9067
9068
9072
9073
9074
9075
9076
9077
9078
9079
9080
9084
9095
9096
9100
9101
9105
9106
9107
9108
9109
9110
9111
9112
9113
9115
9116
9117
9119
9120
9121
9122
9123
9124
9125
9126
9127
9128
9129
9130
9131
9133
9134
9135
9136
9137
9139
9141
9142
9145
9146
9147
9148
9149
9151
9153
9154
9155
9156
9157
9159
9160
9161
9162
9163
9164
9165
9166
9167
9168
9169
9170
9172
9173
9174
9175
9177
9178
9179
9180
9181
9183
9184
9185
9186
9187
9188
9189
9204
9205
9223
9224
9226
9227
9230
9231
9232
9233
9234
9235
9236
9237
9238
9239
9240
9241
9242
9243
9244
9245
9246
9247
9253
9254
9255
9256
9257
9268
9269
9284
9286
9287
9288
9290
9292
9293
9294
9295
9296
9297
9299
9300
9302
9304
9305
9306
9308
9309
9310
9313
9314
9320
9329
9332
9333
9341
9342
9343
9347
9348
9349
9350
9351
9352
9354
9355
9356
9360
9361
9362
9363
9366
9368
9371
9372
9374
9375
9378
9381
9382
9383
9384
9385
9386
9387
9388
9394
9395
9397
9398
9399
9402
9403
9404
9405
9414
9416
9418
9420
9421
9422
9423
9424
9425
9426
9427
9428
9432
9433
9434
9435
9436
9437
9439
9441
9443
9444
9445
9446
9447
9448
9451
9454
9455
9456
9457
9458
9459
9460
9462
9464
9473
9475
9476
9477
9478
9482
9484
9485
9488
9489
9497
9498
9500
9501
9504
9505
9506
9509
9511
9522
9523
9524
9525
9527
9531
9540
9547
9552
9559
9566
9568
9576
9580
9586
9588
9590
9601
9603
9610
9611
9612
9614
9616
9620
9621
9622
9623
9624
9627
9629
9630
9631
9637
9638
9639
9641
9642
9643
9644
9646
9647
9648
9649
9650
9656
9657
9662
9665
9666
9667
9668
9669
9670
9671
9672
9675
9676
9680
9685
9686
9687
9688
9690
9691
9692
9693
9694
9695
9696
9698
9699
9700
9701
9702
9703
9704
9705
9706
9709
9710
9712
9714
9715
9716
9720
9723
9724
9725
9728
9729
9730
9731
9732
9740
9741
9742
9743
9744
9745
9746
9747
9748
9749
9757
9765
9769
9771
9772
9773
9774
9775
9776
9777
9778
9779
9786
9787
9788
9789
9799
9800
9802
9803
9807
9808
9809
9811
9812
9813
9824
9826
9827
9828
9829
9830
9831
9832
9833
9836
9842
9846
9847
9848
9849
9850
9851
9852
9855
9856
9857
9858
9860
9861
9862
9863
9866
9869
9871
9878
9889
9893
9894
9895
9898
9900
9901
9902
9903
9904
9906
9908
9910
9912
9914
9915
9916
9920
9925
9933
9934
9935
9936
9937
9938
9940
9941
9945
9946
9948
9953
9965
9966
9970
9971
9972
9974
9975
9976
9977
9978
9979
9980
9993
9994
9995
9996
9997
9998
10005
10006
10012
10013
10022
10023
10025
10026
10030
10031
10033
10034
10035
10036
10037
10038
10039
10040
10041
10044
10045
10046
10047
10049
10055
10073
10074
10075
10080
10082
10083
10084
10085
10086
10088
10089
10090
10094
10095
10096
10097
10098
10100
10101
10102
10104
10105
10106
10107
10108
10109
10110
10111
10113
10114
10116
10117
10118
10120
10121
10122
10123
10124
10125
10132
10137
10138
10140
10141
10142
10144
10145
10146
10148
10149
10150
10151
10157
10158
10159
10160
10161
10163
10164
10165
10166
10169
10173
10174
10175
10176
10179
10180
10181
10184
10185
10186
10189
10192
10198
10199
10200
10203
10204
10205
10211
10214
10215
10216
10219
10226
10230
10231
10232
10236
10237
10238
10240
10241
10242
10243
10244
10245
10246
10248
10250
10251
10252
10253
10254
10255
10264
10267
10270
10271
10272
10273
10274
10275
10276
10277
10278
10279
10280
10281
10283
10284
10285
10286
10291
10292
10294
10295
10297
10298
10299
10300
10302
10303
10304
10305
10312
10313
10314
10315
10318
10319
10325
10326
10327
10328
10329
10330
10334
10335
10336
10337
10338
10341
10342
10343
10347
10348
10349
10350
10351
10352
10353
10355
10356
10357
10358
10360
10361
10363
10364
10365
10366
10367
10368
10369
10370
10373
10374
10379
10381
10383
10384
10403
10412
10413
10414
10415
10416
10417
10418
10420
10421
10423
10424
10425
10426
10427
10428
10429
10430
10431
10432
10433
10439
10440
10447
10448
10450
10451
10452
10455
10456
10462
10463
10464
10467
10468
10469
10470
10471
10473
10474
10475
10476
10477
10481
10482
10483
10485
10486
10489
10490
10494
10495
10496
10497
10498
10499
10501
10502
10511
10512
10516
10517
10518
10519
10520
10521
10522
10527
10528
10531
10536
10537
10540
10541
10542
10543
10544
10545
10546
10547
10548
10549
10550
10551
10552
10553
10554
10555
10558
10565
10568
10569
10570
10571
10572
10573
10574
10575
10576
10577
10582
10583
10584
10585
10586
10587
10588
10589
10590
10591
10592
10593
10597
10598
10602
10610
10611
10612
10613
10614
10615
10616
10617
10618
10622
10624
10625
10626
10627
10628
10630
10631
10632
10633
10634
10635
10636
10639
10640
10641
10642
10643
10644
10645
10646
10648
10649
10653
10654
10655
10657
10658
10659
10660
10661
10662
10663
10664
10665
10666
10669
10671
10672
10676
10677
10684
10685
10686
10688
10689
10690
10691
10692
10693
10694
10696
10710
10712
10713
10714
10715
10716
10717
10718
10719
10720
10721
10722
10728
10729
10730
10735
10736
10739
10740
10741
10742
10743
10745
10746
10747
10748
10750
10751
10752
10753
10754
10755
10756
10757
10758
10760
10761
10766
10768
10781
10783
10784
10785
10786
10790
10791
10792
10800
10802
10803
10804
10810
10811
10818
10819
10820
10821
10822
10823
10824
10825
10826
10827
10828
10829
10830
10831
10832
10833
10836
10837
10838
10847
10851
10852
10860
10865
10867
10871
10874
10875
10876
10877
10878
10883
10884
10885
10886
10887
10892
10893
10894
10902
10903
10904
10905
10906
10908
10909
10910
10911
10912
10913
10916
10917
10918
10920
10921
10922
10923
10931
10933
10934
10935
10936
10937
10938
10939
10940
10942
10943
10944
10945
10946
10947
10948
10949
10950
10951
10953
10954
10955
10956
10957
10958
10959
10960
10961
10962
10963
10964
10965
10966
10967
10968
10969
10970
10971
10972
10973
10974
10975
10987
10990
10992
10993
10994
10995
10996
10997
10998
11003
11004
11005
11006
11008
11009
11010
11012
11013
11015
11016
11017
11021
11022
11023
11024
11033
11034
11035
11037
11038
11039
11040
11045
11046
11047
11051
11052
11053
11062
11063
11064
11065
11072
11073
11074
11075
11081
11083
11084
11085
11086
11087
11088
11097
11098
11099
11100
11101
11103
11104
11105
11106
11107
11114
11115
11119
11120
11121
11122
11123
11124
11125
11126
11127
11132
11133
11134
11135
11136
11138
11139
11140
11144
11145
11146
11147
11149
11157
11158
11164
11165
11168
11169
11170
11171
11172
11174
11177
11178
11182
11183
11184
11186
11187
11188
11189
11190
11191
11192
11193
11194
11195
11197
11198
11199
11200
11201
11202
11203
11204
11208
11209
11210
11211
11212
11213
11214
11215
11216
11217
11218
11219
11220
11222
11223
11224
11225
11226
11227
11228
11229
11230
11231
11232
11233
11234
11235
11236
11237
11238
11239
11240
11241
11242
11243
11244
11245
11246
11247
11248
11249
11250
11251
11252
11253
11254
11255
11258
11259
11260
11261
11262
11263
11264
11265
11266
11269
11270
11271
11272
11276
11279
11280
11283
11284
11285
11286
11288
11289
11291
11296
11297
11302
11305
11306
11307
11308
11310
11311
11315
11319
11330
11335
11336
11340
11341
11344
11345
11346
11354
11355
11358
11361
11363
11364
11365
11369
11370
11371
11372
11373
11374
11375
11377
11380
11381
11382
11383
11386
11387
11399
11400
11401
11402
11406
11407
11408
11409
11414
11415
11417
11419
11421
11422
11423
11424
11425
11426
11433
11434
11435
11438
11440
11441
11442
11443
11448
11449
11450
11451
11452
11453
11454
11455
11456
11457
11458
11459
11460
11461
11462
11463
11464
11465
11466
11467
11468
11469
11470
11471
11472
11473
11474
11475
11476
11477
11480
11485
11489
11490
11491
11492
11493
11495
11499
11500
11501
11502
11503
11510
11513
11514
11515
11516
11522
11523
11526
11527
11532
11533
11534
11535
11536
11537
11538
11539
11540
11547
11548
11549
11550
11553
11554
11555
11556
11557
11558
11559
11560
11561
11568
11569
11571
11572
11573
11575
11576
11578
11580
11582
11583
11584
11586
11587
11590
11591
11592
11593
11594
11595
11596
11598
11599
11600
11601
11605
11606
11610
11614
11622
11623
11625
11627
11628
11629
11630
11632
11633
11634
11635
11636
11637
11638
11640
11642
11643
11645
11653
11654
11655
11656
11657
11658
11659
11663
11667
11669
11670
11671
11672
11676
11677
11691
11696
11697
11700
11701
11702
11703
11707
11708
11712
11724
11725
11726
11727
11728
11729
11732
11736
11738
11740
11741
11742
11743
11744
11745
11750
11752
11760
11764
11768
11769
11770
11771
11778
11780
11782
11783
11784
11785
11786
11792
11800
11801
11802
11803
11805
11809
11810
11811
11812
11813
11817
11821
11825
11831
11840
11843
11844
11845
11846
11847
11848
11849
11850
11852
11856
11862
11863
11864
11865
11866
11867
11869
11870
11872
11874
11875
11876
11877
11878
11879
11880
11881
11882
11883
11884
11885
11887
11889
11890
11892
11897
11898
11899
11900
11902
11903
11906
11908
11909
11922
11923
11924
11925
11926
11937
11938
11939
11944
11945
11946
11947
11948
11949
11950
11951
11952
11953
11956
11964
11965
11968
11970
11971
11972
11974
11975
11977
11978
11979
11980
11981
11982
12011
12020
12056
12058
12060
12061
12062
12063
12064
12065
12066
12070
12072
12073
12074
12075
12076
12079
12080
12081
12085
12086
12087
12093
12094
12096
12098
12099
12100
12102
12104
12107
12108
12109
12110
12111
12112
12113
12114
12115
12116
12125
12126
12129
12130
12134
12135
12136
12140
12143
12144
12145
12148
12151
12152
12157
12158
12160
12161
12162
12163
12164
12166
12167
12169
12170
12171
12175
12176
12178
12179
12181
12184
12185
12186
12187
12188
12192
12193
12194
12196
12198
12203
12205
12207
12213
12215
12216
12217
12220
12223
12226
12228
12229
12231
12233
12234
12235
12236
12237
12243
12247
12248
12250
12251
12252
12253
12254
12256
12258
12259
12260
12262
12263
12264
12265
12266
12267
12268
12269
12270
12271
12272
12273
12275
12276
12277
12278
12279
12280
12281
12282
12283
12284
12286
12287
12288
12291
12292
12293
12294
12295
12296
12297
12298
12299
12300
12301
12302
12303
12304
12306
12307
12308
12309
12310
12311
12312
12313
12314
12315
12316
12317
12318
12319
12320
12323
12324
12325
12326
12327
12328
12330
12332
12333
12334
12335
12336
12337
12338
12339
12340
12341
12342
12343
12344
12345
12346
12348
12349
12350
12351
12352
12353
12354
12355
12356
12357
12358
12359
12360
12362
12363
12364
12367
12368
12369
12370
12371
12372
12373
12374
12378
12381
12382
12384
12385
12386
12387
12388
12389
12390
12391
12393
12394
12395
12405
12406
12407
12409
12412
12413
12414
12415
12416
12417
12419
12422
12425
12426
12427
12445
12447
12448
12449
12451
12452
12453
12454
12458
12460
12461
12463
12464
12470
12471
12473
12474
12475
12477
12478
12483
12484
12485
12488
12490
12491
12492
12495
12504
12505
12507
12508
12509
12510
12512
12514
12515
12516
12517
12518
12522
12523
12527
12528
12529
12530
12531
12535
12537
12538
12539
12542
12544
12545
12546
12547
12548
12550
12551
12552
12553
12555
12556
12557
12559
12564
12566
12569
12570
12571
12576
12579
12580
12581
12582
12583
12584
12585
12586
12587
12589
12590
12592
12593
12594
12595
12596
12597
12601
12602
12603
12604
12606
12607
12608
12610
12611
12613
12614
12615
12616
12617
12618
12620
12621
12624
12626
12627
12629
12630
12631
12634
12635
12636
12637
12649
12655
12656
12657
12658
12660
12664
12666
12667
12673
12675
12676
12677
12678
12679
12680
12681
12682
12683
12691
12692
12694
12695
12696
12697
12698
12699
12700
12701
12702
12703
12705
12706
12708
12709
12713
12714
12717
12718
12719
12720
12721
12722
12723
12725
12726
12727
12728
12729
12730
12731
12732
12733
12734
12735
12736
12737
12742
12743
12749
12750
12756
12757
12758
12760
12762
12763
12765
12766
12768
12769
12771
12776
12777
12779
12780
12782
12786
12789
12793
12794
12795
12796
12797
12798
12799
12800
12801
12802
12805
12806
12816
12819
12820
12823
12824
12825
12826
12830
12832
12836
12837
12838
12842
12843
12844
12845
12846
12851
12852
12853
12854
12855
12863
12864
12865
12866
12867
12868
12871
12872
12873
12874
12879
12882
12884
12885
12886
12887
12888
12889
12890
12891
12892
12893
12894
12895
12896
12897
12898
12899
12900
12902
12903
12904
12905
12906
12908
12909
12911
12912
12913
12914
12915
12917
12918
12919
12921
12922
12925
12926
12927
12929
12933
12934
12935
12937
12938
12939
12940
12944
12946
12947
12948
12949
12950
12951
12952
12953
12956
12957
12958
12963
12964
12965
12966
12971
12973
12974
12975
12986
12993
12995
12997
12998
12999
13004
13026
13027
13032
13033
13034
13035
13036
13037
13040
13043
13044
13046
13047
13049
13050
13054
13055
13056
13059
13060
13062
13063
13066
13067
13071
13072
13073
13075
13076
13077
13078
13079
13081
13082
13085
13086
13091
13092
13093
13094
13113
13117
13118
13123
13124
13125
13129
13130
13131
13133
13134
13135
13138
13139
13140
13141
13143
13144
13145
13149
13150
13151
13152
13153
13154
13155
13156
13159
13160
13161
13162
13163
13165
13166
13167
13169
13170
13171
13172
13173
13174
13175
13176
13177
13178
13181
13182
13183
13184
13186
13187
13188
13189
13191
13192
13194
13195
13196
13197
13198
13199
13202
13205
13206
13209
13210
13211
13212
13213
13219
13220
13222
13223
13224
13225
13226
13232
13233
13234
13235
13236
13237
13239
13240
13241
13243
13245
13246
13249
13260
13262
13265
13266
13269
13272
13273
13288
13292
13293
13294
13295
13297
13298
13299
13300
13302
13303
13304
13306
13307
13308
13309
13310
13311
13312
13313
13314
13316
13317
13318
13319
13320
13321
13323
13324
13325
13326
13327
13328
13329
13330
13331
13332
13333
13334
13335
13337
13338
13340
13341
13343
13344
13346
13348
13354
13357
13359
13364
13366
13367
13369
13370
13371
13377
13378
13379
13380
13381
13382
13383
13384
13385
13386
13390
13391
13392
13395
13396
13402
13403
13405
13406
13422
13438
13440
13442
13445
13446
13447
13448
13450
13451
13453
13454
13455
13457
13459
13462
13463
13464
13467
13468
13469
13470
13471
13472
13476
13477
13478
13479
13480
13481
13482
13485
13487
13488
13489
13490
13492
13497
13498
13499
13500
13501
13502
13504
13505
13506
13507
13508
13509
13511
13512
13513
13518
13526
13536
13537
13541
13543
13544
13545
13547
13548
13549
13550
13552
13553
13567
13569
13570
13575
13576
13577
13579
13584
13585
13588
13589
13591
13593
13594
13596
13597
13598
13599
13600
13601
13602
13603
13604
13606
13607
13608
13609
13610
13611
13612
13614
13615
13621
13622
13623
13624
13625
13626
13627
13628
13632
13633
13634
13635
13644
13645
13654
13655
13657
13659
13667
13668
13671
13672
13673
13676
13678
13681
13690
13691
13693
13694
13695
13697
13698
13699
13700
13701
13703
13704
13705
13706
13708
13709
13710
13715
13716
13718
13719
13720
13721
13722
13723
13724
13725
13726
13727
13728
13730
13731
13732
13734
13735
13736
13741
13742
13743
13744
13745
13746
13747
13749
13751
13752
13753
13754
13755
13756
13757
13760
13761
13762
13764
13766
13767
13768
13776
13777
13780
13781
13782
13783
13784
13789
13791
13796
13797
13798
13799
13800
13801
13802
13804
13805
13807
13808
13809
13810
13811
13812
13813
13814
13815
13816
13818
13819
13825
13828
13829
13831
13832
13834
13835
13836
13839
13841
13842
13845
13848
13849
13857
13861
13862
13863
13868
13874
13879
13881
13882
13885
13886
13887
13888
13889
13890
13891
13892
13895
13896
13898
13900
13901
13902
13903
13904
13905
13906
13907
13909
13910
13911
13913
13914
13915
13916
13918
13919
13921
13922
13924
13925
13927
13936
13939
13940
13947
13948
13949
13950
13951
13955
13958
13971
13972
13973
13974
13975
13976
13980
13982
13990
13991
13992
13996
13997
13998
13999
14000
14001
14002
14004
14005
14006
14007
14008
14009
14012
14014
14015
14017
14018
14031
14034
14035
14036
14037
14038
14039
14041
14042
14043
14044
14045
14048
14049
14050
14051
14052
14053
14054
14055
14058
14060
14061
14062
14063
14064
14065
14066
14071
14072
14074
14075
14079
14080
14081
14097
14098
14099
14100
14110
14111
14117
14120
14124
14125
14126
14127
14128
14129
14131
14132
14133
14134
14135
14139
14141
14142
14143
14145
14146
14147
14153
14155
14156
14158
14159
14160
14163
14166
14168
14169
14170
14171
14173
14174
14176
14177
14178
14181
14183
14184
14185
14191
14192
14193
14194
14195
14196
14197
14198
14202
14206
14207
14208
14209
14210
14211
14212
14213
14223
14230
14240
14241
14246
14247
14248
14250
14253
14254
14255
14257
14258
14259
14260
14261
14263
14267
14270
14273
14274
14276
14277
14280
14282
14283
14284
14286
14288
14289
14290
14291
14293
14295
14296
14297
14303
14306
14307
14308
14309
14310
14312
14315
14316
14317
14318
14319
14320
14334
14339
14341
14342
14343
14345
14346
14347
14359
14363
14366
14376
14378
14380
14384
14385
14386
14387
14388
14389
14391
14392
14393
14395
14396
14397
14399
14400
14401
14403
14404
14405
14407
14408
14409
14410
14411
14412
14414
14415
14416
14417
14418
14419
14420
14421
14422
14423
14424
14428
14430
14431
14432
14433
14434
14438
14439
14440
14441
14443
14444
14445
14452
14453
14454
14455
14456
14457
14458
14462
14463
14464
14465
14466
14468
14469
14470
14471
14472
14473
14474
14475
14476
14478
14479
14480
14482
14483
14484
14485
14487
14488
14493
14494
14497
14503
14505
14507
14508
14510
14514
14525
14526
14527
14529
14530
14531
14532
14534
14535
14536
14545
14548
14549
14550
14551
14552
14554
14555
14558
14559
14562
14564
14569
14570
14571
14572
14573
14575
14577
14579
14580
14585
14586
14587
14588
14589
14590
14592
14596
14597
14601
14602
14604
14605
14607
14608
14609
14610
14613
14614
14615
14616
14617
14618
14630
14637
14638
14639
14640
14641
14642
14643
14644
14645
14646
14647
14648
14652
14657
14667
14676
14679
14681
14682
14684
14685
14686
14687
14688
14689
14691
14692
14693
14694
14695
14696
14697
14698
14699
14700
14701
14702
14704
14705
14706
14709
14711
14713
14715
14717
14720
14722
14726
14727
14730
14733
14735
14736
14738
14740
14741
14742
14743
14745
14747
14748
14752
14755
14757
14758
14759
14760
14761
14762
14763
14764
14766
14767
14768
14769
14770
14771
14775
14776
14777
14783
14785
14795
14796
14797
14798
14799
14800
14804
14805
14807
14810
14811
14812
14813
14816
14817
14818
14819
14823
14824
14826
14830
14838
14842
14843
14844
14845
14846
14847
14848
14851
14855
14858
14859
14861
14862
14863
14868
14869
14870
14871
14872
14873
14875
14877
14879
14880
14881
14882
14883
14884
14889
14890
14891
14892
14894
14895
14896
14897
14898
14899
14900
14901
14902
14903
14906
14907
14916
14920
14941
14942
14944
14945
14948
14949
14950
14951
14952
14953
14955
14956
14962
14963
14967
14968
14969
14974
14975
14976
14977
14978
14980
14982
14983
14984
14985
14986
14987
14988
14989
14990
14991
14992
14993
14994
14995
14996
14998
15006
15013
15014
15015
15016
15018
15019
15020
15021
15022
15025
15031
15043
15044
15049
15050
15055
15056
15057
15058
15063
15064
15066
15067
15068
15070
15071
15072
15073
15074
15075
15079
15080
15082
15083
15093
15095
15096
15097
15098
15099
15100
15101
15102
15103
15104
15106
15107
15108
15119
15123
15124
15125
15126
15127
15133
15138
15143
15144
15145
15152
15154
15155
15156
15157
15160
15165
15166
15167
15168
15169
15171
15172
15174
15175
15176
15177
15178
15179
15180
15183
15184
15185
15187
15188
15192
15193
15194
15197
15198
15200
15201
15202
15203
15204
15210
15211
15212
15213
15214
15215
15216
15217
15219
15224
15227
15228
15229
15230
15231
15232
15233
15234
15235
15236
15237
15239
15240
15241
15243
15244
15245
15246
15247
15248
15249
15251
15252
15253
15254
15255
15256
15257
15258
15259
15262
15263
15270
15277
15280
15281
15282
15283
15284
15285
15286
15291
15295
15296
15297
15298
15299
15300
15301
15302
15303
15306
15307
15309
15310
15311
15312
15313
15314
15315
15318
15319
15322
15323
15324
15325
15326
15327
15328
15330
15332
15333
15335
15336
15337
15338
15339
15340
15341
15342
15346
15355
15356
15369
15370
15374
15375
15378
15380
15381
15382
15383
15384
15385
15388
15389
15390
15391
15392
15394
15395
15398
15399
15400
15401
15404
15406
15407
15411
15412
15413
15414
15415
15416
15417
15419
15420
15421
15423
15424
15425
15426
15427
15430
15432
15433
15435
15436
15438
15439
15440
15442
15443
15445
15447
15450
15452
15453
15456
15457
15458
15459
15460
15461
15462
15463
15464
15465
15467
15468
15469
15472
15473
15474
15475
15476
15477
15479
15484
15485
15486
15487
15488
15489
15494
15501
15502
15503
15509
15510
15511
15512
15514
15515
15519
15520
15521
15529
15530
15532
15534
15535
15536
15537
15538
15539
15540
15541
15542
15543
15544
15545
15546
15547
15548
15549
15550
15553
15557
15563
15564
15565
15566
15574
15575
15576
15577
15578
15579
15580
15581
15582
15598
15601
15603
15605
15612
15615
15616
15617
15618
15619
15620
15625
15627
15628
15629
15630
15637
15638
15639
15641
15642
15643
15645
15646
15649
15650
15652
15653
15655
15667
15675
15676
15678
15680
15681
15682
15684
15685
15686
15687
15688
15691
15692
15693
15694
15696
15697
15698
15699
15703
15704
15706
15707
15708
15709
15710
15711
15712
15713
15714
15715
15716
15717
15718
15719
15724
15725
15726
15727
15729
15733
15735
15737
15738
15739
15741
15742
15746
15747
15748
15756
15757
15763
15767
15772
15774
15775
15776
15777
15778
15780
15783
15788
15792
15800
15801
15802
15803
15804
15807
15808
15809
15810
15811
15812
15823
15824
15825
15826
15831
15833
15834
15836
15837
15838
15839
15842
15843
15844
15847
15851
15855
15858
15859
15860
15863
15870
15874
15875
15876
15880
15881
15883
15884
15885
15886
15887
15891
15893
15894
15895
15896
15897
15898
15899
15900
15901
15902
15903
15904
15905
15908
15909
15910
15911
15912
15913
15917
15918
15920
15921
15922
15923
15924
15925
15926
15931
15932
15933
15935
15936
15937
15943
15945
15946
15947
15948
15949
15950
15951
15952
15953
15954
15955
15956
15957
15959
15963
15964
15965
15966
15967
15968
15969
15970
15971
15972
15973
15974
15975
15976
15977
15978
15979
15980
15981
15982
15983
15984
15986
15987
15988
15989
15990
15991
15995
15996
16007
16013
16014
16015
16016
16019
16021
16022
16023
16024
16025
16027
16034
16040
16041
16042
16043
16044
16045
16046
16051
16052
16055
16057
16060
16061
16062
16063
16064
16065
16066
16067
16068
16069
16070
16071
16072
16073
16074
16075
16076
16077
16078
16079
16080
16082
16083
16084
16086
16087
16088
16090
16091
16092
16094
16095
16096
16098
16102
16103
16104
16105
16106
16112
16118
16119
16120
16121
16124
16125
16126
16128
16129
16130
16131
16132
16133
16134
16138
16139
16140
16141
16143
16144
16145
16146
16151
16152
16153
16160
16168
16177
16178
16181
16184
16185
16186
16187
16190
16194
16195
16196
16197
16202
16203
16207
16208
16209
16210
16211
16212
16216
16229
16236
16237
16241
16242
16245
16246
16249
16251
16252
16253
16255
16256
16257
16258
16259
16261
16262
16263
16265
16268
16269
16270
16271
16272
16276
16278
16279
16280
16281
16282
16283
16284
16285
16286
16287
16288
16289
16297
16300
16301
16302
16305
16310
16322
16323
16324
16325
16326
16328
16329
16330
16338
16340
16343
16345
16348
16349
16350
16356
16358
16360
16367
16368
16372
16378
16388
16389
16391
16392
16393
16394
16395
16396
16398
16399
16400
16404
16405
16406
16407
16408
16409
16410
16411
16412
16413
16414
16415
16416
16417
16418
16419
16420
16421
16422
16423
16428
16429
16430
16431
16433
16435
16436
16438
16439
16440
16441
16442
16443
16445
16446
16447
16448
16449
16450
16454
16469
16470
16493
16494
16495
16496
16501
16502
16503
16504
16506
16507
16509
16510
16511
16512
16513
16514
16515
16518
16519
16520
16522
16524
16528
16531
16533
16534
16535
16536
16537
16540
16543
16544
16547
16548
16549
16550
16551
16552
16555
16556
16557
16558
16561
16562
16563
16564
16565
16566
16567
16568
16569
16570
16573
16575
16576
16577
16581
16582
16583
16585
16586
16587
16589
16591
16593
16595
16597
16598
16604
16605
16608
16611
16616
16617
16618
16619
16622
16623
16624
16625
16630
16632
16638
16642
16644
16645
16646
16647
16649
16650
16651
16652
16653
16655
16656
16663
16664
16668
16669
16670
16671
16675
16678
16684
16688
16689
16690
16694
16696
16699
16702
16703
16704
16705
16706
16707
16710
16711
16712
16713
16714
16715
16716
16717
16718
16719
16720
16721
16722
16724
16725
16727
16728
16729
16730
16731
16732
16733
16734
16735
16736
16737
16738
16739
16740
16741
16742
16743
16744
16748
16750
16751
16752
16753
16754
16756
16766
16771
16772
16773
16774
16775
16776
16777
16778
16779
16780
16781
16782
16784
16785
16786
16788
16789
16790
16792
16793
16798
16799
16802
16806
16807
16808
16809
16812
16814
16816
16817
16818
16819
16820
16821
16822
16823
16824
16825
16826
16831
16832
16834
16836
16842
16843
16844
16845
16851
16852
16853
16854
16855
16856
16857
16858
16859
16861
16867
16869
16870
16871
16872
16873
16874
16876
16877
16878
16880
16881
16882
16883
16884
16885
16886
16893
16897
16898
16899
16900
16902
16903
16905
16906
16907
16908
16909
16910
16914
16926
16928
16929
16931
16932
16933
16934
16937
16938
16939
16940
16941
16942
16943
16944
16946
16949
16951
16953
16957
16958
16959
16960
16968
16970
16975
16980
16981
16985
16986
16987
16988
16989
16990
16992
16995
16996
16997
16998
16999
17000
17002
17003
17005
17006
17007
17014
17023
17024
17025
17026
17031
17032
17033
17034
17035
17036
17037
17039
17045
17055
17056
17057
17058
17064
17067
17069
17077
17078
17081
17082
17083
17084
17085
17088
17089
17093
17100
17102
17106
17107
17108
17109
17110
17115
17118
17119
17120
17123
17128
17130
17131
17132
17133
17134
17135
17136
17137
17138
17139
17140
17142
17147
17148
17151
17152
17155
17161
17162
17163
17164
17165
17166
17167
17168
17169
17172
17173
17174
17175
17176
17179
17180
17181
17182
17184
17185
17186
17189
17190
17192
17193
17194
17196
17197
17198
17199
17202
17203
17204
17205
17206
17207
17208
17214
17218
17219
17220
17221
17224
17225
17227
17228
17229
17230
17231
17232
17233
17234
17237
17241
17242
17244
17245
17246
17250
17255
17256
17257
17258
17259
17260
17261
17262
17263
17269
17270
17271
17272
17278
17281
17283
17286
17287
17288
17293
17294
17295
17296
17297
17298
17299
17300
17306
17309
17310
17311
17312
17313
17315
17316
17317
17318
17319
17320
17325
17326
17327
17328
17329
17330
17331
17332
17333
17334
17335
17336
17337
17338
17339
17341
17342
17343
17344
17345
17346
17347
17350
17351
17352
17354
17355
17358
17360
17361
17362
17363
17364
17365
17366
17367
17368
17369
17370
17371
17372
17373
17374
17375
17376
17377
17378
17379
17382
17385
17386
17387
17388
17389
17390
17391
17392
17394
17395
17396
17398
17399
17403
17407
17408
17411
17412
17416
17418
17420
17421
17424
17425
17431
17433
17434
17435
17436
17437
17438
17439
17440
17441
17442
17445
17447
17452
17456
17457
17458
17459
17460
17461
17462
17463
17464
17467
17468
17469
17471
17472
17473
17474
17476
17477
17478
17479
17480
17481
17482
17508
17511
17512
17514
17515
17516
17517
17518
17519
17520
17521
17522
17523
17524
17525
17526
17539
17540
17541
17542
17545
17546
17547
17548
17549
17550
17551
17552
17554
17555
17560
17561
17562
17565
17567
17568
17569
17570
17571
17578
17580
17581
17584
17585
17588
17589
17591
17594
17595
17596
17599
17602
17603
17604
17606
17607
17608
17616
17617
17618
17619
17621
17622
17623
17624
17625
17626
17627
17628
17629
17630
17631
17635
17636
17637
17638
17639
17640
17641
17642
17644
17647
17648
17649
17655
17657
17658
17659
17660
17661
17662
17663
17664
17665
17666
17667
17668
17669
17670
17674
17679
17685
17686
17688
17690
17691
17695
17696
17697
17699
17701
17706
17707
17708
17709
17710
17711
17712
17715
17716
17718
17719
17720
17721
17722
17723
17727
17728
17729
17730
17732
17736
17739
17740
17741
17742
17746
17749
17750
17756
17757
17758
17759
17761
17762
17764
17765
17766
17767
17768
17769
17771
17772
17773
17774
17776
17781
17782
17783
17784
17785
17786
17787
17796
17797
17799
17807
17808
17828
17831
17832
17833
17834
17835
17837
17838
17839
17840
17843
17844
17845
17846
17847
17848
17849
17850
17853
17854
17855
17859
17862
17863
17866
17867
17868
17870
17871
17872
17873
17874
17875
17876
17877
17878
17879
17880
17881
17882
17884
17885
17886
17889
17890
17891
17892
17893
17894
17895
17896
17897
17898
17900
17901
17903
17904
17905
17908
17911
17913
17914
17915
17916
17917
17918
17919
17920
17921
17922
17924
17925
17927
17929
17930
17931
17932
17933
17934
17935
17937
17939
17940
17949
17950
17951
17952
17953
17954
17959
17962
17964
17965
17967
17969
17980
17984
17985
17989
17994
17997
18001
18002
18006
18008
18009
18012
18013
18014
18017
18019
18025
18026
18028
18029
18036
18037
18041
18042
18043
18044
18045
18046
18047
18051
18052
18056
18066
18071
18072
18073
18079
18080
18081
18082
18083
18084
18085
18086
18087
18088
18089
18091
18092
18096
18098
18100
18103
18105
18106
18108
18109
18110
18111
18112
18113
18114
18115
18116
18117
18118
18119
18130
18131
18133
18135
18137
18138
18141
18142
18143
18144
18146
18147
18148
18151
18152
18153
18154
18155
18157
18158
18159
18161
18162
18163
18165
18166
18169
18171
18172
18174
18175
18176
18177
18181
18182
18183
18186
18188
18189
18190
18191
18192
18196
18197
18198
18200
18201
18202
18204
18205
18206
18207
18208
18210
18216
18218
18227
18229
18232
18233
18236
18237
18239
18240
18241
18243
18244
18245
18246
18247
18248
18249
18251
18253
18256
18257
18260
18263
18264
18266
18267
18268
18269
18270
18271
18272
18278
18279
18280
18281
18282
18283
18286
18288
18289
18290
18291
18292
18293
18294
18295
18296
18297
18298
18299
18300
18303
18304
18305
18306
18307
18310
18314
18315
18316
18317
18318
18319
18320
18321
18322
18323
18324
18325
18326
18327
18328
18329
18330
18331
18332
18333
18334
18337
18338
18339
18341
18342
18343
18345
18347
18348
18349
18350
18351
18352
18353
18354
18355
18356
18357
18358
18359
18360
18361
18362
18363
18364
18365
18367
18368
18371
18377
18381
18385
18386
18387
18388
18391
18393
18394
18395
18396
18399
18400
18401
18402
18403
18404
18405
18406
18410
18411
18412
18417
18418
18421
18429
18430
18440
18441
18442
18444
18445
18447
18448
18449
18451
18452
18453
18454
18455
18458
18461
18462
18463
18464
18465
18466
18467
18468
18469
18470
18471
18472
18475
18480
18481
18482
18483
18484
18485
18488
18489
18491
18492
18494
18496
18499
18500
18501
18504
18506
18515
18516
18517
18518
18520
18522
18523
18524
18525
18528
18529
18530
18531
18532
18533
18535
18536
18537
18541
18545
18546
18547
18548
18549
18550
18555
18556
18557
18558
18559
18560
18561
18562
18563
18565
18566
18567
18569
18570
18571
18572
18573
18574
18575
18578
18579
18580
18582
18583
18584
18585
18586
18588
18589
18590
18593
18594
18595
18596
18599
18601
18602
18605
18610
18611
18612
18613
18614
18615
18616
18619
18628
18631
18632
18637
18638
18639
18644
18646
18647
18648
18650
18651
18653
18654
18655
18656
18657
18659
18660
18661
18663
18664
18672
18673
18674
18675
18676
18677
18678
18679
18681
18682
18683
18684
18685
18686
18687
18688
18689
18690
18691
18692
18693
18694
18695
18696
18697
18698
18699
18701
18702
18704
18705
18707
18710
18714
18715
18718
18719
18720
18721
18725
18727
18728
18729
18730
18731
18732
18733
18734
18736
18738
18742
18747
18748
18749
18750
18752
18753
18754
18755
18756
18758
18759
18760
18761
18762
18763
18766
18769
18770
18773
18774
18775
18778
18784
18785
18788
18792
18793
18794
18795
18796
18797
18798
18799
18800
18801
18802
18803
18804
18805
18806
18807
18810
18812
18816
18821
18822
18823
18828
18829
18832
18833
18834
18840
18842
18860
18866
18869
18870
18874
18876
18878
18880
18881
18885
18887
18888
18889
18890
18891
18892
18893
18894
18897
18898
18899
18902
18907
18908
18909
18910
18911
18912
18913
18918
18919
18921
18922
18932
18933
18934
18935
18936
18937
18938
18939
18942
18945
18946
18947
18948
18949
18951
18953
18954
18955
18956
18957
18958
18961
18962
18963
18964
18966
18967
18968
18969
18970
18971
18972
18974
18975
18976
18979
18980
18984
18985
18986
18987
18988
18989
18990
18991
18994
19000
19010
19011
19012
19013
19016
19017
19018
19019
19021
19027
19029
19030
19031
19032
19033
19034
19035
19036
19037
19039
19051
19052
19053
19054
19056
19057
19058
19059
19060
19061
19063
19065
19070
19079
19082
19085
19086
19087
19088
19089
19090
19091
19092
19093
19095
19096
19097
19099
19102
19104
19105
19107
19111
19117
19118
19119
19120
19126
19127
19130
19133
19134
19135
19137
19138
19139
19147
19148
19149
19150
19155
19157
19161
19165
19166
19167
19168
19169
19171
19172
19173
19174
19175
19176
19177
19179
19180
19181
19182
19183
19184
19185
19186
19187
19188
19191
19192
19195
19196
19197
19199
19209
19210
19211
19212
19213
19214
19217
19218
19219
19220
19222
19224
19227
19228
19229
19230
19231
19232
19233
19239
19242
19243
19248
19249
19253
19254
19256
19263
19266
19273
19274
19275
19276
19277
19280
19282
19285
19286
19287
19288
19289
19299
19300
19301
19302
19304
19307
19310
19311
19312
19313
19315
19316
19317
19319
19322
19323
19324
19325
19326
19327
19328
19331
19332
19333
19334
19337
19339
19340
19341
19342
19346
19348
19349
19351
19353
19354
19355
19361
19362
19363
19368
19369
19370
19371
19373
19374
19377
19378
19380
19381
19382
19383
19384
19386
19387
19388
19389
19395
19397
19398
19402
19404
19406
19415
19416
19417
19420
19421
19422
19423
19425
19430
19433
19434
19435
19436
19437
19438
19439
19440
19444
19446
19447
19448
19449
19450
19453
19454
19455
19459
19465
19467
19470
19471
19472
19473
19474
19478
19480
19481
19482
19483
19484
19486
19492
19495
19496
19497
19498
19499
19500
19501
19502
19503
19504
19506
19507
19509
19510
19511
19512
19513
19515
19516
19517
19518
19520
19521
19523
19524
19526
19527
19528
19529
19530
19532
19533
19534
19538
19540
19541
19545
19550
19552
19553
19554
19556
19557
19558
19560
19566
19567
19568
19569
19570
19579
19592
19593
19597
19614
19615
19620
19622
19625
19628
19634
19635
19636
19637
19639
19640
19642
19645
19647
19651
19653
19654
19655
19661
19662
19666
19673
19674
19688
19694
19696
19697
19698
19704
19705
19707
19708
19709
19710
19711
19714
19715
19716
19717
19718
19723
19724
19725
19726
19727
19728
19730
19731
19732
19733
19734
19737
19738
19739
19748
19750
19754
19761
19764
19788
19790
19791
19792
19793
19794
19796
19797
19798
19802
19803
19804
19805
19808
19812
19813
19814
19815
19816
19817
19821
19822
19823
19830
19831
19833
19835
19838
19842
19844
19846
19847
19849
19851
19857
19858
19859
19861
19862
19870
19879
19880
19881
19882
19885
19886
19887
19893
19897
19898
19901
19902
19903
19904
19910
19912
19914
19915
19917
19918
19919
19920
19921
19922
19923
19926
19927
19928
19929
19930
19931
19933
19934
19935
19937
19938
19939
19943
19947
19948
19951
19953
19954
19955
19956
19962
19964
19966
19972
19975
19976
19983
19984
19986
19987
19988
19989
19992
19993
19995
19997
19998
19999
20002
20003
20004
20005
20006
20008
20011
20016
20017
20018
20022
20025
20026
20027
20033
20034
20037
20038
20039
20040
20041
20042
20044
20045
20046
20047
20054
20055
20058
20059
20060
20064
20065
20066
20067
20068
20071
20072
20073
20074
20076
20077
20079
20081
20082
20084
20085
20086
20087
20088
20089
20090
20091
20092
20093
20098
20099
20100
20101
20106
20107
20108
20109
20110
20111
20113
20114
20115
20116
20126
20127
20128
20129
20130
20131
20132
20133
20134
20135
20138
20139
20140
20142
20143
20144
20146
20149
20151
20155
20159
20160
20162
20164
20172
20173
20174
20184
20185
20186
20190
20191
20194
20195
20196
20197
20198
20202
20203
20205
20207
20208
20209
20212
20213
20226
20227
20233
20234
20235
20238
20240
20242
20246
20249
20250
20251
20256
20257
20258
20259
20260
20261
20272
20273
20279
20281
20282
20291
20292
20293
20297
20302
20305
20307
20308
20311
20312
20313
20318
20322
20323
20324
20326
20327
20332
20333
20334
20337
20338
20339
20341
20342
20347
20349
20350
20356
20357
20358
20360
20361
20362
20369
20370
20371
20373
20384
20387
20391
20394
20395
20441
20442
20443
20444
20450
20451
20452
20454
20461
20467
20469
20473
20476
20477
20485
20488
20489
20493
20495
20496
20500
20502
20503
20505
20506
20508
20509
20512
20514
20521
20534
20555
20557
20558
20559
20560
20561
20562
20563
20564
20566
20570
20571
20572
20573
20574
20580
20597
20599
20611
20624
20639
20641
20642
20645
20646
20649
20650
20651
20652
20653
20654
20655
20657
20660
20661
20662
20663
20664
20669
20670
20677
20678
20679
20680
20684
20685
20686
20688
20692
20693
20694
20695
20696
20698
20699
20700
20701
20702
20703
20704
20705
20706
20707
20708
20710
20712
20713
20714
20715
20716
20720
20721
20722
20724
20725
20727
20728
20729
20730
20737
20738
20739
20740
20741
20742
20745
20746
20747
20752
20753
20767
20768
20769
20771
20789
20804
20805
20806
20807
20808
20809
20811
20812
20813
20814
20818
20820
20824
20828
20832
20833
20834
20835
20836
20837
20840
20843
20844
20845
20846
20847
20848
20849
20850
20851
20852
20853
20854
20856
20858
20859
20860
20861
20862
20863
20867
20876
20879
20886
20888
20891
20893
20894
20895
20896
20899
20900
20901
20902
20903
20906
20909
20913
20915
20919
20921
20922
20925
20926
20930
20931
20932
20934
20940
20944
20945
20946
20947
20948
20954
20955
20956
20957
20959
20960
20962
20964
20965
20968
20974
20975
20977
20978
20979
20980
20981
20982
20983
20985
20986
20988
20989
20990
20991
20992
20993
20996
20997
21002
21005
21009
21010
21011
21012
21015
21016
21017
21019
21020
21022
21023
21024
21026
21027
21028
21031
21032
21033
21034
21035
21036
21038
21039
21043
21044
21047
21048
21049
21050
21052
21055
21059
21069
21071
21073
21074
21077
21078
21082
21083
21089
21090
21091
21092
21096
21098
21099
21103
21104
21105
21106
21107
21108
21109
21110
21111
21112
21113
21114
21117
21122
21123
21124
21125
21127
21131
21132
21135
21138
21139
21140
21141
21150
21151
21152
21153
21155
21156
21157
21158
21159
21161
21162
21164
21165
21166
21167
21171
21173
21177
21178
21180
21181
21182
21183
21185
21188
21189
21200
21204
21205
21206
21210
21212
21213
21214
21215
21216
21217
21218
21219
21220
21221
21222
21224
21226
21227
21228
21229
21230
21231
21232
21233
21234
21235
21236
21237
21238
21239
21240
21241
21243
21244
21246
21247
21249
21251
21252
21254
21255
21256
21257
21258
21259
21261
21262
21263
21264
21265
21268
21269
21271
21274
21275
21285
21286
21287
21288
21290
21291
21292
21295
21296
21300
21301
21307
21317
21318
21319
21320
21321
21322
21325
21329
21330
21331
21332
21334
21335
21336
21339
21342
21343
21345
21346
21351
21352
21354
21355
21359
21360
21362
21363
21364
21365
21367
21371
21372
21373
21375
21380
21381
21382
21383
21387
21399
21404
21405
21406
21407
21408
21411
21412
21414
21418
21420
21421
21422
21425
21435
21436
21437
21438
21440
21444
21446
21447
21449
21450
21451
21452
21453
21455
21456
21460
21462
21468
21470
21473
21474
21475
21478
21481
21482
21487
21491
21492
21495
21496
21499
21500
21508
21509
21510
21526
21527
21528
21532
21533
21537
21538
21539
21540
21559
21560
21561
21562
21564
21565
21566
21567
21569
21570
21572
21573
21574
21575
21578
21579
21599
21601
21603
21606
21616
21619
21621
21622
21624
21627
21628
21631
21634
21638
21648
21655
21657
21658
21660
21661
21667
21678
21680
21682
21685
21686
21688
21689
21693
21696
21697
21698
21701
21703
21704
21705
21706
21707
21708
21709
21711
21712
21714
21717
21718
21720
21721
21722
21723
21724
21725
21726
21740
21741
21742
21743
21744
21745
21750
21751
21752
21753
21754
21755
21756
21764
21765
21767
21768
21775
21776
21777
21780
21790
21792
21793
21798
21800
21803
21806
21809
21810
21811
21812
21813
21815
21820
21824
21825
21833
21834
21835
21836
21837
21838
21839
21840
21841
21842
21843
21844
21845
21846
21848
21849
21850
21851
21852
21853
21854
21855
21856
21857
21858
21859
21860
21864
21865
21866
21867
21868
21869
21870
21871
21873
21877
21878
21879
21881
21882
21883
21886
21887
21888
21889
21890
21891
21898
21899
21904
21909
21915
21917
21918
21919
21920
21921
21922
21923
21925
21926
21927
21928
21930
21931
21932
21933
21934
21935
21936
21937
21938
21939
21940
21941
21942
21943
21944
21945
21946
21949
21950
21951
21952
21953
21957
21958
21962
21963
21964
21966
21973
21974
21975
21976
21977
21978
21979
21980
21981
21988
21992
21993
21994
21995
21997
21998
21999
22000
22001
22002
22004
22005
22008
22009
22014
22017
22018
22019
22020
22024
22025
22026
22027
22029
22035
22046
22047
22048
22049
22050
22051
22062
22064
22065
22066
22067
22068
22069
22073
22074
22077
22078
22079
22080
22082
22083
22084
22088
22090
22094
22095
22096
22098
22099
22101
22110
22111
22112
22113
22116
22117
22119
22120
22121
22122
22123
22125
22126
22127
22128
22129
22130
22131
22132
22133
22134
22135
22136
22138
22139
22140
22142
22143
22144
22145
22147
22148
22149
22151
22152
22153
22154
22155
22156
22158
22160
22161
22162
22164
22169
22175
22180
22181
22182
22183
22184
22185
22186
22187
22188
22190
22194
22200
22201
22202
22203
22204
22208
22210
22211
22214
22215
22218
22219
22220
22225
22227
22229
22231
22238
22239
22243
22246
22247
22248
22249
22250
22251
22252
22253
22254
22255
22256
22258
22260
22261
22262
22263
22264
22265
22266
22271
22277
22278
22279
22280
22283
22286
22287
22289
22290
22291
22292
22293
22296
22306
22310
22311
22312
22313
22314
22315
22316
22317
22318
22319
22320
22321
22325
22327
22331
22335
22336
22338
22340
22341
22343
22347
22349
22350
22351
22352
22353
22355
22356
22373
22374
22375
22376
22377
22378
22379
22380
22381
22382
22383
22385
22386
22387
22388
22389
22390
22391
22392
22393
22394
22395
22402
22403
22404
22405
22406
22407
22416
22417
22418
22423
22424
22425
22432
22434
22441
22442
22446
22448
22449
22450
22451
22453
22454
22456
22457
22460
22461
22465
22466
22467
22468
22470
22471
22472
22473
22475
22476
22479
22483
22485
22486
22487
22488
22489
22491
22492
22493
22494
22495
22496
22497
22505
22506
22507
22508
22509
22510
22513
22514
22515
22522
22523
22524
22526
22527
22528
22540
22541
22542
22544
22546
22547
22548
22559
22560
22561
22562
22563
22566
22567
22572
22573
22574
22575
22577
22581
22583
22587
22590
22591
22594
22595
22596
22599
22600
22601
22602
22607
22608
22609
22612
22613
22615
22616
22619
22621
22623
22634
22635
22636
22637
22640
22643
22649
22653
22654
22655
22657
22658
22659
22663
22664
22665
22668
22671
22676
22677
22678
22681
22683
22684
22685
22688
22689
22690
22691
22693
22695
22696
22697
22698
22699
22700
22704
22705
22706
22707
22708
22712
22713
22715
22716
22717
22720
22721
22722
22723
22724
22727
22729
22730
22731
22732
22734
22738
22739
22740
22744
22745
22746
22748
22749
22750
22751
22752
22754
22758
22765
22767
22771
22772
22773
22776
22781
22784
22785
22786
22787
22788
22789
22792
22801
22807
22813
22814
22815
22816
22817
22818
22819
22820
22822
22827
22828
22833
22834
22835
22837
22839
22841
22842
22845
22846
22847
22848
22849
22850
22851
22852
22853
22854
22855
22859
22860
22861
22862
22865
22866
22867
22868
22869
22870
22871
22872
22873
22875
22876
22877
22879
22880
22881
22882
22883
22884
22890
22893
22896
22897
22898
22899
22900
22903
22904
22906
22909
22910
22912
22914
22917
22920
22925
22926
22929
22930
22931
22932
22934
22935
22936
22939
22941
22943
22946
22952
22956
22957
22958
22959
22963
22964
22966
22967
22970
22971
22976
22977
22982
22983
22984
22988
22989
22992
22999
23000
23001
23002
23005
23007
23008
23026
23044
23045
23049
23052
23053
23060
23082
23085
23086
23087
23088
23090
23091
23093
23094
23097
23098
23103
23106
23107
23111
23112
23117
23121
23123
23124
23127
23133
23134
23135
23136
23142
23143
23144
23145
23146
23147
23148
23149
23152
23172
23204
23206
23207
23208
23212
23217
23221
23222
23223
23235
23238
23243
23247
23248
23249
23250
23251
23252
23253
23254
23255
23256
23257
23262
23263
23266
23267
23272
23273
23274
23275
23280
23282
23284
23287
23288
23289
23290
23292
23299
23301
23302
23303
23304
23305
23307
23308
23309
23310
23312
23315
23316
23324
23325
23327
23328
23329
23330
23331
23332
23335
23340
23343
23344
23345
23347
23348
23350
23351
23352
23355
23356
23357
23373
23375
23376
23377
23381
23382
23385
23387
23395
23398
23411
23414
23415
23416
23417
23418
23419
23420
23421
23422
23423
23424
23425
23428
23439
23440
23441
23442
23445
23450
23451
23457
23458
23459
23460
23463
23464
23466
23467
23468
23471
23475
23476
23480
23481
23482
23483
23484
23485
23486
23487
23488
23489
23490
23491
23492
23493
23494
23495
23496
23499
23501
23502
23503
23505
23506
23507
23508
23511
23514
23515
23516
23517
23521
23522
23524
23525
23526
23527
23540
23541
23542
23543
23544
23545
23546
23547
23550
23551
23572
23581
23582
23583
23584
23585
23586
23588
23589
23602
23638
23646
23647
23648
23652
23653
23654
23655
23668
23675
23676
23679
23680
23682
23683
23685
23687
23688
23689
23693
23694
23695
23701
23705
23706
23726
23741
23749
23752
23753
23754
23755
23756
23757
23758
23759
23761
23765
23766
23768
23781
23782
23783
23784
23786
23787
23792
23793
23794
23801
23802
23803
23805
23806
23809
23815
23821
23822
23826
23827
23828
23832
23834
23836
23837
23838
23839
23840
23841
23843
23849
23864
23865
23866
23867
23868
23873
23874
23875
23876
23877
23894
23895
23897
23898
23899
23900
23911
23975
23976
23987
23988
23991
23994
23995
23997
23998
23999
24000
24001
24003
24004
24005
24006
24007
24008
24009
24010
24011
24012
24014
24016
24018
24019
24020
24021
24022
24023
24024
24028
24030
24034
24035
24036
24037
24040
24041
24042
24043
24044
24045
24046
24047
24048
24050
24057
24059
24060
24061
24062
24067
24069
24072
24073
24083
24085
24086
24088
24089
24096
24097
24099
24100
24105
24106
24107
24109
24110
24111
24118
24122
24123
24124
24125
24127
24128
24129
24130
24131
24132
24133
24134
24136
24137
24139
24140
24142
24143
24144
24149
24152
24156
24157
24158
24161
24162
24163
24164
24165
24166
24167
24168
24169
24170
24171
24172
24173
24175
24176
24178
24179
24181
24182
24183
24184
24185
24186
24196
24201
24202
24203
24207
24212
24213
24214
24215
24229
24233
24238
24239
24240
24241
24242
24243
24245
24246
24247
24249
24253
24254
24256
24257
24258
24259
24260
24264
24265
24266
24267
24268
24269
24270
24271
24272
24273
24274
24277
24279
24282
24283
24284
24289
24290
24305
24306
24308
24316
24317
24318
24319
24320
24321
24322
24323
24324
24325
24326
24327
24329
24331
24332
24335
24336
24339
24340
24341
24350
24353
24355
24356
24357
24358
24359
24360
24363
24367
24368
24369
24370
24372
24376
24390
24391
24392
24394
24395
24396
24397
24398
24399
24402
24403
24404
24405
24408
24411
24415
24419
24420
24425
24428
24434
24437
24438
24440
24442
24444
24445
24446
24447
24452
24453
24455
24456
24458
24459
24460
24461
24462
24463
24464
24465
24466
24467
24468
24469
24470
24471
24472
24473
24474
24477
24481
24482
24483
24485
24486
24487
24488
24489
24491
24493
24494
24495
24528
24531
24533
24534
24535
24538
24539
24540
24541
24543
24544
24545
24546
24547
24548
24549
24550
24551
24552
24553
24554
24555
24556
24557
24558
24560
24561
24562
24563
24564
24565
24566
24567
24568
24569
24572
24573
24574
24575
24576
24577
24578
24579
24580
24581
24582
24583
24584
24585
24586
24587
24588
24589
24590
24591
24594
24595
24597
24598
24600
24601
24602
24603
24605
24606
24607
24608
24609
24610
24611
24612
24613
24614
24615
24616
24617
24619
24626
24627
24631
24632
24635
24638
24639
24640
24643
24647
24648
24650
24651
24653
24654
24660
24661
24662
24663
24664
24672
24674
24675
24681
24684
24685
24686
24687
24688
24696
24700
24707
24711
24715
24716
24718
24720
24722
24723
24724
24727
24728
24731
24744
24745
24746
24747
24748
24751
24769
24771
24774
24775
24776
24778
24779
24780
24781
24783
24785
24786
24797
24805
24809
24811
24815
24816
24819
24820
24823
24825
24826
24829
24830
24834
24836
24838
24839
24843
24845
24847
24848
24849
24874
24875
24876
24878
24880
24881
24883
24884
24889
24892
24894
24897
24898
24900
24902
24903
24910
24911
24912
24913
24919
24920
24921
24923
24924
24926
24928
24929
24930
24934
24935
24936
24938
24939
24940
24941
24950
24953
24954
24955
24957
24958
24960
24961
24962
24966
24967
24968
24969
24970
24972
24978
24981
24986
24992
24993
24994
24995
24996
24997
24998
24999
25000
25001
25002
25003
25006
25007
25008
25029
25031
25032
25033
25034
25035
25036
25037
25042
25043
25044
25045
25046
25047
25048
25049
25050
25051
25052
25054
25055
25056
25059
25064
25065
25066
25069
25071
25072
25087
25091
25095
25097
25098
25099
25100
25101
25103
25108
25110
25111
25112
25113
25114
25117
25119
25122
25123
25124
25125
25126
25127
25128
25129
25130
25131
25132
25133
25134
25135
25136
25137
25138
25139
25140
25141
25142
25143
25145
25146
25147
25148
25149
25150
25151
25152
25153
25154
25155
25156
25157
25158
25159
25160
25161
25162
25164
25165
25166
25168
25176
25179
25181
25184
25187
25188
25189
25190
25191
25198
25200
25201
25202
25203
25204
25205
25206
25207
25208
25209
25211
25212
25213
25214
25215
25216
25217
25219
25222
25224
25229
25231
25233
25234
25235
25238
25239
25240
25241
25243
25244
25246
25248
25249
25252
25253
25254
25255
25256
25258
25260
25261
25262
25263
25265
25267
25268
25269
25272
25273
25278
25279
25280
25282
25283
25285
25286
25287
25289
25291
25292
25295
25296
25297
25298
25302
25308
25311
25315
25316
25317
25318
25319
25320
25321
25322
25323
25324
25325
25326
25327
25328
25330
25331
25332
25333
25336
25337
25344
25347
25348
25349
25350
25351
25358
25359
25360
25361
25362
25363
25367
25369
25370
25371
25374
25375
25376
25377
25378
25380
25381
25383
25385
25386
25388
25390
25394
25396
25397
25398
25399
25405
25406
25407
25408
25410
25411
25412
25415
25416
25418
25420
25422
25423
25424
25425
25435
25442
25443
25444
25445
25446
25447
25448
25449
25450
25451
25452
25459
25461
25465
25467
25468
25471
25472
25473
25474
25475
25476
25477
25479
25482
25483
25484
25497
25498
25500
25501
25505
25507
25508
25509
25514
25515
25525
25526
25529
25530
25537
25538
25539
25541
25546
25549
25550
25552
25553
25554
25555
25558
25559
25560
25561
25562
25567
25568
25569
25570
25572
25573
25574
25575
25579
25580
25581
25582
25583
25584
25585
25586
25587
25588
25589
25590
25591
25592
25593
25595
25596
25597
25600
25601
25602
25603
25613
25614
25615
25616
25617
25619
25620
25621
25622
25623
25624
25625
25626
25629
25630
25631
25632
25633
25634
25636
25637
25638
25640
25641
25642
25643
25644
25645
25646
25647
25648
25649
25650
25652
25653
25657
25659
25660
25661
25662
25664
25665
25666
25667
25668
25670
25671
25672
25673
25674
25677
25678
25679
25680
25681
25682
25683
25684
25685
25687
25688
25692
25693
25695
25696
25701
25705
25706
25709
25710
25711
25712
25713
25716
25717
25730
25732
25733
25734
25736
25737
25738
25739
25746
25747
25748
25749
25750
25751
25752
25753
25754
25755
25756
25757
25758
25759
25760
25761
25762
25763
25764
25765
25766
25767
25770
25771
25772
25782
25783
25784
25785
25790
25791
25792
25793
25795
25796
25800
25801
25802
25803
25804
25805
25807
25809
25811
25812
25813
25814
25815
25816
25817
25821
25822
25826
25827
25828
25829
25830
25831
25832
25835
25836
25842
25843
25853
25854
25857
25859
25860
25865
25866
25867
25868
25869
25876
25877
25878
25879
25881
25885
25886
25888
25889
25895
25897
25898
25900
25902
25904
25906
25907
25908
25909
25913
25918
25921
25922
25923
25925
25926
25929
25930
25934
25935
25936
25937
25938
25939
25941
25943
25946
25950
25956
25957
25958
25959
25960
25961
25962
25963
25964
25967
25968
25969
25970
25971
25972
25973
25975
25981
25982
25983
25984
25997
25998
25999
26000
26001
26003
26004
26005
26006
26007
26008
26009
26010
26011
26012
26013
26014
26015
26016
26018
26022
26023
26024
26027
26028
26029
26039
26042
26043
26047
26049
26051
26054
26055
26058
26063
26064
26065
26066
26067
26068
26069
26070
26071
26072
26073
26074
26075
26076
26077
26078
26079
26080
26081
26082
26083
26086
26092
26093
26094
26096
26098
26099
26100
26101
26103
26104
26105
26106
26107
26108
26110
26112
26113
26114
26115
26116
26117
26119
26123
26125
26126
26128
26129
26130
26131
26132
26135
26140
26146
26150
26151
26159
26160
26161
26163
26164
26165
26166
26167
26168
26170
26171
26172
26176
26179
26182
26187
26188
26189
26190
26191
26192
26193
26199
26200
26204
26205
26206
26207
26209
26210
26243
26246
26247
26248
26253
26254
26255
26258
26262
26264
26265
26266
26269
26274
26275
26276
26277
26278
26279
26284
26285
26287
26288
26290
26294
26296
26298
26299
26301
26303
26304
26306
26307
26310
26311
26312
26313
26314
26315
26317
26318
26320
26321
26322
26324
26329
26330
26331
26332
26333
26335
26336
26340
26343
26349
26350
26353
26378
26379
26384
26385
26387
26389
26390
26391
26392
26394
26396
26397
26398
26400
26401
26402
26403
26404
26405
26406
26412
26419
26421
26425
26427
26428
26431
26432
26433
26435
26436
26437
26442
26443
26446
26448
26450
26454
26455
26456
26458
26459
26460
26461
26462
26463
26464
26465
26466
26468
26469
26470
26471
26472
26473
26474
26475
26476
26478
26480
26481
26488
26489
26497
26501
26502
26503
26504
26505
26506
26511
26515
26516
26517
26519
26522
26525
26526
26529
26530
26531
26532
26534
26535
26536
26540
26541
26571
26575
26576
26577
26581
26587
26588
26589
26590
26595
26596
26597
26598
26599
26600
26601
26602
26603
26604
26605
26613
26615
26623
26627
26629
26631
26632
26633
26634
26635
26636
26637
26638
26639
26640
26641
26642
26643
26644
26645
26646
26647
26648
26649
26651
26652
26653
26654
26655
26656
26657
26659
26660
26661
26662
26663
26664
26665
26666
26671
26672
26673
26675
26676
26680
26683
26684
26685
26690
26691
26694
26697
26698
26699
26700
26701
26702
26704
26705
26706
26707
26708
26709
26710
26715
26716
26718
26720
26721
26731
26733
26734
26737
26746
26747
26748
26753
26754
26755
26756
26757
26758
26759
26762
26763
26764
26766
26769
26771
26774
26775
26777
26779
26780
26781
26782
26790
26791
26792
26793
26800
26801
26802
26803
26805
26806
26809
26810
26812
26813
26814
26816
26817
26818
26819
26820
26821
26824
26830
26831
26832
26833
26834
26835
26836
26837
26838
26839
26840
26841
26842
26845
26848
26850
26856
26857
26858
26859
26860
26861
26862
26866
26868
26869
26870
26872
26873
26874
26875
26877
26878
26879
26880
26881
26883
26887
26888
26890
26891
26900
26901
26902
26903
26904
26905
26906
26908
26911
26912
26913
26914
26915
26916
26917
26918
26919
26921
26928
26929
26933
26934
26935
26936
26937
26938
26939
26941
26948
26951
26952
26954
26955
26956
26958
26959
26960
26961
26962
26963
26965
26966
26968
26969
26970
26971
26972
26973
26974
26976
26977
26978
26980
26982
26983
26985
26987
26988
26995
26997
27000
27001
27002
27003
27006
27007
27009
27010
27012
27013
27015
27021
27022
27023
27032
27034
27038
27041
27042
27043
27044
27045
27046
27047
27048
27049
27050
27052
27053
27055
27056
27057
27058
27059
27060
27061
27062
27063
27064
27065
27067
27068
27069
27070
27071
27073
27074
27075
27078
27080
27081
27082
27083
27086
27087
27089
27094
27095
27096
27098
27100
27101
27102
27103
27126
27133
27135
27146
27147
27148
27150
27151
27152
27154
27158
27160
27161
27163
27164
27165
27169
27170
27172
27173
27175
27176
27180
27185
27186
27190
27191
27195
27197
27198
27199
27200
27205
27206
27207
27208
27215
27216
27218
27219
27220
27221
27222
27224
27231
27246
27249
27250
27251
27253
27254
27259
27281
27282
27285
27286
27287
27288
27289
27290
27291
27296
27298
27299
27300
27301
27302
27303
27304
27305
27306
27307
27308
27309
27310
27318
27319
27320
27321
27322
27323
27324
27326
27329
27331
27332
27333
27334
27335
27337
27338
27340
27341
27342
27343
27344
27346
27347
27348
27349
27350
27351
27352
27353
27354
27356
27359
27361
27364
27365
27366
27367
27369
27373
27374
27375
27376
27381
27384
27391
27392
27395
27396
27397
27398
27399
27409
27411
27417
27418
27419
27423
27430
27433
27434
27435
27436
27437
27438
27439
27442
27445
27447
27448
27449
27453
27455
27458
27459
27461
27462
27463
27465
27466
27467
27468
27469
27471
27478
27479
27480
27481
27486
27498
27499
27501
27502
27503
27505
27506
27515
27519
27520
27523
27524
27525
27527
27528
27529
27530
27537
27540
27541
27543
27544
27545
27561
27562
27563
27571
27572
27573
27577
27578
27579
27582
27583
27584
27585
27586
27588
27589
27590
27593
27594
27598
27601
27603
27604
27608
27609
27610
27611
27612
27613
27614
27615
27616
27617
27624
27626
27627
27628
27631
27632
27633
27634
27635
27636
27637
27641
27642
27643
27648
27649
27650
27651
27652
27653
27654
27656
27659
27662
27663
27664
27665
27672
27673
27674
27675
27676
27680
27681
27682
27684
27686
27687
27688
27689
27690
27692
27694
27695
27696
27697
27698
27699
27700
27701
27707
27712
27715
27723
27724
27726
27728
27729
27730
27731
27733
27735
27736
27737
27740
27741
27742
27743
27746
27747
27748
27751
27752
27763
27764
27767
27768
27769
27771
27772
27782
27794
27795
27796
27797
27798
27799
27800
27804
27805
27806
27808
27809
27810
27812
27814
27817
27820
27822
27825
27826
27827
27828
27833
27834
27835
27836
27837
27838
27844
27845
27846
27847
27848
27849
27850
27851
27852
27853
27855
27856
27861
27862
27864
27865
27867
27868
27869
27870
27871
27874
27875
27876
27877
27879
27880
27881
27882
27883
27885
27886
27887
27888
27892
27895
27897
27898
27899
27900
27901
27903
27904
27905
27907
27909
27912
27915
27916
27917
27919
27920
27921
27922
27923
27924
27928
27929
27933
27934
27937
27939
27940
27941
27943
27946
27951
27959
27977
27978
27980
27982
27984
27985
27986
27987
27988
27989
27990
27991
27993
27994
27995
27996
27998
27999
28000
28001
28002
28003
28005
28007
28008
28011
28012
28013
28016
28020
28029
28032
28034
28036
28037
28038
28039
28043
28044
28047
28049
28050
28051
28053
28056
28060
28065
28067
28070
28071
28072
28073
28074
28075
28076
28081
28082
28083
28084
28085
28088
28089
28092
28093
28095
28100
28101
28102
28104
28106
28108
28109
28110
28114
28115
28116
28117
28118
28119
28120
28139
28140
28141
28142
28143
28145
28146
28147
28148
28153
28154
28155
28156
28157
28159
28163
28164
28166
28167
28169
28174
28181
28182
28183
28184
28185
28186
28187
28188
28189
28190
28193
28194
28195
28196
28207
28208
28209
28210
28211
28214
28218
28223
28224
28226
28228
28229
28230
28233
28234
28235
28238
28239
28240
28241
28243
28245
28256
28258
28260
28270
28273
28277
28281
28282
28286
28287
28288
28295
28296
28297
28299
28300
28301
28302
28305
28306
28308
28310
28311
28312
28313
28314
28315
28324
28325
28326
28330
28331
28334
28339
28342
28344
28345
28347
28349
28350
28351
28352
28354
28355
28358
28367
28369
28373
28375
28376
28377
28378
28380
28387
28396
28397
28400
28402
28403
28404
28405
28408
28409
28410
28411
28412
28416
28419
28424
28426
28427
28428
28429
28431
28432
28436
28438
28439
28440
28441
28464
28473
28474
28475
28476
28478
28479
28480
28481
28482
28485
28486
28487
28492
28493
28494
28495
28496
28497
28498
28499
28501
28502
28503
28504
28506
28507
28508
28510
28512
28513
28514
28519
28520
28521
28522
28523
28529
28530
28531
28532
28538
28539
28543
28545
28546
28547
28548
28549
28550
28551
28552
28553
28554
28555
28559
28561
28562
28575
28581
28582
28583
28584
28588
28590
28591
28592
28593
28594
28596
28597
28598
28599
28603
28604
28608
28611
28612
28614
28615
28616
28619
28620
28621
28624
28629
28630
28633
28634
28636
28637
28638
28640
28641
28642
28643
28644
28645
28646
28647
28648
28649
28650
28651
28652
28653
28654
28655
28656
28657
28658
28659
28660
28661
28662
28670
28671
28672
28675
28676
28677
28678
28681
28682
28683
28684
28685
28686
28687
28692
28693
28694
28695
28696
28697
28698
28699
28700
28701
28702
28703
28704
28705
28706
28707
28712
28714
28729
28733
28734
28755
28758
28759
28760
28765
28771
28773
28778
28779
28780
28781
28782
28785
28786
28791
28792
28793
28797
28798
28800
28801
28802
28804
28805
28806
28807
28808
28809
28810
28811
28812
28813
28817
28818
28822
28823
28824
28826
28828
28829
28830
28833
28834
28837
28838
28839
28840
28842
28847
28866
28869
28872
28873
28874
28875
28876
28877
28878
28882
28886
28887
28888
28889
28890
28892
28895
28897
28898
28899
28901
28902
28906
28907
28910
28911
28912
28913
28916
28919
28920
28922
28923
28924
28925
28928
28932
28933
28934
28936
28937
28938
28939
28940
28941
28942
28943
28944
28946
28947
28948
28949
28952
28955
28956
28957
28958
28960
28961
28962
28963
28965
28966
28974
28975
28977
28979
28985
28986
28987
28988
28989
28990
28991
28994
28995
28996
28997
28998
28999
29000
29005
29010
29015
29016
29017
29018
29019
29020
29021
29023
29024
29025
29026
29027
29030
29031
29032
29036
29038
29041
29042
29043
29044
29045
29046
29047
29048
29049
29052
29054
29055
29057
29058
29063
29064
29069
29070
29077
29078
29079
29080
29081
29086
29087
29089
29090
29092
29093
29094
29095
29096
29098
29099
29100
29104
29105
29106
29107
29110
29111
29114
29115
29116
29120
29122
29123
29124
29125
29129
29133
29134
29135
29136
29137
29138
29139
29143
29144
29145
29147
29148
29150
29152
29153
29154
29155
29156
29162
29172
29177
29178
29180
29181
29183
29194
29195
29198
29199
29200
29201
29206
29218
29221
29222
29223
29225
29227
29228
29232
29233
29235
29238
29240
29241
29242
29243
29245
29250
29252
29253
29256
29259
29261
29265
29266
29269
29271
29272
29278
29282
29283
29284
29285
29286
29287
29288
29290
29291
29292
29293
29294
29296
29297
29300
29307
29308
29309
29310
29311
29312
29313
29314
29315
29316
29317
29318
29319
29320
29325
29326
29327
29332
29333
29334
29340
29341
29342
29343
29346
29349
29350
29351
29352
29355
29363
29366
29368
29370
29371
29373
29374
29375
29376
29385
29389
29392
29401
29403
29404
29405
29412
29415
29423
29424
29426
29427
29428
29429
29431
29437
29438
29439
29440
29441
29443
29444
29445
29446
29447
29448
29449
29450
29451
29452
29453
29454
29455
29456
29457
29458
29459
29460
29461
29462
29463
29464
29465
29466
29467
29468
29469
29470
29471
29472
29473
29474
29475
29476
29477
29478
29479
29480
29481
29482
29483
29484
29485
29486
29487
29489
29490
29491
29492
29493
29494
29495
29496
29497
29498
29499
29500
29502
29505
29506
29507
29508
29509
29517
29522
29523
29527
29531
29535
29536
29537
29538
29542
29545
29546
29547
29549
29550
29551
29553
29555
29556
29558
29559
29561
29562
29563
29564
29565
29566
29569
29570
29573
29574
29575
29580
29585
29586
29587
29589
29593
29594
29595
29596
29597
29615
29616
29617
29619
29627
29629
29630
29631
29632
29633
29634
29635
29636
29640
29641
29646
29647
29648
29649
29652
29654
29655
29656
29657
29658
29659
29660
29661
29662
29663
29664
29665
29666
29667
29668
29669
29670
29671
29672
29673
29674
29675
29676
29677
29678
29679
29680
29681
29682
29683
29684
29685
29686
29688
29689
29691
29695
29697
29698
29699
29700
29702
29703
29704
29705
29706
29707
29708
29710
29716
29717
29718
29719
29720
29721
29723
29729
29733
29737
29746
29748
29753
29754
29755
29757
29760
29762
29765
29767
29768
29769
29770
29771
29772
29778
29781
29785
29786
29787
29789
29790
29792
29793
29796
29800
29804
29807
29808
29812
29813
29815
29816
29817
29820
29822
29823
29826
29827
29828
29830
29833
29834
29838
29843
29849
29852
29855
29860
29861
29862
29863
29868
29869
29870
29871
29872
29873
29874
29877
29878
29879
29880
29883
29884
29885
29886
29887
29888
29889
29890
29891
29895
29896
29899
29900
29905
29907
29911
29912
29914
29915
29916
29917
29919
29921
29924
29925
29927
29929
29930
29931
29932
29933
29934
29935
29936
29937
29938
29939
29940
29941
29942
29943
29944
29945
29947
29948
29949
29950
29951
29952
29954
29955
29959
29964
29966
29972
29974
29977
29980
29981
29983
29989
29991
29993
29994
29995
29996
29997
29998
29999
30000
30001
30019
30023
30026
30029
30032
30033
30034
30035
30039
30045
30048
30049
30052
30053
30056
30061
30062
30063
30064
30065
30066
30067
30068
30069
30070
30071
30072
30073
30074
30075
30076
30077
30078
30079
30080
30081
30082
30083
30084
30085
30086
30087
30088
30089
30090
30091
30092
30093
30094
30095
30096
30097
30100
30101
30102
30103
30107
30108
30109
30110
30111
30112
30113
30114
30115
30116
30121
30127
30131
30134
30135
30136
30137
30144
30145
30147
30148
30151
30173
30174
30176
30177
30179
30180
30184
30189
30191
30192
30193
30197
30203
30204
30205
30206
30207
30208
30209
30211
30221
30222
30223
30224
30228
30232
30233
30234
30235
30239
30240
30242
30244
30246
30247
30248
30249
30250
30251
30257
30258
30259
30261
30262
30265
30266
30268
30269
30272
30273
30274
30277
30278
30279
30280
30281
30282
30283
30284
30285
30286
30287
30289
30290
30293
30294
30295
30298
30299
30303
30312
30316
30320
30333
30334
30335
30336
30339
30340
30341
30344
30345
30347
30349
30350
30351
30352
30353
30354
30355
30356
30357
30358
30360
30361
30365
30366
30368
30369
30370
30371
30372
30375
30376
30377
30378
30383
30385
30386
30387
30388
30389
30390
30391
30392
30393
30394
30395
30396
30397
30398
30401
30402
30408
30410
30411
30412
30414
30416
30417
30418
30420
30421
30422
30423
30424
30425
30426
30427
30430
30431
30432
30435
30437
30438
30439
30441
30442
30445
30448
30449
30451
30452
30454
30457
30458
30459
30460
30461
30464
30465
30466
30467
30472
30473
30475
30485
30488
30490
30492
30493
30494
30497
30499
30500
30501
30502
30503
30504
30505
30506
30507
30508
30510
30511
30512
30513
30514
30515
30516
30517
30518
30519
30520
30523
30524
30525
30526
30528
30529
30530
30531
30532
30533
30534
30538
30541
30542
30545
30548
30549
30550
30554
30555
30556
30557
30558
30562
30563
30564
30565
30566
30567
30569
30570
30571
30572
30574
30576
30578
30582
30585
30587
30590
30591
30595
30596
30598
30599
30605
30606
30607
30608
30609
30610
30611
30614
30615
30626
30627
30628
30629
30630
30634
30635
30636
30637
30638
30639
30643
30645
30646
30649
30650
30651
30652
30653
30654
30656
30657
30658
30659
30660
30661
30662
30663
30664
30665
30666
30667
30668
30669
30670
30671
30672
30673
30674
30675
30676
30677
30680
30684
30685
30687
30689
30690
30691
30692
30693
30694
30695
30696
30697
30704
30705
30711
30715
30716
30717
30721
30722
30723
30726
30727
30728
30732
30733
30734
30736
30740
30743
30744
30745
30746
30748
30749
30751
30752
30754
30755
30756
30757
30758
30759
30760
30761
30762
30763
30764
30765
30766
30767
30768
30769
30770
30774
30775
30777
30778
30780
30781
30783
30784
30787
30790
30793
30794
30795
30796
30797
30798
30804
30805
30808
30811
30827
30828
30830
30835
30836
30839
30842
30843
30844
30845
30847
30848
30849
30852
30856
30858
30859
30860
30861
30862
30868
30869
30870
30872
30873
30874
30875
30876
30877
30883
30885
30888
30889
30890
30891
30892
30893
30894
30895
30898
30899
30901
30902
30903
30905
30906
30908
30909
30910
30911
30912
30913
30914
30915
30916
30917
30918
30919
30920
30921
30922
30923
30924
30925
30926
30927
30928
30930
30932
30933
30934
30935
30937
30942
30943
30945
30946
30947
30948
30950
30951
30953
30962
30963
30966
30967
30972
30973
30974
30984
30987
30988
30991
30992
30993
30994
31006
31007
31008
31009
31011
31013
31015
31016
31017
31019
31020
31021
31022
31023
31025
31026
31027
31028
31030
31031
31035
31037
31038
31040
31041
31042
31045
31046
31047
31048
31049
31051
31052
31053
31054
31055
31058
31059
31060
31061
31062
31065
31067
31068
31069
31074
31075
31081
31084
31086
31087
31088
31089
31090
31091
31092
31098
31101
31102
31105
31106
31108
31109
31113
31114
31116
31117
31118
31121
31122
31127
31129
31130
31135
31136
31137
31155
31156
31157
31158
31159
31160
31164
31165
31168
31171
31174
31176
31177
31178
31182
31184
31185
31186
31187
31188
31191
31192
31193
31197
31200
31201
31202
31206
31220
31221
31225
31226
31227
31228
31233
31234
31238
31239
31240
31241
31243
31245
31246
31247
31250
31252
31253
31254
31256
31257
31258
31261
31262
31263
31264
31266
31267
31268
31274
31276
31277
31279
31281
31284
31286
31288
31290
31291
31294
31298
31299
31302
31303
31304
31305
31307
31310
31311
31313
31316
31319
31320
31321
31323
31324
31325
31328
31329
31330
31331
31332
31339
31342
31343
31344
31345
31347
31348
31350
31352
31363
31364
31367
31368
31369
31373
31374
31375
31377
31379
31380
31381
31382
31383
31384
31386
31387
31388
31389
31390
31391
31392
31394
31396
31399
31400
31401
31402
31403
31405
31406
31407
31408
31409
31410
31411
31412
31413
31414
31415
31416
31417
31418
31419
31420
31421
31422
31425
31426
31430
31432
31433
31434
31435
31436
31437
31438
31446
31447
31448
31452
31453
31454
31455
31456
31457
31459
31460
31461
31464
31465
31467
31469
31470
31471
31474
31479
31480
31482
31483
31484
31485
31492
31494
31498
31500
31501
31502
31503
31506
31507
31508
31509
31510
31511
31521
31522
31525
31526
31530
31531
31535
31536
31537
31538
31539
31541
31542
31543
31544
31547
31548
31550
31555
31556
31557
31558
31559
31563
31564
31568
31571
31572
31573
31575
31579
31580
31582
31583
31584
31586
31589
31591
31592
31594
31595
31596
31597
31598
31599
31600
31601
31602
31603
31605
31608
31613
31614
31615
31616
31617
31618
31619
31620
31621
31624
31625
31626
31627
31628
31629
31630
31631
31641
31642
31646
31647
31648
31649
31656
31657
31658
31659
31663
31664
31666
31667
31670
31671
31673
31674
31675
31676
31677
31678
31680
31681
31685
31688
31689
31694
31695
31697
31698
31699
31700
31704
31705
31717
31718
31746
31749
31750
31753
31766
31768
31769
31774
31775
31781
31782
31784
31788
31790
31791
31793
31796
31801
31802
31804
31805
31808
31817
31818
31819
31820
31824
31827
31828
31829
31830
31831
31833
31837
31839
31840
31841
31842
31844
31845
31846
31847
31848
31851
31852
31853
31854
31856
31858
31867
31868
31869
31875
31876
31878
31879
31880
31883
31885
31887
31888
31889
31891
31892
31893
31894
31895
31896
31897
31898
31902
31903
31906
31908
31910
31911
31913
31914
31915
31920
31922
31923
31924
31928
31930
31931
31934
31935
31936
31937
31941
31942
31945
31946
31947
31948
31949
31950
31951
31952
31953
31954
31955
31956
31957
31960
31961
31962
31966
31967
31968
31969
31970
31973
31976
31985
31986
31987
31988
31991
31992
31993
31995
31997
32004
32013
32015
32017
32018
32022
32023
32024
32026
32029
32033
32035
32036
32041
32042
32043
32046
32047
32048
32049
32050
32051
32052
32054
32055
32056
32057
32059
32060
32062
32063
32064
32065
32066
32067
32069
32075
32076
32078
32079
32080
32082
32083
32084
32085
32087
32090
32091
32093
32097
32098
32126
32127
32128
32129
32130
32131
32132
32135
32136
32138
32140
32141
32143
32145
32146
32147
32150
32151
32170
32174
32176
32178
32179
32181
32182
32183
32184
32185
32186
32187
32188
32189
32190
32191
32192
32193
32194
32195
32196
32197
32198
32201
32202
32205
32208
32209
32210
32211
32216
32217
32219
32220
32221
32222
32229
32231
32233
32235
32240
32241
32242
32243
32244
32247
32248
32249
32254
32255
32256
32257
32258
32263
32265
32266
32267
32268
32269
32270
32273
32276
32279
32280
32283
32284
32285
32291
32294
32299
32300
32301
32305
32307
32308
32312
32315
32316
32318
32319
32320
32325
32326
32327
32334
32335
32336
32337
32340
32351
32352
32353
32354
32355
32356
32357
32359
32364
32367
32371
32375
32376
32379
32380
32381
32382
32385
32386
32406
32408
32409
32410
32412
32413
32415
32417
32418
32419
32420
32421
32425
32427
32428
32433
32441
32442
32444
32445
32446
32447
32448
32449
32451
32457
32458
32459
32460
32461
32462
32463
32470
32475
32476
32477
32478
32479
32482
32484
32487
32489
32493
32494
32495
32496
32497
32498
32502
32503
32505
32506
32507
32508
32511
32512
32513
32514
32516
32521
32526
32527
32528
32529
32530
32531
32532
32535
32536
32539
32540
32541
32542
32544
32552
32557
32558
32563
32564
32565
32566
32567
32568
32571
32575
32576
32577
32581
32587
32589
32591
32592
32593
32594
32595
32596
32599
32600
32602
32604
32605
32606
32607
32609
32610
32611
32615
32618
32623
32624
32627
32628
32629
32633
32634
32635
32636
32640
32641
32642
32648
32649
32650
32651
32652
32653
32655
32656
32657
32658
32659
32660
32661
32662
32663
32664
32665
32666
32669
32671
32672
32673
32678
32679
32680
32681
32682
32683
32684
32685
32686
32687
32688
32689
32690
32692
32693
32700
32701
32704
32705
32707
32711
32712
32714
32715
32717
32718
32719
32721
32724
32725
32726
32727
32728
32729
32730
32737
32738
32740
32741
32746
32747
32748
32749
32750
32752
32755
32756
32757
32758
32759
32762
32765
32766
32768
32775
32776
32780
32781
32782
32783
32785
32790
32791
32794
32795
32798
32804
32811
32812
32813
32816
32817
32818
32820
32822
32823
32826
32827
32828
32829
32831
32832
32837
32838
32839
32840
32841
32842
32843
32844
32845
32852
32853
32854
32855
32856
32857
32858
32860
32861
32866
32867
32870
32871
32874
32875
32876
32877
32913
32916
32917
32919
32920
32921
32923
32924
32926
32928
32929
32930
32931
32934
32936
32938
32939
32940
32941
32942
32943
32944
32945
32947
32951
32952
32953
32957
32960
32961
32963
32965
32966
32970
32971
32972
32975
32976
32977
32978
32979
32982
32983
32985
32986
32987
32990
32991
32992
32993
32994
32995
32997
32999
33000
33001
33002
33003
33004
33005
33009
33011
33012
33014
33017
33018
33019
33020
33022
33023
33024
33027
33029
33031
33032
33033
33034
33036
33038
33039
33040
33041
33042
33043
33044
33045
33046
33047
33048
33049
33050
33051
33053
33054
33055
33056
33057
33059
33060
33061
33062
33063
33064
33066
33068
33069
33070
33072
33073
33075
33076
33077
33078
33079
33080
33082
33083
33087
33089
33090
33091
33092
33093
33094
33095
33098
33101
33115
33116
33118
33122
33123
33124
33125
33126
33127
