0
1
2
3
11
12
14
15
16
17
18
19
21
28
30
34
35
36
37
38
39
45
46
47
48
69
70
86
87
88
89
90
91
92
93
94
95
96
100
101
104
105
106
109
110
111
112
117
118
119
125
126
127
128
131
132
133
134
135
136
139
140
141
142
143
144
145
146
147
148
149
150
155
158
159
163
164
165
166
167
168
169
170
171
172
173
174
175
176
177
178
179
180
181
182
183
184
185
186
187
188
189
190
191
192
193
194
195
196
197
198
199
200
201
202
203
204
205
206
207
208
209
210
211
212
213
214
215
216
217
218
219
220
221
222
223
224
225
226
227
228
229
230
231
232
233
234
235
236
237
238
239
240
241
242
243
244
245
246
247
248
249
250
251
252
253
254
255
256
257
258
259
260
261
262
263
264
265
266
267
268
269
270
271
272
278
279
285
286
287
288
289
290
291
297
298
342
343
344
345
346
348
349
350
351
352
353
354
355
356
357
358
359
360
361
362
363
364
365
366
367
368
369
370
371
372
373
374
384
385
386
387
388
390
391
405
406
409
410
413
414
415
416
417
418
419
420
422
423
424
425
426
428
430
432
433
434
435
439
440
441
442
443
444
445
447
451
452
453
454
455
456
457
458
459
460
461
462
463
464
465
466
467
475
476
477
478
479
480
481
482
485
486
487
488
489
490
493
494
495
496
503
504
505
506
507
508
509
510
511
513
514
515
518
519
520
521
522
525
526
527
528
531
532
533
534
535
536
539
540
545
546
547
548
549
555
557
558
560
561
562
563
564
565
566
567
568
571
572
573
574
575
576
578
579
580
581
582
583
584
585
586
587
588
589
590
593
594
595
596
597
602
603
604
606
607
608
609
612
615
616
617
618
619
620
621
622
625
626
638
639
640
641
642
643
644
645
648
649
652
653
656
657
660
673
674
675
676
677
678
680
682
685
686
687
688
689
690
693
694
695
696
697
698
699
702
703
704
705
706
707
708
709
710
711
712
713
714
715
716
717
718
719
720
721
722
723
726
727
730
736
737
738
740
745
746
747
748
749
754
755
757
758
761
762
767
768
769
770
772
773
775
777
778
779
783
784
785
786
787
790
791
792
793
794
795
796
797
798
799
800
801
802
803
804
805
806
807
808
809
810
811
818
819
822
823
824
825
826
827
828
829
830
831
833
834
835
836
838
839
840
841
844
845
846
848
849
850
851
854
855
856
857
858
859
861
862
863
864
865
866
867
870
871
872
873
881
882
885
886
887
897
898
916
917
922
924
925
926
927
928
929
930
931
932
933
934
938
939
940
941
942
943
944
945
946
947
959
960
961
962
964
965
966
967
968
973
974
975
976
978
979
980
981
982
983
984
985
986
987
988
989
990
991
992
993
994
995
996
997
998
999
1000
1001
1002
1003
1004
1005
1006
1007
1008
1009
1010
1011
1012
1013
1015
1016
1017
1018
1019
1023
1024
1025
1026
1027
1028
1029
1030
1031
1032
1033
1034
1035
1036
1059
1060
1070
1071
1072
1073
1074
1075
1076
1078
1079
1080
1081
1082
1083
1084
1085
1086
1087
1088
1089
1090
1091
1092
1093
1094
1095
1096
1097
1098
1099
1100
1101
1102
1103
1104
1105
1106
1107
1108
1109
1110
1111
1112
1113
1114
1115
1116
1117
1118
1119
1120
1121
1124
1125
1126
1127
1128
1129
1130
1131
1132
1133
1135
1136
1137
1138
1139
1140
1158
1159
1160
1161
1162
1163
1164
1165
1166
1167
1168
1169
1170
1171
1172
1173
1174
1178
1180
1181
1182
1183
1184
1185
1186
1187
1188
1189
1190
1193
1194
1195
1196
1197
1198
1199
1200
1201
1202
1203
1204
1205
1206
1207
1208
1209
1210
1211
1212
1213
1214
1215
1216
1217
1218
1219
1220
1221
1222
1223
1224
1225
1226
1227
1228
1229
1230
1231
1232
1233
1234
1235
1236
1237
1238
1239
1240
1241
1242
1243
1244
1245
1246
1247
1248
1249
1250
1251
1252
1254
1255
1256
1257
1258
1259
1260
1261
1262
1263
1264
1265
1266
1269
1270
1271
1272
1273
1274
1275
1276
1277
1281
1282
1286
1287
1288
1289
1290
1291
1292
1293
1294
1296
1297
1298
1301
1303
1305
1307
1309
1310
1314
1317
1318
1322
1323
1324
1327
1328
1329
1330
1332
1333
1334
1335
1336
1337
1338
1339
1340
1341
1343
1349
1350
1351
1352
1354
1357
1358
1359
1360
1361
1362
1363
1368
1369
1370
1371
1374
1375
1380
1384
1387
1388
1389
1390
1391
1392
1393
1394
1395
1408
1409
1410
1411
1412
1413
1414
1415
1416
1417
1418
1419
1420
1421
1422
1423
1424
1425
1426
1427
1428
1429
1430
1431
1432
1433
1434
1435
1436
1437
1438
1439
1440
1441
1442
1443
1444
1445
1446
1447
1448
1449
1450
1451
1452
1453
1454
1455
1456
1457
1458
1459
1460
1461
1462
1463
1464
1465
1466
1467
1468
1469
1470
1471
1472
1474
1475
1476
1477
1478
1479
1480
1481
1482
1483
1484
1485
1486
1487
1488
1489
1490
1491
1492
1493
1494
1495
1496
1497
1498
1499
1500
1501
1502
1503
1504
1505
1506
1507
1508
1509
1510
1511
1512
1513
1514
1517
1518
1519
1520
1526
1527
1528
1529
1530
1531
1532
1533
1534
1535
1536
1537
1538
1539
1543
1544
1545
1546
1547
1548
1549
1550
1551
1552
1553
1554
1555
1556
1557
1558
1559
1560
1569
1570
1571
1572
1573
1574
1575
1576
1577
1578
1579
1580
1581
1582
1583
1584
1585
1586
1587
1588
1589
1590
1591
1592
1593
1594
1595
1598
1599
1600
1606
1610
1611
1612
1613
1624
1625
1628
1631
1632
1633
1634
1635
1636
1637
1638
1639
1645
1646
1647
1648
1649
1650
1651
1652
1660
1661
1662
1663
1664
1665
1666
1667
1668
1674
1675
1678
1679
1680
1681
1682
1683
1684
1685
1686
1687
1688
1689
1690
1691
1692
1693
1694
1695
1696
1697
1698
1699
1700
1701
1702
1703
1704
1705
1706
1707
1708
1712
1713
1723
1724
1729
1730
1731
1732
1733
1734
1735
1736
1737
1738
1739
1740
1741
1743
1744
1745
1746
1747
1748
1749
1750
1751
1752
1753
1754
1758
1761
1762
1763
1764
1765
1766
1767
1768
1769
1770
1771
1772
1773
1774
1775
1776
1777
1780
1781
1782
1787
1788
1789
1790
1791
1793
1794
1795
1796
1797
1798
1799
1800
1801
1802
1803
1804
1805
1806
1807
1808
1809
1810
1811
1812
1813
1814
1815
1816
1817
1818
1819
1820
1821
1822
1823
1824
1825
1826
1827
1828
1829
1830
1831
1832
1833
1834
1835
1836
1837
1838
1839
1840
1841
1842
1843
1844
1845
1846
1847
1848
1849
1850
1851
1852
1853
1854
1855
1856
1857
1858
1859
1860
1861
1862
1863
1864
1865
1866
1867
1868
1869
1870
1871
1872
1873
1874
1875
1876
1877
1878
1879
1880
1881
1882
1883
1884
1885
1886
1887
1888
1889
1890
1891
1892
1893
1894
1895
1903
1904
1905
1906
1907
1908
1922
1923
1924
1925
1926
1927
1928
1929
1930
1931
1932
1933
1934
1935
1936
1937
1938
1939
1940
1941
1942
1943
1944
1945
1946
1947
1948
1949
1950
1951
1952
1953
1954
1955
1956
1957
1958
1959
1960
1961
1962
1963
1964
1965
1966
1967
1969
1970
1971
1972
1973
1974
1975
1976
1977
1978
1979
1980
1981
1982
1983
1984
1985
1986
1987
1988
1989
1990
1991
1992
1993
1994
1995
1996
1997
1998
1999
2000
2001
2002
2003
2004
2005
2006
2007
2008
2009
2010
2011
2012
2013
2014
2015
2016
2017
2018
2019
2020
2021
2022
2023
2024
2025
2026
2027
2028
2029
2030
2031
2032
2033
2034
2035
2036
2037
2038
2039
2040
2041
2042
2043
2044
2045
2046
2047
2048
2049
2050
2051
2052
2053
2059
2061
2066
2067
2068
2071
2072
2073
2074
2075
2076
2077
2078
2079
2080
2081
2082
2083
2084
2088
2089
2090
2091
2092
2095
2096
2097
2098
2099
2100
2101
2102
2103
2104
2105
2106
2107
2108
2109
2110
2111
2112
2113
2114
2115
2117
2118
2119
2120
2121
2122
2123
2124
2125
2126
2127
2128
2129
2130
2131
2132
2133
2134
2135
2136
2137
2138
2139
2140
2141
2142
2143
2144
2145
2146
2147
2148
2149
2150
2151
2152
2153
2154
2155
2156
2157
2158
2159
2160
2161
2162
2163
2164
2165
2166
2167
2169
2170
2171
2172
2173
2174
2175
2176
2177
2178
2179
2180
2181
2182
2184
2185
2186
2187
2188
2189
2190
2191
2192
2193
2194
2195
2196
2197
2198
2199
2200
2201
2202
2203
2204
2205
2206
2207
2208
2209
2210
2211
2212
2213
2214
2215
2216
2217
2218
2219
2220
2222
2223
2224
2226
2227
2228
2229
2230
2231
2232
2233
2234
2235
2236
2237
2238
2239
2240
2246
2247
2248
2249
2250
2251
2254
2255
2256
2261
2262
2263
2265
2267
2268
2269
2270
2271
2272
2273
2274
2275
2276
2277
2278
2279
2280
2281
2282
2283
2284
2285
2286
2287
2288
2289
2290
2291
2292
2293
2294
2295
2296
2297
2298
2299
2300
2301
2302
2303
2304
2305
2306
2307
2308
2309
2310
2311
2312
2313
2314
2315
2316
2317
2318
2319
2320
2321
2322
2323
2324
2325
2326
2327
2328
2329
2330
2331
2332
2333
2334
2336
2338
2339
2340
2341
2342
2343
2344
2345
2346
2354
2355
2356
2357
2358
2359
2361
2362
2363
2364
2367
2390
2391
2392
2393
2394
2396
2397
2398
2399
2400
2404
2405
2406
2407
2408
2409
2410
2411
2412
2413
2414
2415
2416
2417
2418
2419
2420
2421
2422
2423
2424
2425
2426
2428
2429
2430
2431
2432
2433
2434
2439
2440
2441
2443
2444
2445
2446
2447
2448
2451
2452
2453
2455
2456
2457
2458
2459
2460
2461
2462
2463
2464
2467
2468
2472
2473
2478
2479
2481
2482
2483
2484
2485
2486
2487
2488
2497
2498
2499
2500
2501
2502
2503
2504
2505
2506
2507
2508
2509
2510
2511
2512
2513
2514
2516
2517
2518
2519
2520
2521
2522
2523
2524
2525
2526
2527
2528
2529
2530
2531
2532
2533
2534
2535
2536
2537
2538
2539
2540
2541
2542
2543
2544
2549
2550
2551
2552
2553
2554
2557
2558
2559
2560
2561
2566
2567
2568
2569
2570
2574
2575
2576
2577
2583
2584
2585
2586
2587
2588
2589
2590
2591
2592
2593
2594
2595
2596
2597
2598
2599
2600
2601
2602
2604
2605
2606
2607
2608
2609
2610
2611
2612
2613
2614
2615
2616
2617
2618
2619
2621
2625
2630
2631
2633
2635
2636
2637
2638
2639
2640
2641
2643
2644
2645
2646
2647
2648
2649
2650
2651
2652
2653
2654
2655
2656
2657
2658
2660
2661
2662
2663
2664
2665
2666
2667
2668
2669
2670
2671
2672
2673
2674
2675
2676
2677
2678
2679
2680
2681
2682
2683
2684
2685
2686
2687
2688
2689
2690
2691
2692
2693
2694
2695
2696
2697
2698
2699
2700
2701
2702
2703
2704
2705
2707
2708
2709
2711
2712
2713
2714
2715
2716
2717
2718
2719
2720
2721
2722
2723
2724
2725
2726
2727
2728
2729
2730
2731
2732
2733
2734
2735
2736
2737
2739
2740
2741
2742
2744
2745
2746
2747
2748
2749
2750
2751
2752
2753
2754
2755
2756
2757
2758
2759
2760
2761
2762
2763
2764
2765
2766
2767
2768
2769
2770
2771
2772
2773
2774
2775
2776
2777
2778
2779
2780
2781
2782
2784
2785
2786
2787
2789
2790
2791
2792
2793
2794
2795
2796
2797
2798
2799
2800
2801
2802
2803
2804
2805
2806
2807
2808
2809
2810
2811
2812
2813
2814
2815
2816
2817
2818
2819
2820
2821
2822
2823
2824
2825
2826
2827
2828
2829
2830
2831
2833
2835
2836
2837
2838
2839
2840
2841
2842
2843
2844
2845
2846
2850
2851
2852
2853
2854
2855
2856
2857
2858
2859
2864
2865
2868
2869
2873
2874
2875
2878
2879
2880
2881
2882
2885
2886
2887
2888
2889
2890
2891
2892
2894
2895
2896
2897
2912
2913
2924
2925
2926
2927
2928
2929
2930
2931
2932
2933
2934
2935
2936
2939
2940
2941
2942
2943
2944
2945
2947
2948
2949
2950
2951
2952
2953
2954
2955
2956
2957
2958
2959
2960
2961
2962
2964
2965
2966
2967
2968
2969
2973
2974
2999
3000
3001
3006
3007
3008
3009
3010
3011
3012
3013
3014
3015
3016
3017
3021
3027
3028
3029
3030
3031
3032
3033
3034
3035
3036
3037
3038
3039
3040
3042
3043
3044
3046
3048
3049
3050
3051
3052
3053
3055
3057
3058
3059
3062
3063
3064
3065
3069
3074
3075
3077
3080
3082
3084
3085
3090
3091
3092
3096
3099
3103
3104
3106
3107
3108
3109
3110
3115
3116
3118
3119
3120
3121
3122
3123
3124
3125
3126
3127
3128
3129
3132
3135
3136
3137
3146
3150
3151
3152
3153
3154
3155
3156
3157
3158
3159
3163
3165
3166
3167
3168
3169
3170
3175
3176
3177
3178
3179
3183
3184
3185
3186
3187
3188
3189
3190
3191
3192
3193
3194
3195
3196
3197
3198
3199
3201
3202
3203
3204
3205
3206
3207
3208
3209
3210
3211
3212
3213
3214
3215
3216
3217
3218
3219
3220
3221
3222
3223
3224
3225
3226
3227
3228
3229
3230
3231
3232
3233
3234
3236
3238
3239
3240
3241
3242
3243
3244
3245
3248
3253
3255
3256
3257
3259
3263
3264
3291
3292
3293
3296
3297
3299
3300
3302
3303
3305
3308
3309
3310
3311
3312
3313
3322
3325
3326
3327
3328
3329
3332
3333
3334
3335
3336
3337
3338
3341
3344
3345
3346
3347
3349
3350
3351
3352
3353
3354
3355
3356
3359
3360
3361
3362
3364
3366
3368
3369
3370
3377
3378
3379
3380
3381
3382
3383
3385
3391
3392
3393
3394
3395
3396
3397
3398
3399
3400
3403
3404
3405
3406
3407
3408
3409
3410
3412
3413
3414
3415
3416
3418
3420
3421
3422
3423
3424
3428
3431
3434
3435
3436
3437
3439
3440
3441
3442
3443
3444
3445
3447
3465
3466
3467
3468
3469
3470
3473
3476
3477
3478
3479
3480
3481
3482
3485
3486
3489
3491
3492
3493
3495
3496
3497
3498
3500
3501
3504
3505
3508
3512
3513
3517
3518
3521
3522
3533
3541
3542
3543
3544
3546
3547
3551
3552
3553
3554
3559
3560
3561
3562
3563
3564
3566
3567
3568
3569
3570
3571
3572
3573
3574
3575
3576
3577
3578
3579
3580
3581
3582
3583
3584
3585
3591
3594
3595
3598
3599
3600
3601
3602
3603
3604
3605
3607
3608
3609
3610
3611
3612
3613
3614
3615
3619
3620
3642
3646
3649
3653
3654
3655
3656
3657
3658
3659
3660
3661
3662
3663
3664
3665
3667
3668
3670
3673
3675
3676
3677
3678
3679
3680
3684
3685
3686
3687
3688
3689
3690
3691
3692
3694
3695
3698
3699
3701
3702
3703
3704
3708
3711
3713
3714
3715
3716
3717
3718
3731
3732
3733
3734
3736
3737
3738
3739
3740
3741
3744
3748
3749
3752
3753
3754
3756
3759
3760
3763
3764
3774
3776
3777
3778
3780
3784
3786
3787
3788
3790
3791
3792
3793
3794
3795
3796
3797
3798
3799
3800
3801
3802
3803
3805
3806
3807
3813
3816
3819
3820
3821
3823
3824
3825
3826
3827
3828
3829
3830
3831
3832
3833
3834
3835
3836
3837
3838
3839
3840
3841
3843
3844
3845
3846
3847
3848
3849
3852
3853
3854
3858
3859
3860
3861
3862
3867
3869
3870
3874
3877
3880
3883
3899
3900
3902
3903
3904
3907
3908
3909
3914
3916
3917
3918
3919
3920
3934
3936
3937
3938
3939
3946
3947
3949
3950
3951
3959
3962
3963
3965
3966
3967
3968
3969
3970
3971
3972
3973
3975
3976
3980
3982
3983
3985
3986
3993
3995
3996
3999
4000
4001
4002
4003
4004
4007
4008
4009
4012
4013
4023
4025
4032
4033
4034
4035
4036
4037
4038
4039
4040
4041
4042
4045
4046
4047
4048
4049
4050
4051
4053
4054
4058
4059
4065
4067
4069
4070
4073
4074
4075
4108
4110
4111
4112
4113
4114
4115
4116
4117
4122
4124
4127
4128
4129
4130
4131
4132
4135
4136
4137
4138
4140
4141
4142
4143
4144
4145
4147
4150
4151
4152
4153
4154
4155
4156
4157
4158
4159
4164
4166
4167
4168
4169
4170
4171
4172
4177
4178
4181
4184
4185
4186
4187
4188
4189
4190
4192
4193
4194
4195
4196
4197
4198
4199
4200
4201
4202
4203
4204
4205
4206
4207
4208
4209
4210
4211
4212
4213
4214
4215
4216
4217
4218
4219
4220
4221
4222
4223
4224
4225
4228
4231
4233
4234
4235
4236
4237
4238
4239
4240
4241
4242
4243
4244
4245
4246
4247
4248
4249
4250
4251
4252
4253
4254
4255
4259
4260
4261
4262
4264
4265
4266
4267
4268
4269
4270
4271
4272
4273
4274
4275
4276
4277
4278
4279
4281
4282
4283
4284
4289
4293
4294
4295
4297
4298
4303
4304
4305
4306
4307
4308
4309
4310
4311
4327
4328
4331
4332
4338
4340
4341
4342
4345
4346
4348
4349
4350
4351
4352
4353
4354
4355
4356
4357
4358
4366
4367
4369
4370
4376
4377
4378
4381
4382
4384
4385
4388
4389
4390
4391
4392
4393
4419
4420
4425
4426
4427
4428
4429
4430
4431
4432
4433
4437
4451
4452
4453
4457
4458
4459
4460
4461
4464
4465
4466
4467
4468
4471
4472
4473
4474
4475
4476
4477
4478
4479
4480
4481
4483
4484
4485
4486
4487
4492
4493
4497
4498
4501
4502
4503
4504
4505
4506
4507
4508
4509
4511
4512
4513
4521
4522
4523
4524
4525
4526
4528
4530
4531
4532
4533
4537
4538
4539
4540
4541
4542
4543
4544
4545
4546
4547
4548
4549
4550
4551
4552
4553
4554
4556
4560
4561
4562
4563
4565
4566
4582
4583
4585
4588
4590
4591
4592
4594
4595
4596
4599
4601
4602
4603
4606
4607
4608
4609
4610
4612
4613
4614
4620
4621
4622
4623
4624
4627
4628
4629
4630
4631
4632
4633
4634
4635
4636
4637
4638
4639
4640
4641
4642
4644
4645
4646
4647
4648
4649
4650
4651
4652
4653
4654
4655
4656
4657
4658
4659
4660
4661
4662
4663
4664
4665
4666
4667
4669
4670
4671
4672
4673
4674
4675
4676
4677
4679
4682
4693
4694
4695
4696
4697
4698
4699
4700
4701
4702
4709
4710
4711
4712
4713
4714
4717
4720
4721
4722
4723
4728
4730
4731
4733
4734
4735
4737
4738
4739
4740
4741
4742
4743
4744
4748
4749
4750
4752
4754
4758
4759
4760
4761
4762
4763
4764
4765
4766
4767
4768
4769
4770
4772
4773
4775
4776
4777
4778
4779
4780
4782
4783
4784
4786
4787
4788
4789
4790
4791
4796
4799
4803
4804
4805
4807
4812
4813
4817
4818
4820
4821
4822
4827
4828
4833
4834
4835
4836
4839
4847
4850
4855
4856
4858
4859
4860
4861
4862
4863
4880
4881
4884
4886
4887
4888
4894
4895
4896
4897
4898
4902
4906
4907
4908
4909
4910
4912
4913
4914
4915
4916
4918
4919
4920
4922
4924
4930
4932
4933
4934
4935
4936
4937
4938
4939
4940
4941
4942
4943
4945
4946
4947
4948
4949
4950
4951
4952
4953
4954
4955
4957
4962
4964
4965
4966
4969
4970
4972
4973
4975
4976
4977
4978
4979
4980
4981
4984
4985
4986
4989
4990
4991
4992
4993
4996
5003
5004
5005
5006
5007
5008
5009
5010
5012
5013
5014
5015
5016
5019
5020
5021
5022
5023
5024
5025
5026
5027
5054
5055
5056
5057
5058
5059
5060
5070
5071
5072
5074
5075
5076
5077
5080
5086
5087
5090
5091
5092
5093
5095
5096
5097
5098
5099
5100
5102
5107
5113
5115
5117
5119
5123
5124
5125
5126
5127
5128
5132
5133
5136
5140
5142
5143
5144
5145
5146
5147
5148
5150
5153
5155
5156
5157
5158
5163
5164
5165
5170
5174
5175
5177
5233
5235
5236
5237
5238
5239
5244
5245
5246
5247
5248
5249
5267
5268
5269
5272
5274
5275
5277
5279
5280
5284
5285
5287
5289
5290
5291
5294
5295
5296
5297
5436
5437
5438
5439
5441
5442
5447
5448
5449
5450
5451
5459
5461
5465
5466
5468
5469
5470
5471
5473
5475
5476
5480
5481
5482
5483
5484
5485
5486
5487
5488
5489
5490
5492
5494
5495
5496
5508
5511
5512
5514
5515
5516
5517
5521
5522
5523
5524
5525
5526
5527
5530
5531
5532
5533
5534
5535
5536
5537
5538
5539
5541
5544
5545
5547
5548
5549
5550
5551
5552
5553
5554
5557
5558
5559
5560
5562
5563
5564
5565
5566
5567
5568
5569
5570
5571
5572
5573
5574
5575
5576
5577
5578
5579
5580
5581
5582
5583
5584
5585
5586
5587
5588
5589
5590
5591
5592
5593
5594
5595
5597
5598
5599
5600
5601
5602
5603
5604
5605
5606
5607
5608
5609
5611
5613
5614
5615
5616
5617
5618
5619
5620
5621
5622
5623
5624
5625
5626
5627
5628
5629
5630
5631
5632
5633
5634
5635
5636
5637
5638
5639
5640
5641
5643
5645
5646
5648
5649
5650
5651
5652
5653
5655
5658
5659
5660
5661
5662
5663
5664
5665
5666
5667
5668
5669
5672
5673
5674
5678
5679
5680
5681
5682
5690
5692
5693
5694
5695
5696
5697
5698
5716
5720
5721
5722
5724
5725
5726
5727
5728
5729
5730
5731
5732
5733
5734
5735
5736
5737
5738
5739
5740
5741
5742
5743
5744
5745
5746
5747
5750
5751
5753
5754
5755
5757
5758
5759
5760
5761
5762
5764
5765
5767
5768
5769
5770
5774
5776
5777
5782
5783
5787
5788
5789
5790
5793
5794
5795
5798
5799
5800
5801
5802
5803
5804
5805
5806
5807
5808
5809
5810
5811
5812
5813
5816
5817
5818
5819
5820
5821
5822
5825
5831
5833
5837
5838
5840
5841
5842
5843
5844
5845
5846
5847
5848
5849
5851
5852
5853
5854
5855
5856
5857
5858
5859
5861
5862
5870
5872
5874
5875
5876
5877
5878
5880
5881
5882
5883
5885
5886
5887
5888
5890
5891
5892
5893
5895
5896
5897
5899
5900
5901
5902
5903
5904
5905
5906
5908
5909
5910
5911
5912
5913
5914
5915
5916
5917
5918
5923
5924
5925
5926
5927
5928
5931
5932
5933
5934
5935
5937
5938
5939
5940
5942
5943
5944
5945
5946
5947
5953
5954
5955
5956
5957
5958
5959
5960
5961
5962
5963
5967
5968
5969
5970
5971
5973
5975
5976
5980
5981
5982
5983
5984
5986
5988
5989
5990
5991
5992
5993
5994
5995
5996
5997
5998
5999
6000
6001
6002
6003
6004
6005
6006
6007
6008
6009
6010
6011
6012
6013
6014
6015
6016
6017
6018
6019
6020
6021
6022
6023
6024
6025
6026
6027
6028
6029
6030
6031
6032
6033
6034
6035
6036
6037
6038
6039
6043
6045
6046
6047
6049
6050
6051
6052
6053
6054
6055
6056
6059
6060
6070
6071
6072
6076
6077
6080
6081
6082
6084
6086
6087
6088
6092
6096
6103
6104
6105
6106
6107
6108
6113
6114
6115
6116
6117
6118
6119
6120
6121
6122
6123
6124
6125
6137
6139
6140
6143
6144
6145
6146
6149
6150
6151
6156
6157
6158
6159
6160
6162
6163
6165
6166
6169
6171
6172
6173
6174
6176
6177
6178
6179
6180
6182
6183
6184
6185
6186
6187
6188
6190
6191
6192
6193
6194
6195
6196
6197
6198
6199
6200
6201
6202
6203
6204
6205
6206
6207
6208
6209
6211
6212
6220
6223
6224
6225
6226
6227
6228
6229
6230
6231
6232
6233
6234
6240
6242
6243
6244
6245
6254
6256
6258
6259
6260
6261
6262
6263
6266
6267
6268
6269
6270
6271
6274
6276
6277
6278
6279
6280
6284
6286
6287
6289
6292
6293
6294
6298
6299
6300
6302
6303
6304
6306
6307
6308
6310
6311
6312
6315
6318
6320
6321
6322
6325
6326
6327
6328
6329
6330
6331
6332
6333
6334
6335
6337
6338
6339
6341
6343
6344
6345
6346
6347
6348
6349
6350
6352
6353
6354
6357
6358
6359
6360
6361
6362
6363
6364
6365
6366
6368
6369
6371
6372
6373
6374
6375
6376
6377
6378
6379
6380
6381
6382
6383
6384
6385
6386
6387
6388
6389
6390
6391
6392
6393
6394
6395
6397
6398
6399
6402
6403
6407
6411
6412
6416
6421
6422
6423
6424
6428
6429
6430
6431
6432
6433
6437
6438
6441
6442
6443
6447
6448
6450
6451
6452
6453
6454
6455
6456
6457
6458
6460
6461
6463
6464
6466
6467
6468
6471
6472
6473
6480
6481
6482
6483
6484
6485
6486
6487
6501
6502
6503
6504
6505
6506
6507
6508
6509
6511
6514
6515
6518
6519
6520
6521
6522
6523
6524
6525
6526
6527
6528
6529
6530
6531
6532
6533
6534
6535
6536
6537
6538
6539
6540
6541
6542
6543
6544
6545
6546
6547
6548
6549
6551
6552
6553
6558
6559
6562
6563
6566
6567
6568
6569
6570
6571
6572
6573
6574
6576
6577
6578
6579
6580
6581
6582
6583
6584
6586
6587
6588
6589
6590
6595
6596
6598
6599
6600
6601
6603
6604
6605
6609
6611
6613
6614
6615
6616
6617
6618
6619
6621
6622
6623
6624
6625
6626
6627
6628
6629
6632
6633
6637
6639
6640
6641
6644
6647
6648
6649
6651
6652
6655
6656
6657
6659
6666
6668
6669
6671
6672
6679
6680
6692
6693
6694
6695
6696
6697
6699
6700
6701
6702
6711
6712
6713
6714
6715
6718
6719
6720
6721
6722
6723
6724
6729
6732
6736
6738
6740
6741
6742
6743
6744
6745
6746
6747
6748
6749
6750
6751
6752
6753
6754
6755
6756
6758
6762
6763
6764
6765
6767
6768
6770
6771
6772
6773
6774
6775
6777
6778
6781
6785
6786
6789
6790
6793
6794
6796
6797
6798
6799
6800
6802
6803
6804
6805
6808
6809
6810
6814
6822
6823
6824
6826
6827
6831
6832
6833
6834
6835
6836
6837
6838
6839
6840
6841
6842
6843
6844
6845
6846
6848
6849
6850
6851
6852
6899
6902
6903
6904
6905
6906
6907
6908
6909
6910
6911
6912
6913
6914
6915
6916
6917
6918
6919
6920
6921
6922
6923
6931
6932
6936
6937
6938
6939
6940
6942
6943
6944
6945
6946
6947
6948
6950
6951
6952
6953
6954
6957
6963
6964
6965
6966
6968
6969
6970
6974
6975
6976
6980
6981
6982
6983
6984
6985
6986
6987
6988
6989
6990
6991
6992
6993
6994
6996
6998
6999
7000
7001
7002
7003
7004
7005
7006
7007
7008
7009
7010
7011
7012
7013
7014
7015
7016
7017
7018
7019
7020
7021
7022
7023
7025
7026
7027
7028
7029
7030
7031
7032
7033
7034
7035
7036
7037
7038
7039
7040
7041
7042
7043
7044
7046
7047
7048
7049
7050
7051
7053
7054
7055
7056
7058
7059
7061
7063
7064
7065
7069
7070
7077
7078
7086
7091
7094
7095
7099
7100
7101
7106
7110
7113
7115
7117
7119
7123
7124
7125
7126
7127
7128
7129
7130
7131
7132
7133
7134
7135
7136
7137
7138
7139
7140
7141
7143
7144
7145
7146
7147
7149
7151
7152
7153
7155
7156
7157
7158
7159
7160
7162
7165
7166
7170
7171
7172
7175
7176
7179
7187
7193
7195
7198
7202
7204
7205
7207
7208
7209
7210
7212
7213
7214
7217
7218
7220
7221
7222
7223
7224
7225
7228
7234
7235
7236
7237
7238
7240
7241
7242
7245
7249
7250
7251
7252
7253
7254
7255
7256
7257
7258
7259
7260
7261
7262
7263
7264
7265
7266
7267
7268
7270
7271
7272
7274
7275
7276
7279
7284
7285
7289
7290
7293
7294
7303
7306
7308
7309
7310
7311
7312
7314
7316
7317
7318
7319
7321
7322
7323
7324
7325
7328
7329
7331
7332
7334
7335
7341
7342
7343
7344
7345
7346
7347
7351
7352
7353
7354
7355
7356
7357
7360
7361
7362
7363
7366
7370
7373
7375
7376
7377
7379
7380
7381
7382
7383
7385
7386
7387
7390
7391
7393
7394
7395
7398
7399
7400
7401
7403
7404
7405
7406
7408
7409
7410
7411
7412
7415
7416
7417
7418
7419
7426
7427
7429
7430
7431
7432
7433
7434
7437
7439
7440
7441
7442
7444
7445
7446
7447
7448
7449
7450
7451
7452
7456
7457
7458
7459
7460
7461
7462
7464
7468
7472
7473
7474
7475
7476
7477
7478
7479
7481
7484
7485
7486
7487
7489
7490
7492
7493
7495
7496
7497
7501
7502
7506
7510
7511
7512
7514
7515
7516
7519
7520
7528
7533
7534
7536
7537
7539
7540
7542
7543
7551
7552
7553
7574
7578
7579
7580
7582
7585
7586
7587
7588
7589
7590
7591
7594
7603
7606
7607
7608
7609
7610
7611
7612
7614
7615
7616
7618
7620
7621
7623
7624
7625
7632
7638
7639
7640
7641
7642
7643
7644
7645
7646
7647
7648
7649
7650
7651
7652
7653
7654
7655
7659
7660
7661
7664
7669
7670
7671
7672
7673
7674
7675
7676
7677
7678
7681
7682
7683
7684
7685
7686
7687
7688
7689
7690
7691
7692
7693
7694
7695
7696
7697
7698
7700
7703
7704
7705
7706
7709
7710
7711
7712
7717
7718
7722
7724
7725
7726
7727
7728
7730
7733
7734
7735
7736
7738
7740
7741
7745
7746
7747
7748
7749
7750
7751
7752
7753
7754
7755
7756
7757
7762
7765
7766
7767
7768
7769
7771
7773
7774
7775
7776
7777
7780
7781
7782
7783
7784
7785
7786
7787
7788
7789
7790
7791
7792
7793
7794
7795
7796
7797
7798
7799
7800
7803
7804
7805
7806
7807
7808
7810
7812
7813
7814
7815
7816
7820
7824
7825
7826
7827
7828
7829
7830
7831
7832
7833
7835
7836
7838
7839
7840
7841
7842
7847
7848
7849
7850
7851
7852
7853
7854
7860
7861
7862
7864
7865
7866
7870
7871
7872
7873
7874
7875
7876
7878
7880
7881
7882
7883
7884
7885
7886
7889
7892
7893
7894
7895
7896
7897
7898
7899
7900
7902
7903
7904
7905
7906
7909
7910
7911
7915
7918
7920
7922
7923
7926
7927
7928
7929
7930
7931
7932
7933
7937
7938
7940
7941
7942
7943
7950
7951
7952
7955
7956
7958
7959
7960
7961
7964
7965
7966
7968
7969
7972
7973
7974
7975
7976
7977
7978
7979
7980
7981
7982
7983
7984
7985
7988
7989
7990
7991
7992
7999
8000
8001
8002
8003
8004
8005
8006
8010
8011
8012
8014
8016
8017
8018
8023
8027
8038
8039
8040
8043
8044
8045
8046
8050
8051
8052
8053
8054
8056
8057
8058
8059
8060
8061
8062
8063
8066
8069
8074
8077
8078
8079
8080
8082
8090
8091
8096
8098
8099
8104
8106
8107
8108
8109
8110
8111
8112
8113
8114
8115
8116
8117
8118
8119
8120
8122
8123
8124
8126
8127
8128
8129
8130
8131
8132
8134
8135
8136
8137
8138
8139
8141
8142
8144
8146
8147
8148
8150
8152
8153
8154
8155
8156
8157
8158
8159
8160
8161
8162
8163
8164
8165
8166
8167
8174
8177
8178
8179
8180
8181
8182
8185
8186
8187
8191
8193
8194
8195
8196
8200
8203
8207
8208
8209
8210
8222
8223
8224
8227
8228
8229
8231
8232
8233
8234
8236
8237
8238
8239
8241
8242
8243
8244
8245
8246
8247
8248
8249
8250
8251
8252
8253
8254
8255
8256
8257
8258
8260
8263
8264
8265
8266
8270
8271
8276
8277
8280
8281
8282
8283
8285
8286
8291
8292
8293
8294
8295
8297
8303
8304
8306
8307
8308
8311
8312
8313
8314
8316
8317
8319
8320
8327
8328
8329
8332
8333
8336
8338
8343
8346
8349
8350
8357
8363
8364
8367
8368
8369
8370
8376
8378
8379
8380
8381
8382
8383
8384
8385
8386
8392
8393
8398
8400
8401
8402
8404
8406
8409
8410
8411
8412
8413
8414
8415
8416
8417
8418
8419
8423
8424
8426
8427
8428
8429
8430
8431
8432
8433
8434
8435
8436
8437
8438
8439
8440
8441
8442
8443
8444
8445
8446
8447
8448
8450
8451
8452
8455
8456
8461
8462
8463
8465
8466
8467
8473
8475
8476
8480
8482
8483
8484
8486
8487
8488
8489
8490
8491
8492
8495
8496
8497
8502
8506
8507
8508
8509
8510
8511
8512
8513
8514
8515
8516
8517
8518
8519
8520
8521
8522
8531
8532
8535
8537
8538
8539
8541
8542
8554
8557
8558
8562
8564
8565
8574
8575
8577
8578
8579
8580
8581
8583
8584
8585
8586
8587
8588
8589
8590
8591
8592
8593
8594
8595
8596
8597
8598
8599
8600
8601
8602
8607
8609
8610
8611
8612
8613
8614
8615
8616
8617
8618
8619
8620
8622
8637
8638
8639
8640
8641
8643
8644
8645
8647
8648
8649
8650
8651
8652
8653
8656
8657
8658
8659
8660
8661
8662
8663
8664
8665
8666
8667
8668
8669
8670
8672
8683
8684
8693
8694
8696
8703
8704
8705
8706
8707
8708
8709
8710
8711
8712
8713
8714
8715
8716
8717
8718
8720
8721
8722
8723
8724
8725
8726
8727
8728
8729
8730
8732
8733
8734
8735
8736
8737
8738
8739
8740
8742
8744
8745
8746
8747
8752
8753
8754
8755
8756
8757
8758
8759
8760
8761
8762
8763
8768
8769
8770
8771
8773
8778
8780
8781
8784
8785
8786
8789
8790
8791
8792
8793
8798
8799
8800
8803
8804
8805
8806
8809
8810
8811
8814
8816
8818
8820
8821
8822
8823
8824
8825
8827
8829
8831
8832
8837
8838
8839
8840
8845
8846
8847
8851
8853
8854
8855
8856
8862
8863
8864
8865
8866
8867
8868
8869
8870
8872
8873
8874
8875
8876
8877
8881
8882
8884
8885
8886
8887
8890
8893
8894
8895
8896
8897
8898
8899
8900
8905
8906
8907
8909
8913
8914
8915
8916
8917
8920
8921
8922
8923
8924
8925
8926
8928
8929
8930
8931
8932
8933
8934
8935
8936
8944
8945
8949
8950
8955
8956
8957
8958
8959
8960
8961
8963
8964
8965
8966
8982
8983
8985
8986
8987
8990
8991
8992
8995
8996
8997
8998
8999
9000
9001
9002
9003
9004
9005
9006
9007
9008
9009
9010
9011
9013
9014
9015
9016
9017
9018
9019
9020
9021
9022
9023
9024
9025
9026
9027
9029
9031
9032
9033
9034
9035
9036
9037
9038
9042
9043
9052
9053
9054
9055
9057
9058
9059
9060
9061
9062
9064
9065
9066
9067
9068
9070
9071
9072
9073
9074
9075
9076
9077
9078
9079
9080
9081
9082
9083
9084
9085
9086
9087
9088
9089
9091
9092
9093
9094
9095
9097
9098
9099
9100
9101
9112
9113
9114
9115
9116
9117
9119
9120
9123
9124
9133
9134
9136
9145
9146
9148
9149
9154
9160
9163
9164
9169
9170
9171
9173
9174
9175
9176
9177
9180
9182
9183
9186
9187
9188
9189
9190
9191
9192
9193
9194
9195
9198
9201
9215
9216
9217
9220
9225
9228
9229
9230
9236
9237
9238
9239
9243
9249
9254
9259
9261
9262
9263
9264
9265
9266
9267
9268
9269
9270
9271
9272
9273
9274
9279
9282
9283
9284
9285
9287
9288
9289
9290
9291
9294
9295
9296
9297
9298
9299
9300
9301
9302
9303
9304
9305
9306
9307
9309
9310
9311
9312
9313
9314
9315
9316
9318
9319
9320
9321
9322
9323
9324
9325
9326
9327
9328
9329
9330
9331
9332
9333
9334
9335
9340
9345
9346
9347
9348
9356
9357
9358
9363
9364
9365
9367
9368
9369
9370
9371
9372
9373
9374
9377
9381
9382
9383
9388
9389
9390
9391
9392
9393
9394
9398
9402
9403
9404
9405
9407
9408
9409
9410
9414
9415
9418
9419
9420
9421
9422
9423
9428
9435
9436
9437
9438
9439
9440
9441
9442
9447
9454
9456
9461
9462
9463
9466
9469
9471
9472
9473
9474
9475
9479
9480
9481
9484
9487
9488
9489
9490
9495
9498
9500
9504
9507
9508
9509
9510
9513
9514
9515
9516
9517
9519
9520
9523
9527
9530
9531
9532
9537
9544
9545
9546
9547
9548
9549
9550
9552
9553
9556
9557
9558
9560
9561
9562
9563
9564
9566
9567
9568
9570
9571
9572
9573
9576
9577
9578
9580
9581
9582
9583
9584
9585
9587
9593
9594
9597
9598
9599
9600
9603
9605
9606
9609
9610
9611
9616
9617
9624
9625
9626
9627
9628
9629
9630
9631
9632
9633
9634
9635
9636
9637
9638
9639
9641
9642
9643
9644
9645
9646
9647
9648
9649
9650
9651
9652
9653
9654
9656
9658
9661
9662
9663
9664
9671
9672
9677
9679
9689
9693
9695
9696
9699
9703
9704
9705
9706
9709
9711
9712
9716
9717
9718
9719
9724
9726
9728
9729
9730
9731
9732
9733
9738
9739
9740
9741
9742
9743
9744
9745
9746
9747
9748
9751
9752
9753
9754
9755
9757
9758
9759
9760
9763
9764
9765
9766
9767
9769
9770
9772
9777
9778
9779
9780
9781
9784
9786
9787
9788
9797
9798
9799
9800
9801
9802
9803
9804
9806
9842
9843
9844
9845
9846
9847
9848
9860
9862
9865
9866
9867
9869
9870
9871
9872
9873
9874
9875
9882
9883
9886
9920
9922
9926
9927
9929
9931
9932
9938
9939
9940
9943
9944
9945
9946
9947
9948
9952
9953
9954
9955
9956
9957
9958
9959
9960
9961
9962
9972
9975
9976
9977
9978
9980
9981
9982
9983
9984
9985
9986
9987
9990
9992
9993
9994
10003
10004
10005
10007
10013
10014
10015
10017
10018
10020
10021
10022
10023
10024
10025
10026
10027
10028
10029
10030
10040
10043
10044
10045
10049
10058
10059
10060
10061
10066
10067
10068
10072
10074
10075
10076
10077
10078
10080
10081
10094
10095
10096
10097
10098
10099
10100
10102
10103
10105
10106
10107
10108
10109
10111
10112
10113
10116
10117
10120
10121
10122
10123
10128
10142
10146
10147
10148
10157
10158
10160
10163
10167
10168
10169
10171
10172
10173
10174
10178
10179
10181
10182
10183
10184
10185
10186
10189
10190
10191
10194
10195
10196
10200
10203
10208
10209
10210
10212
10214
10215
10216
10219
10220
10221
10222
10224
10228
10231
10232
10234
10235
10236
10237
10238
10239
10240
10241
10242
10243
10244
10246
10250
10252
10255
10256
10257
10258
10266
10269
10271
10275
10276
10277
10282
10283
10284
10288
10289
10290
10291
10292
10293
10295
10299
10302
10308
10309
10312
10314
10315
10316
10318
10319
10320
10321
10322
10326
10327
10328
10329
10330
10331
10333
10334
10335
10336
10337
10352
10362
10363
10369
10373
10374
10375
10376
10378
10379
10381
10383
10386
10387
10388
10392
10393
10394
10395
10396
10398
10399
10400
10401
10405
10406
10407
10408
10409
10418
10420
10424
10426
10427
10429
10430
10431
10432
10433
10435
10440
10441
10448
10449
10450
10452
10453
10454
10455
10456
10458
10460
10462
10463
10464
10465
10466
10467
10468
10469
10470
10473
10474
10475
10476
10477
10478
10479
10480
10481
10483
10485
10486
10487
10489
10494
10496
10497
10498
10499
10500
10502
10503
10506
10507
10508
10509
10510
10511
10512
10513
10514
10516
10517
10518
10519
10521
10522
10523
10526
10527
10529
10533
10534
10535
10536
10537
10538
10540
10541
10545
10546
10547
10548
10549
10550
10551
10553
10554
10555
10560
10562
10563
10564
10565
10566
10567
10568
10569
10570
10571
10572
10574
10575
10583
10584
10585
10591
10593
10594
10595
10599
10600
10601
10605
10606
10607
10608
10609
10611
10612
10614
10616
10617
10618
10619
10620
10621
10624
10625
10626
10627
10628
10629
10632
10633
10634
10635
10638
10640
10641
10644
10645
10646
10647
10648
10652
10653
10654
10655
10658
10660
10662
10668
10670
10671
10672
10675
10676
10677
10679
10680
10681
10682
10683
10686
10689
10691
10695
10697
10698
10700
10701
10702
10703
10704
10705
10706
10707
10708
10709
10710
10712
10714
10715
10719
10720
10721
10722
10729
10733
10734
10735
10737
10738
10739
10741
10742
10744
10745
10747
10748
10763
10771
10773
10774
10775
10776
10777
10779
10780
10781
10782
10784
10785
10786
10790
10791
10792
10796
10797
10798
10799
10800
10801
10803
10810
10814
10816
10817
10818
10820
10821
10822
10823
10824
10825
10826
10828
10829
10830
10831
10833
10834
10837
10838
10839
10840
10841
10843
10848
10849
10850
10852
10854
10855
10858
10860
10864
10865
10866
10867
10868
10869
10870
10871
10872
10873
10874
10875
10877
10880
10881
10884
10886
10887
10888
10893
10899
10900
10905
10906
10907
10908
10909
10910
10911
10913
10914
10920
10921
10922
10927
10928
10930
10932
10933
10934
10935
10936
10937
10939
10940
10941
10942
10943
10944
10945
10947
10948
10949
10950
10952
10954
10962
10963
10964
10965
10966
10967
10968
10970
10971
10972
10973
10974
10975
10976
10977
10978
10979
10980
10981
10982
10983
10984
10985
10986
10987
10988
10991
10992
10993
10994
10995
10997
10998
10999
11000
11003
11004
11005
11006
11008
11011
11012
11013
11015
11016
11017
11018
11019
11020
11021
11035
11036
11037
11038
11039
11041
11043
11044
11046
11047
11048
11049
11050
11051
11052
11053
11054
11056
11057
11058
11060
11061
11063
11066
11067
11068
11069
11070
11076
11077
11078
11080
11081
11082
11083
11084
11085
11086
11089
11092
11093
11095
11096
11097
11098
11099
11102
11103
11104
11105
11106
11108
11109
11110
11111
11113
11114
11115
11117
11118
11119
11120
11122
11125
11126
11127
11128
11129
11131
11132
11133
11134
11136
11137
11138
11139
11140
11141
11145
11146
11147
11150
11151
11152
11153
11154
11155
11157
11158
11161
11164
11165
11166
11171
11172
11173
11174
11175
11176
11179
11180
11182
11183
11185
11186
11187
11188
11189
11190
11191
11192
11194
11195
11196
11200
11205
11206
11209
11210
11211
11212
11214
11216
11217
11220
11221
11222
11223
11224
11225
11226
11231
11232
11233
11237
11238
11239
11240
11241
11242
11244
11245
11248
11249
11251
11252
11253
11254
11256
11257
11258
11259
11261
11262
11268
11270
11271
11273
11276
11278
11279
11280
11281
11282
11283
11284
11285
11286
11287
11288
11289
11291
11294
11295
11297
11298
11300
11301
11302
11305
11310
11311
11313
11317
11323
11325
11326
11327
11328
11329
11330
11331
11332
11333
11334
11335
11337
11338
11339
11342
11343
11344
11346
11347
11349
11350
11351
11352
11353
11354
11355
11356
11357
11358
11359
11360
11361
11362
11363
11364
11365
11366
11367
11368
11370
11371
11376
11377
11378
11380
11382
11385
11386
11387
11388
11389
11390
11391
11392
11393
11394
11395
11396
11397
11398
11399
11400
11401
11402
11403
11404
11405
11406
11407
11408
11409
11410
11411
11412
11413
11414
11415
11416
11417
11418
11419
11420
11421
11422
11423
11424
11425
11426
11427
11428
11429
11430
11431
11432
11433
11434
11435
11436
11437
11439
11442
11443
11444
11445
11448
11452
11453
11454
11456
11457
11460
11461
11462
11463
11465
11469
11470
11471
11473
11474
11475
11476
11477
11478
11479
11480
11481
11483
11484
11485
11490
11491
11492
11493
11494
11495
11496
11497
11498
11499
11500
11501
11502
11507
11508
11511
11515
11518
11519
11524
11525
11526
11527
11528
11530
11531
11537
11560
11561
11562
11564
11567
11568
11569
11573
11574
11575
11577
11582
11583
11584
11585
11586
11587
11588
11589
11590
11591
11592
11593
11594
11595
11596
11597
11598
11599
11600
11601
11602
11603
11604
11605
11606
11607
11608
11609
11610
11611
11612
11613
11614
11615
11616
11617
11618
11619
11620
11621
11622
11623
11624
11625
11626
11627
11628
11629
11632
11643
11644
11648
11649
11650
11653
11654
11655
11656
11657
11658
11659
11660
11662
11663
11667
11668
11670
11671
11672
11673
11677
11679
11681
11682
11683
11684
11687
11689
11690
11691
11692
11693
11694
11697
11700
11703
11704
11705
11709
11712
11713
11715
11716
11718
11721
11732
11733
11734
11735
11736
11737
11738
11739
11740
11741
11742
11743
11744
11745
11747
11748
11750
11752
11754
11771
11772
11775
11776
11777
11778
11779
11780
11781
11782
11783
11786
11787
11788
11789
11790
11791
11792
11793
11794
11795
11796
11797
11798
11799
11800
11801
11802
11803
11804
11805
11806
11807
11808
11809
11810
11811
11812
11813
11814
11815
11816
11830
11831
11832
11836
11837
11838
11839
11841
11842
11843
11844
11845
11848
11859
11860
11861
11862
11863
11864
11865
11866
11867
11872
11875
11876
11877
11878
11879
11880
11881
11882
11883
11884
11885
11886
11887
11888
11889
11890
11891
11892
11893
11894
11895
11896
11897
11898
11899
11901
11902
11905
11906
11911
11912
11913
11914
11915
11916
11917
11927
11928
11930
11931
11932
11933
11940
11943
11947
11953
11954
11955
11966
11967
11970
11974
11975
11977
11978
11981
11982
11985
11986
11987
11988
11989
11990
11991
11992
11993
11994
11995
11996
11997
12002
12003
12004
12005
12006
12007
12008
12009
12010
12011
12012
12014
12015
12016
12018
12019
12021
12028
12029
12030
12031
12032
12033
12034
12038
12039
12042
12044
12047
12048
12050
12051
12052
12053
12055
12057
12059
12060
12063
12067
12068
12069
12070
12071
12074
12076
12078
12079
12080
12081
12082
12083
12084
12085
12086
12087
12089
12094
12095
12096
12097
12098
12099
12100
12101
12102
12103
12106
12107
12108
12111
12112
12117
12119
12120
12121
12122
12123
12124
12125
12126
12127
12129
12130
12131
12135
12136
12142
12153
12156
12157
12158
12159
12160
12162
12163
12168
12172
12173
12174
12175
12176
12177
12178
12180
12181
12183
12185
12186
12187
12189
12190
12191
12193
12194
12195
12196
12197
12199
12200
12201
12202
12203
12210
12211
12212
12213
12214
12215
12219
12220
12223
12224
12227
12228
12236
12237
12238
12241
12244
12245
12246
12247
12248
12249
12251
12252
12253
12259
12261
12264
12265
12266
12280
12281
12282
12283
12284
12285
12286
12287
12289
12292
12293
12294
12295
12297
12301
12302
12303
12304
12305
12306
12307
12308
12309
12310
12311
12312
12313
12315
12316
12318
12319
12320
12321
12322
12323
12328
12331
12332
12333
12334
12335
12336
12341
12343
12344
12345
12346
12347
12348
12351
12352
12353
12354
12355
12356
12357
12358
12360
12361
12362
12363
12364
12365
12366
12367
12368
12369
12370
12371
12374
12375
12376
12377
12378
12379
12380
12381
12382
12383
12384
12385
12386
12387
12388
12391
12392
12404
12407
12409
12410
12411
12414
12417
12419
12420
12428
12429
12430
12431
12432
12433
12434
12435
12436
12437
12438
12439
12440
12441
12442
12449
12451
12452
12455
12456
12458
12459
12460
12461
12462
12463
12464
12468
12472
12473
12477
12478
12479
12481
12482
12484
12485
12486
12488
12489
12493
12494
12495
12497
12500
12504
12505
12506
12507
12508
12509
12510
12511
12512
12513
12514
12515
12516
12517
12518
12519
12520
12521
12522
12523
12524
12525
12526
12527
12528
12529
12530
12535
12536
12538
12539
12540
12541
12542
12543
12545
12548
12549
12550
12551
12552
12553
12554
12555
12556
12557
12559
12560
12561
12564
12565
12566
12567
12569
12570
12578
12580
12581
12584
12588
12589
12595
12596
12602
12605
12606
12607
12608
12609
12610
12611
12612
12613
12614
12616
12617
12618
12620
12621
12622
12623
12624
12625
12626
12627
12628
12629
12630
12631
12633
12634
12635
12636
12639
12640
12642
12643
12644
12645
12646
12647
12648
12651
12652
12654
12655
12674
12675
12677
12678
12679
12680
12681
12683
12684
12685
12688
12690
12691
12692
12693
12702
12703
12704
12705
12706
12708
12709
12712
12713
12714
12715
12716
12717
12718
12719
12721
12722
12723
12724
12725
12726
12727
12733
12734
12737
12739
12740
12741
12742
12743
12751
12753
12754
12755
12756
12763
12764
12765
12767
12775
12776
12777
12779
12780
12783
12784
12785
12788
12789
12791
12794
12805
12806
12812
12813
12815
12819
12820
12827
12828
12829
12833
12835
12836
12839
12841
12842
12845
12846
12847
12848
12849
12850
12851
12852
12853
12854
12857
12858
12859
12860
12861
12864
12866
12867
12868
12869
12870
12873
12874
12875
12876
12879
12880
12884
12885
12886
12887
12888
12890
12894
12896
12899
12900
12901
12902
12903
12905
12906
12907
12912
12915
12918
12919
12920
12922
12923
12924
12925
12929
12930
12931
12932
12933
12934
12936
12937
12938
12939
12940
12941
12948
12958
12959
12960
12961
12962
12963
12964
12965
12967
12968
12969
12970
12971
12972
12973
12978
12981
12982
12983
12984
12987
12988
12993
12995
12996
12997
13001
13002
13004
13006
13011
13012
13016
13024
13027
13028
13032
13033
13035
13039
13040
13041
13042
13043
13047
13052
13053
13065
13066
13068
13069
13073
13074
13076
13077
13082
13083
13084
13085
13091
13092
13093
13094
13095
13097
13099
13100
13102
13104
13105
13106
13110
13115
13121
13122
13126
13127
13128
13131
13135
13136
13138
13140
13141
13142
13143
13146
13147
13148
13149
13150
13165
13174
13175
13176
13177
13179
13180
13181
13182
13184
13185
13186
13187
13188
13189
13190
13193
13194
13195
13198
13199
13204
13205
13206
13207
13208
13209
13211
13212
13213
13214
13215
13216
13217
13218
13219
13220
13221
13222
13223
13224
13226
13238
13239
13240
13241
13242
13243
13247
13254
13255
13256
13257
13258
13260
13268
13269
13274
13275
13276
13277
13280
13281
13282
13287
13289
13291
13292
13294
13299
13300
13302
13306
13307
13312
13313
13314
13315
13316
13317
13318
13320
13328
13329
13334
13335
13337
13338
13339
13340
13341
13345
13346
13347
13348
13349
13350
13351
13353
13354
13356
13357
13362
13364
13365
13367
13374
13375
13376
13377
13378
13379
13380
13381
13382
13383
13384
13385
13387
13394
13395
13398
13399
13402
13403
13405
13406
13407
13410
13411
13415
13416
13417
13418
13419
13420
13421
13425
13426
13427
13429
13430
13432
13435
13436
13437
13438
13439
13440
13453
13454
13459
13460
13464
13465
13467
13468
13469
13472
13478
13487
13489
13491
13507
13509
13511
13519
13520
13521
13522
13523
13524
13525
13529
13530
13531
13535
13538
13542
13543
13547
13548
13549
13550
13553
13555
13557
13560
13561
13565
13566
13567
13568
13576
13579
13580
13586
13587
13588
13589
13592
13593
13594
13595
13596
13602
13603
13604
13605
13606
13607
13608
13609
13611
13612
13613
13614
13615
13617
13618
13622
13623
13624
13626
13627
13631
13632
13633
13635
13640
13641
13642
13643
13644
13645
13648
13651
13652
13653
13654
13655
13656
13657
13658
13659
13660
13661
13663
13665
13666
13667
13668
13669
13670
13671
13672
13673
13674
13675
13676
13677
13678
13679
13680
13681
13682
13683
13684
13685
13686
13687
13688
13689
13690
13691
13692
13693
13694
13695
13696
13697
13698
13699
13700
13701
13702
13703
13704
13705
13706
13707
13708
13709
13710
13711
13712
13713
13714
13715
13716
13717
13718
13719
13721
13722
13723
13724
13725
13726
13727
13728
13729
13730
13731
13732
13733
13734
13735
13736
13737
13739
13740
13741
13742
13743
13744
13745
13749
13751
13752
13754
13755
13756
13757
13758
13759
13760
13761
13762
13763
13766
13767
13768
13769
13770
13771
13772
13773
13774
13775
13776
13777
13778
13779
13780
13781
13782
13784
13785
13786
13790
13791
13793
13794
13800
13802
13808
13811
13812
13813
13814
13815
13817
13819
13820
13822
13823
13824
13825
13826
13827
13830
13831
13834
13835
13836
13840
13843
13844
13852
13853
13855
13857
13858
13859
13871
13874
13875
13876
13877
13878
13879
13882
13884
13885
13886
13887
13888
13889
13890
13891
13894
13895
13898
13899
13900
13903
13905
13908
13909
13912
13917
13918
13920
13921
13927
13934
13935
13936
13937
13943
13944
13947
13948
13951
13952
13954
13961
13962
13965
13966
13968
13970
13972
13974
13975
13978
13979
13981
13982
13984
13986
13987
13993
13994
13995
13996
13999
14000
14001
14002
14003
14006
14007
14008
14010
14011
14013
14014
14015
14016
14017
14023
14025
14026
14027
14028
14031
14032
14033
14034
14035
14036
14037
14038
14039
14040
14043
14044
14045
14046
14047
14049
14050
14051
14054
14055
14056
14057
14058
14059
14063
14064
14065
14066
14067
14068
14069
14070
14071
14072
14073
14075
14076
14077
14078
14079
14080
14081
14082
14083
14084
14085
14086
14088
14090
14097
14099
14101
14102
14105
14106
14107
14108
14109
14110
14111
14112
14113
14114
14117
14122
14123
14124
14125
14128
14130
14131
14136
14137
14138
14139
14141
14144
14145
14147
14152
14153
14156
14163
14166
14167
14170
14175
14177
14180
14181
14182
14183
14184
14188
14189
14193
14195
14200
14201
14202
14203
14205
14206
14207
14208
14209
14210
14211
14215
14222
14223
14225
14226
14227
14228
14232
14233
14234
14238
14240
14245
14246
14247
14248
14250
14252
14254
14255
14256
14260
14261
14262
14265
14266
14271
14272
14273
14277
14281
14284
14285
14286
14287
14288
14292
14294
14295
14296
14297
14298
14299
14301
14302
14306
14307
14308
14312
14313
14317
14321
14323
14324
14326
14328
14329
14330
14331
14332
14333
14334
14335
14336
14341
14342
14343
14344
14346
14349
14352
14355
14356
14359
14360
14361
14362
14363
14364
14365
14366
14367
14368
14369
14370
14371
14372
14373
14374
14375
14376
14377
14380
14381
14382
14383
14384
14386
14388
14407
14408
14409
14410
14411
14412
14413
14414
14417
14418
14419
14420
14421
14423
14424
14426
14427
14432
14433
14434
14435
14436
14437
14440
14441
14444
14446
14447
14454
14455
14456
14457
14458
14459
14460
14461
14462
14465
14479
14480
14481
14484
14485
14486
14489
14490
14491
14493
14494
14495
14496
14497
14498
14499
14500
14501
14505
14506
14507
14510
14513
14516
14522
14524
14525
14526
14528
14530
14531
14532
14541
14550
14552
14556
14557
14558
14559
14562
14563
14564
14565
14566
14567
14568
14569
14570
14571
14572
14573
14574
14575
14576
14577
14581
14582
14584
14585
14586
14587
14590
14591
14592
14596
14597
14602
14603
14604
14607
14608
14610
14611
14613
14614
14615
14621
14622
14623
14624
14625
14626
14627
14630
14635
14636
14637
14643
14645
14646
14648
14650
14651
14652
14654
14657
14659
14660
14664
14666
14672
14673
14679
14680
14681
14682
14684
14685
14686
14687
14691
14692
14693
14696
14697
14698
14699
14700
14701
14702
14703
14704
14705
14706
14707
14708
14709
14710
14711
14713
14717
14718
14719
14721
14723
14724
14725
14726
14728
14731
14733
14735
14736
14737
14740
14741
14745
14746
14747
14748
14750
14751
14752
14753
14754
14755
14757
14758
14759
14760
14761
14764
14765
14766
14767
14768
14769
14770
14771
14773
14774
14775
14776
14780
14783
14784
14786
14787
14790
14791
14793
14794
14795
14798
14803
14804
14807
14808
14809
14810
14811
14813
14817
14818
14819
14820
14823
14825
14827
14829
14830
14831
14833
14840
14843
14845
14846
14847
14848
14849
14852
14853
14854
14855
14856
14858
14859
14860
14863
14864
14865
14866
14867
14868
14869
14871
14872
14873
14874
14875
14877
14881
14882
14883
14884
14885
14886
14887
14888
14889
14890
14891
14894
14895
14896
14897
14898
14899
14900
14901
14902
14903
14904
14905
14906
14907
14908
14909
14910
14911
14912
14913
14914
14915
14916
14917
14918
14920
14921
14922
14923
14924
14925
14926
14927
14928
14930
14931
14932
14937
14938
14939
14940
14941
14942
14943
14944
14945
14947
14948
14949
14950
14953
14954
14957
14958
14959
14960
14961
14965
14966
14967
14968
14970
14971
14972
14973
14975
14978
14979
14980
14983
14985
14986
14988
14989
14991
14993
14995
14997
14998
14999
15000
15001
15002
15003
15004
15005
15006
15007
15008
15009
15010
15011
15012
15013
15014
15015
15016
15017
15018
15019
15020
15021
15022
15023
15024
15025
15026
15027
15028
15029
15030
15031
15034
15036
15037
15038
15039
15041
15045
15046
15047
15048
15049
15050
15051
15053
15054
15056
15057
15058
15059
15062
15064
15066
15068
15073
15074
15075
15076
15077
15080
15081
15089
15091
15092
15100
15106
15107
15108
15110
15111
15112
15117
15119
15120
15122
15126
15130
15131
15132
15133
15134
15135
15136
15137
15138
15139
15140
15141
15142
15143
15146
15147
15148
15149
15150
15153
15156
15157
15158
15159
15160
15161
15162
15163
15165
15166
15167
15168
15169
15171
15172
15173
15174
15175
15176
15177
15179
15182
15184
15185
15186
15187
15188
15189
15190
15191
15193
15194
15195
15196
15197
15198
15199
15201
15203
15204
15205
15206
15207
15208
15212
15213
15214
15216
15217
15220
15224
15225
15226
15227
15230
15232
15234
15235
15236
15238
15239
15241
15242
15243
15246
15247
15250
15251
15253
15254
15256
15257
15259
15262
15263
15264
15267
15268
15271
15273
15274
15275
15276
15277
15281
15287
15289
15296
15297
15299
15300
15306
15312
15313
15314
15315
15316
15317
15318
15323
15324
15326
15329
15330
15331
15332
15333
15334
15335
15336
15338
15343
15345
15346
15348
15351
15352
15353
15354
15356
15357
15359
15360
15361
15362
15364
15365
15369
15370
15371
15372
15378
15381
15382
15383
15384
15386
15387
15388
15389
15392
15395
15396
15397
15400
15405
15407
15409
15415
15417
15419
15423
15426
15427
15430
15432
15433
15434
15437
15439
15442
15445
15447
15448
15449
15450
15451
15452
15454
15456
15457
15458
15466
15467
15468
15471
15477
15478
15480
15486
15488
15490
15491
15492
15493
15494
15496
15498
15499
15500
15502
15504
15505
15506
15509
15514
15516
15517
15518
15520
15521
15522
15523
15524
15525
15527
15530
15536
15537
15538
15540
15543
15544
15549
15551
15552
15553
15556
15557
15563
15565
15566
15567
15571
15573
15574
15578
15579
15581
15582
15583
15584
15585
15586
15587
15591
15592
15593
15594
15595
15596
15597
15598
15599
15600
15601
15602
15603
15604
15605
15606
15607
15608
15609
15610
15611
15613
15614
15621
15622
15623
15624
15626
15631
15632
15633
15637
15638
15639
15640
15642
15643
15644
15646
15647
15648
15650
15655
15656
15657
15658
15659
15660
15661
15663
15666
15667
15669
15672
15674
15678
15679
15680
15681
15682
15683
15684
15685
15687
15689
15691
15703
15705
15706
15707
15713
15714
15715
15716
15717
15718
15719
15721
15722
15725
15726
15727
15729
15730
15733
15734
15735
15742
15743
15744
15745
15747
15749
15752
15753
15754
15755
15756
15757
15758
15761
15767
15770
15771
15772
15775
15776
15778
15779
15780
15782
15783
15784
15788
15789
15790
15791
15792
15793
15794
15795
15796
15801
15804
15805
15808
15812
15813
15817
15820
15821
15824
15828
15831
15834
15835
15836
15837
15842
15844
15845
15847
15850
15851
15852
15853
15854
15855
15863
15865
15867
15871
15872
15873
15874
15875
15882
15883
15890
15891
15892
15894
15901
15904
15905
15906
15907
15908
15909
15911
15912
15913
15914
15915
15917
15918
15920
15921
15925
15929
15931
15932
15936
15937
15940
15941
15942
15943
15945
15946
15947
15948
15949
15954
15958
15960
15966
15971
15972
15973
15976
15977
15978
15979
15980
15982
15984
15985
15989
15990
15996
15997
15998
15999
16000
16001
16002
16006
16007
16012
16016
16018
16022
16023
16024
16025
16026
16027
16028
16029
16030
16031
16032
16033
16034
16035
16036
16037
16039
16040
16042
16044
16045
16046
16053
16058
16060
16061
16062
16063
16064
16065
16066
16067
16070
16071
16072
16073
16074
16075
16076
16080
16082
16083
16084
16085
16087
16088
16089
16090
16091
16092
16093
16103
16104
16105
16106
16109
16112
16113
16114
16120
16121
16122
16123
16125
16126
16127
16128
16129
16131
16134
16135
16138
16140
16141
16145
16146
16148
16149
16152
16153
16154
16155
16156
16157
16159
16160
16161
16162
16165
16167
16168
16169
16172
16174
16176
16179
16180
16182
16183
16188
16192
16194
16195
16199
16200
16203
16205
16209
16210
16212
16214
16215
16216
16217
16218
16220
16221
16222
16223
16224
16225
16226
16231
16232
16240
16241
16242
16243
16247
16248
16254
16255
16257
16260
16261
16262
16264
16265
16266
16268
16269
16270
16271
16272
16273
16274
16275
16276
16278
16279
16280
16281
16282
16284
16286
16288
16289
16290
16295
16296
16297
16299
16301
16304
16305
16306
16309
16311
16316
16318
16322
16323
16325
16326
16328
16331
16335
16337
16338
16339
16340
16341
16345
16346
16349
16350
16351
16354
16360
16361
16364
16365
16366
16367
16368
16369
16371
16372
16377
16379
16380
16381
16384
16385
16386
16387
16388
16389
16393
16394
16398
16399
16400
16401
16402
16406
16408
16409
16410
16411
16412
16413
16416
16417
16418
16419
16420
16427
16428
16429
16430
16431
16432
16433
16434
16435
16436
16437
16441
16442
16443
16444
16445
16446
16451
16456
16461
16462
16463
16466
16467
16469
16470
16471
16472
16476
16477
16479
16480
16484
16487
16489
16490
16491
16492
16493
16499
16500
16501
16506
16508
16509
16511
16517
16520
16521
16522
16523
16525
16526
16529
16531
16533
16538
16539
16540
16545
16547
16549
16550
16551
16552
16553
16556
16557
16558
16559
16560
16562
16563
16564
16567
16572
16582
16583
16586
16587
16588
16589
16590
16591
16597
16603
16604
16607
16608
16609
16610
16611
16612
16615
16616
16617
16618
16619
16620
16622
16626
16627
16628
16629
16630
16635
16636
16637
16638
16639
16640
16641
16643
16645
16646
16647
16648
16650
16651
16652
16654
16655
16657
16658
16659
16660
16666
16667
16672
16673
16674
16675
16676
16679
16685
16686
16687
16688
16689
16690
16691
16692
16693
16694
16695
16696
16697
16698
16699
16700
16701
16702
16703
16704
16705
16706
16707
16710
16711
16713
16714
16715
16717
16718
16721
16724
16725
16726
16729
16732
16734
16736
16738
16739
16740
16741
16742
16743
16744
16745
16749
16751
16752
16755
16756
16758
16759
16761
16762
16764
16765
16766
16767
16768
16769
16770
16771
16772
16773
16776
16777
16779
16780
16781
16784
16785
16787
16788
16790
16794
16797
16799
16800
16805
16806
16808
16812
16813
16815
16817
16820
16821
16829
16834
16837
16839
16840
16842
16843
16844
16845
16846
16849
16850
16852
16853
16854
16856
16857
16858
16859
16860
16863
16864
16865
16867
16868
16869
16870
16871
16875
16876
16877
16881
16883
16884
16885
16886
16887
16889
16890
16894
16895
16896
16898
16899
16900
16901
16918
16920
16921
16923
16924
16925
16927
16935
16936
16937
16938
16940
16941
16943
16945
16946
16947
16948
16949
16951
16955
16958
16959
16966
16973
16976
16977
16984
16986
16987
16988
16989
16990
16991
16992
16993
16994
16997
17002
17003
17006
17007
17008
17009
17010
17012
17013
17014
17015
17016
17017
17018
17019
17020
17021
17023
17024
17026
17028
17029
17030
17031
17033
17038
17039
17044
17045
17046
17047
17048
17049
17050
17066
17068
17072
17075
17077
17085
17086
17089
17091
17092
17093
17099
17106
17108
17109
17111
17114
17115
17117
17120
17123
17124
17125
17126
17127
17128
17135
17137
17141
17142
17143
17144
17145
17146
17147
17148
17149
17150
17151
17152
17153
17154
17155
17156
17157
17158
17160
17164
17165
17167
17169
17176
17179
17180
17181
17183
17184
17187
17191
17192
17200
17207
17208
17212
17215
17217
17218
17224
17225
17230
17232
17233
17235
17236
17237
17238
17241
17242
17248
17249
17250
17251
17255
17256
17257
17258
17270
17272
17274
17276
17282
17288
17289
17290
17291
17292
17297
17298
17299
17301
17305
17306
17307
17308
17311
17312
17315
17317
17318
17319
17320
17321
17323
17324
17325
17331
17333
17334
17337
17339
17340
17341
17342
17344
17375
17376
17379
17380
17381
17382
17383
17384
17385
17391
17396
17397
17399
17400
17404
17405
17407
17422
17423
17430
17431
17436
17437
17438
17439
17441
17443
17444
17445
17447
17448
17449
17452
17453
17455
17462
17464
17465
17470
17475
17476
17477
17487
17494
17495
17499
17503
17504
17505
17506
17508
17509
17510
17513
17522
17524
17525
17526
17527
17531
17534
17535
17541
17550
17551
17552
17553
17555
17559
17560
17564
17566
17567
17568
17569
17571
17572
17575
17579
17580
17581
17582
17585
17586
17590
17591
17592
17594
17595
17598
17600
17601
17602
17604
17608
17609
17610
17613
17615
17616
17617
17618
17619
17621
17622
17624
17625
17627
17628
17630
17632
17635
17636
17637
17639
17640
17645
17649
17650
17653
17658
17660
17662
17665
17673
17674
17675
17676
17677
17678
17686
17688
17693
17694
17697
17699
17700
17701
17702
17703
17707
17708
17709
17710
17711
17712
17713
17714
17715
17720
17721
17723
17724
17725
17727
17728
17729
17731
17734
17736
17737
17738
17741
17742
17743
17744
17745
17746
17748
17749
17750
17752
17753
17757
17758
17760
17761
17762
17765
17766
17768
17769
17773
17784
17785
17787
17796
17797
17800
17801
17802
17803
17808
17809
17810
17811
17813
17814
17818
17820
17824
17825
17828
17835
17837
17843
17844
17847
17848
17849
17850
17851
17852
17853
17854
17856
17857
17858
17859
17860
17861
17862
17863
17864
17865
17866
17873
17875
17878
17879
17883
17884
17885
17886
17889
17895
17896
17897
17898
17902
17903
17904
17906
17907
17911
17913
17914
17916
17921
17923
17925
17933
17934
17936
17938
17942
17950
17951
17952
17953
17955
17959
17960
17961
17964
17966
17969
17970
17971
17972
17973
17974
17975
17976
17977
17980
17981
17982
17985
17987
17988
17989
17990
17993
17995
17997
17999
18002
18003
18008
18012
18013
18016
18024
18025
18030
18031
18034
18035
18041
18042
18043
18050
18053
18060
18064
18065
18069
18074
18075
18076
18078
18081
18082
18084
18085
18086
18087
18089
18090
18091
18092
18093
18097
18099
18100
18109
18110
18111
18112
18113
18114
18115
18116
18120
18122
18125
18126
18128
18130
18131
18132
18137
18140
18142
18143
18145
18148
18149
18150
18152
18153
18154
18156
18157
18162
18163
18166
18167
18168
18170
18171
18172
18173
18174
18176
18178
18181
18184
18185
18186
18187
18188
18189
18192
18194
18195
18198
18200
18202
18204
18205
18206
18207
18209
18211
18215
18216
18217
18218
18220
18222
18223
18224
18225
18226
18227
18228
18229
18232
18234
18236
18240
18241
18242
18244
18246
18247
18248
18249
18250
18251
18253
18256
18257
18259
18260
18262
18264
18265
18266
18268
18269
18271
18273
18274
18275
18276
18278
18282
18287
18288
18289
18290
18292
18294
18295
18296
18298
18304
18305
18306
18309
18311
18313
18314
18315
18316
18317
18318
18319
18320
18321
18322
18323
18324
18327
18328
18329
18332
18333
18335
18337
18338
18344
18345
18346
18348
18350
18351
18352
18353
18355
18356
18361
18363
18364
18377
18383
18388
18391
18392
18393
18394
18395
18401
18402
18403
18407
18409
18410
18413
18414
18415
18417
18418
18419
18420
18421
18426
18427
18428
18430
18431
18432
18433
18434
18436
18437
18440
18441
18443
18448
18449
18453
18455
18456
18457
18458
18461
18463
18464
18465
18469
18470
18474
18477
18478
18481
18483
18484
18485
18488
18490
18491
18497
18499
18503
18506
18510
18511
18513
18514
18518
18519
18520
18526
18527
18528
18538
18539
18540
18541
18542
18543
18544
18545
18546
18547
18548
18549
18550
18551
18552
18553
18554
18557
18559
18560
18562
18563
18565
18568
18569
18570
18571
18572
18574
18580
18584
18586
18587
18588
18589
18590
18591
18592
18594
18595
18596
18599
18600
18601
18602
18603
18604
18605
18606
18607
18608
18609
18610
18611
18612
18613
18614
18615
18616
18617
18618
18619
18620
18621
18622
18627
18628
18629
18630
18632
18633
18634
18635
18636
18637
18639
18641
18644
18645
18646
18647
18648
18649
18650
18651
18652
18654
18655
18657
18659
18660
18666
18667
18668
18669
18672
18673
18679
18680
18681
18682
18684
18688
18692
18694
18696
18697
18698
18699
18700
18701
18703
18705
18706
18708
18709
18715
18716
18717
18718
18719
18720
18721
18722
18723
18724
18725
18727
18728
18729
18731
18732
18733
18734
18735
18736
18737
18738
18739
18742
18745
18747
18748
18749
18750
18751
18753
18754
18755
18757
18760
18762
18763
18764
18765
18766
18767
18769
18770
18771
18772
18774
18779
18782
18785
18786
18790
18791
18792
18793
18794
18795
18796
18797
18798
18799
18802
18803
18804
18805
18808
18809
18810
18811
18813
18814
18817
18819
18820
18821
18830
18831
18832
18833
18834
18835
18836
18838
18839
18840
18841
18842
18843
18844
18845
18847
18848
18849
18850
18851
18852
18853
18854
18856
18859
18860
18861
18864
18866
18867
18868
18869
18871
18873
18874
18876
18878
18882
18883
18885
18886
18893
18894
18899
18902
18906
18907
18908
18909
18910
18911
18913
18914
18915
18916
18917
18918
18921
18923
18924
18927
18929
18931
18932
18933
18935
18937
18938
18940
18943
18945
18946
18950
18951
18952
18953
18954
18955
18956
18958
18959
18960
18961
18962
18963
18965
18966
18967
18968
18969
18972
18973
18978
18979
18980
18981
18982
18986
18987
18988
18989
18990
18993
18994
18995
18996
18997
18998
19000
19001
19002
19008
19009
19011
19012
19013
19014
19017
19019
19021
19022
19025
19030
19033
19034
19035
19036
19037
19041
19042
19043
19045
19047
19049
19050
19051
19052
19053
19054
19055
19056
19061
19062
19063
19066
19067
19068
19069
19070
19073
19077
19080
19084
19085
19087
19088
19090
19091
19092
19100
19102
19103
19105
19106
19109
19113
19114
19115
19118
19121
19122
19124
19127
19128
19129
19130
19131
19137
19140
19141
19142
19144
19145
19147
19148
19149
19151
19152
19154
19155
19159
19162
19163
19164
19168
19172
19173
19174
19175
19180
19182
19183
19184
19185
19186
19187
19188
19190
19191
19195
19200
19203
19205
19206
19208
19209
19210
19211
19214
19216
19217
19218
19219
19221
19222
19225
19227
19228
19233
19234
19236
19239
19240
19242
19244
19245
19249
19250
19259
19260
19261
19267
19271
19273
19277
19278
19280
19281
19282
19283
19284
19288
19289
19293
19294
19295
19296
19297
19299
19300
19301
19302
19303
19304
19305
19306
19307
19308
19313
19314
19316
19321
19322
19326
19328
19331
19333
19334
19335
19340
19341
19342
19343
19344
19349
19350
19354
19356
19357
19360
19361
19362
19366
19367
19368
19370
19371
19372
19374
19375
19377
19378
19380
19381
19384
19386
19389
19391
19393
19399
19400
19401
19402
19405
19406
19407
19409
19410
19413
19417
19418
19419
19425
19427
19428
19429
19431
19432
19433
19437
19442
19443
19444
19446
19448
19449
19453
19456
19457
19461
19468
19471
19476
19477
19478
19479
19480
19481
19488
19490
19491
19493
19494
19495
19497
19498
19499
19500
19505
19506
19507
19512
19513
19514
19515
19516
19520
19521
19522
19523
19524
19525
19528
19532
19533
19538
19539
19540
19541
19542
19543
19544
19545
19546
19547
19548
19549
19550
19551
19552
19553
19554
19555
19558
19559
19563
19565
19567
19571
19572
19573
19574
19575
19578
19582
19584
19585
19586
19587
19588
19591
19592
19593
19594
19595
19596
19598
19599
19600
19601
19602
19604
19605
19606
19607
19608
19609
19610
19611
19612
19613
19614
19615
19616
19617
19622
19623
19624
19625
19627
19629
19631
19632
19634
19635
19636
19637
19638
19640
19642
19643
19645
19652
19653
19654
19656
19657
19658
19659
19660
19661
19662
19663
19664
19666
19669
19670
19671
19672
19673
19675
19676
19678
19679
19680
19689
19690
19691
19703
19704
19705
19708
19710
19711
19712
19713
19714
19716
19717
19720
19721
19723
19725
19726
19729
19730
19731
19736
19737
19738
19739
19740
19743
19746
19749
19753
19756
19757
19758
19759
19760
19762
19763
19764
19765
19766
19767
19776
19778
19784
19785
19793
19794
19795
19796
19812
19819
19820
19821
19822
19823
19830
19831
19832
19833
19836
19838
19839
19840
19841
19842
19843
19848
19852
19854
19855
19859
19862
19863
19864
19866
19867
19869
19873
19874
19875
19876
19877
19881
19884
19897
19898
19900
19902
19905
19916
19917
19919
19921
19924
19925
19926
19935
19936
19945
19946
19956
19957
19958
19959
19960
19961
19962
19963
19964
19965
19967
19968
19970
19971
19973
19974
19985
19987
19988
19989
19994
19998
19999
20000
20003
20008
20009
20011
20012
20013
20016
20017
20018
20019
20022
20025
20026
20027
20028
20032
20033
20035
20037
20050
20051
20052
20053
20054
20055
20057
20058
20063
20064
20065
20067
20068
20069
20071
20073
20075
20077
20078
20079
20080
20081
20086
20087
20088
20090
20091
20092
20093
20099
20100
20101
20102
20104
20108
20117
20120
20121
20126
20127
20128
20129
20132
20133
20134
20135
20137
20138
20141
20143
20145
20146
20149
20150
20154
20155
20156
20162
20163
20165
20167
20168
20169
20170
20171
20172
20173
20174
20175
20176
20177
20182
20183
20184
20185
20186
20187
20191
20192
20193
20195
20196
20198
20200
20201
20206
20207
20209
20210
20213
20216
20217
20221
20222
20225
20227
20229
20237
20238
20246
20247
20248
20249
20250
20251
20255
20259
20260
20263
20264
20268
20269
20270
20271
20272
20273
20277
20279
20280
20281
20288
20289
20290
20291
20299
20301
20304
20306
20308
20309
20311
20313
20324
20329
20332
20333
20334
20339
20340
20341
20343
20348
20350
20354
20357
20358
20366
20367
20370
20374
20375
20378
20382
20384
20385
20387
20389
20391
20398
20400
20401
20403
20407
20408
20410
20411
20412
20417
20418
20421
20422
20423
20425
20429
20431
20432
20434
20436
20446
20447
20453
20454
20460
20461
20462
20467
20470
20485
20486
20491
20492
20498
20499
20503
20504
20505
20508
20511
20512
20513
20514
20520
20532
20535
20536
20542
20543
20544
20545
20547
20550
20551
20554
20556
20558
20563
20564
20566
20568
20570
20571
20572
20577
20580
20587
20590
20594
20595
20596
20599
20600
20602
20604
20612
20613
20616
20618
20620
20621
20622
20623
20624
20627
20629
20631
20634
20636
20637
20638
20640
20641
20644
20649
20650
20651
20652
20656
20657
20659
20660
20663
20665
20666
20667
20668
20669
20670
20681
20684
20685
20686
20687
20689
20690
20691
20697
20698
20699
20701
20703
20704
20707
20716
20717
20719
20720
20724
20726
20731
20734
20735
20736
20737
20740
20741
20742
20743
20745
20747
20757
20759
20760
20761
20762
20763
20765
20766
20774
20778
20779
20783
20784
20785
20789
20790
20792
20793
20796
20800
20802
20830
20842
20853
20856
20859
20860
20866
20867
20868
20870
20871
20872
20875
20882
20883
20892
20893
20898
20904
20908
20910
20911
20918
20919
20920
20921
20924
20925
20927
20938
20943
20946
20947
20948
20949
20956
20957
20958
20961
20963
20965
20969
20970
20977
20978
20979
20980
20981
20983
20984
20989
20992
20998
20999
21000
21003
21005
21007
21008
21011
21012
21016
21024
21025
21026
21027
21031
21034
21035
21039
21048
21049
21050
21053
21058
21060
21062
21063
21064
21065
21068
21073
21081
21082
21083
21084
21087
21089
21090
21091
21099
21100
21102
21103
21104
21109
21111
21114
21120
21124
21126
21129
21130
21133
21138
21140
21143
21148
21149
21150
21151
21154
21155
21156
21158
21160
21161
21163
21166
21167
21168
21169
21173
21174
21175
21176
21179
21180
21181
21184
21186
21188
21189
21191
21194
21196
21197
21202
21203
21205
21209
21211
21214
21215
21216
21220
21222
21223
21224
21225
21226
21227
21229
21231
21232
21233
21235
21242
21246
21249
21250
21251
21252
21253
21256
21257
21264
21266
21267
21268
21269
21270
21273
21277
21279
21283
21284
21285
21286
21291
21293
21294
21295
21296
21298
21299
21300
21304
21309
21317
21318
21319
21321
21325
21329
21330
21331
21334
21335
21338
21341
21344
21356
21357
21358
21360
21361
21362
21363
21364
21366
21368
21369
21371
21373
21375
21376
21377
21380
21385
21386
21387
21388
21390
21391
21393
21394
21399
21400
21403
21408
21412
21416
21419
21421
21425
21427
21428
21429
21430
21431
21434
21435
21437
21438
21439
21440
21441
21442
21446
21448
21449
21454
21455
21456
21457
21461
21462
21463
21465
21466
21468
21471
21472
21474
21476
21477
21479
21480
21481
21482
21483
21484
21487
21489
21490
21496
21497
21498
21502
21503
21504
21505
21509
21510
21511
21512
21516
21517
21519
21526
21532
21534
21536
21544
21546
21547
21548
21549
21550
21551
21552
21553
21555
21557
21560
21561
21563
21565
21567
21569
21570
21572
21573
21582
21584
21586
21589
21593
21594
21599
21602
21603
21617
21618
21622
21623
21625
21627
21629
21630
21633
21634
21637
21652
21653
21657
21658
21659
21662
21663
21664
21668
21671
21676
21682
21683
21687
21691
21693
21695
21700
21702
21703
21704
21707
21713
21715
21716
21720
21722
21723
21724
21725
21726
21730
21731
21733
21734
21735
21736
21737
21738
21739
21744
21747
21748
21750
21760
21762
21765
21766
21768
21772
21773
21774
21777
21778
21780
21782
21785
21787
21790
21791
21792
21795
21798
21801
21802
21804
21808
21809
21810
21813
21818
21819
21821
21822
21823
21825
21827
21829
21830
21835
21842
21852
21853
21857
21858
21860
21863
21869
21871
21872
21873
21874
21878
21883
21884
21887
21891
21893
21897
21899
21900
21901
21902
21906
21907
21909
21913
21914
21915
21917
21918
21919
21929
21936
21937
21944
21945
21949
21952
21954
21956
21959
21960
21961
21963
21965
21969
21972
21973
21974
21978
21984
21986
21988
21989
21996
21997
21998
21999
22002
22003
22004
22006
22007
22012
22017
22023
22028
22032
22037
22038
22039
22045
22052
22054
22055
22056
22057
22058
22060
22061
22071
22072
22073
22074
22075
22077
22078
22081
22084
22085
22089
22090
22091
22093
22095
22096
22097
22100
22101
22103
22105
22106
22112
22113
22114
22117
22120
22123
22126
22127
22128
22131
22133
22138
22139
22148
22150
22157
22165
22166
22168
22169
22170
22171
22172
22180
22181
22182
22184
22197
22198
22199
22200
22203
22210
22211
22216
22220
22221
22222
22223
22227
22228
22230
22233
22234
22236
22237
22238
22239
22241
22243
22246
22251
22253
22255
22257
22261
22262
22263
22265
22266
22268
22272
22275
22276
22277
22283
22290
22291
22293
22294
22298
22299
22300
22303
22304
22305
22306
22307
22309
22311
22312
22316
22318
22319
22320
22324
22325
22326
22334
22335
22338
22339
22341
22342
22343
22344
22345
22346
22348
22349
22350
22352
22354
22355
22363
22364
22365
22367
22370
22371
22373
22374
22375
22377
22380
22382
22383
22384
22385
22386
22388
22389
22392
22394
22395
22396
22397
22398
22399
22401
22402
22403
22409
22410
22416
22418
22419
22421
22422
22423
22426
22427
22428
22433
22434
22436
22441
22445
22448
22449
22450
22456
22460
22461
22463
22465
22466
22467
22468
22473
22474
22475
22476
22478
22479
22480
22481
22483
22486
22489
22490
22491
22497
22498
22499
22500
22501
22502
22504
22506
22509
22510
22514
22515
22516
22517
22518
22524
22525
22526
22530
22533
22536
22540
22541
22542
22547
22551
22552
22553
22554
22556
22557
22558
22561
22562
22567
22569
22571
22574
22575
22581
22582
22585
22586
22587
22588
22591
22592
22597
22598
22599
22600
22601
22604
22609
22610
22613
22616
22621
22623
22625
22626
22627
22634
22640
22641
22645
22650
22655
22658
22661
22662
22663
22676
22678
22683
22688
22692
22693
22697
22698
22700
22703
22705
22706
22707
22708
22709
22711
22712
22714
22721
22726
22727
22729
22739
22740
22741
22742
22745
22747
22748
22751
22754
22757
22758
22763
22764
22766
22769
22772
22774
22775
22779
22780
22783
22784
22785
22788
22789
22791
22796
22797
22800
22801
22804
22805
22806
22812
22821
22822
22823
22826
22833
22835
22836
22838
22844
22848
22852
22853
22854
22856
22857
22858
22859
22863
22867
22868
22869
22870
22871
22872
22873
22874
22875
22876
22877
22878
22879
22880
22881
22888
22889
22890
22893
22894
22895
22900
22908
22912
22913
22914
22916
22917
22921
22923
22925
22935
22936
22937
22944
22945
22948
22950
22951
22952
22953
22958
22959
22960
22968
22972
22973
22974
22980
22986
23001
23013
23014
23015
23017
23022
23023
23025
23027
23028
23029
23030
23042
23043
23044
23045
23049
23050
23051
23052
23054
23055
23056
23057
23060
23061
23065
23069
23070
23071
23072
23075
23076
23080
23087
23089
23090
23098
23099
23100
23106
23109
23110
23114
23115
23116
23117
23126
23127
23130
23134
23135
23138
23141
23143
23145
23146
23149
23154
23155
23157
23163
23165
23168
23169
23170
23171
23172
23173
23175
23176
23182
23187
23195
23196
23197
23198
23199
23200
23205
23207
23209
23210
23213
23216
23218
23223
23224
23225
23226
23227
23228
23231
23232
23234
23248
23251
23257
23259
23260
23273
23274
23276
23278
23283
23285
23294
23295
23300
23302
23303
23304
23307
23309
23311
23320
23321
23328
23332
23334
23336
23337
23338
23339
23340
23341
23343
23354
23373
23374
23376
23378
23380
23382
23388
23389
23392
23395
23396
23397
23398
23399
23401
23402
23411
23412
23413
23417
23421
23422
23426
23428
23434
23435
23436
23437
23438
23443
23444
23446
23447
23451
23452
23457
23458
23459
23462
23463
23467
23468
23470
23471
23472
23473
23475
23477
23481
23482
23484
23485
23488
23489
23493
23497
23501
23502
23504
23513
23514
23515
23516
23518
23521
23524
23528
23530
23537
23543
23547
23556
23557
23562
23568
23570
23571
23572
23573
23577
23579
23584
23594
23596
23607
23608
23609
23610
23611
23612
23613
23619
23621
23624
23628
23632
23636
23638
23648
23654
23655
23656
23663
23668
23672
23674
23675
23676
23679
23681
23685
23689
23691
23695
23698
23701
23705
23706
23707
23708
23710
23711
23712
23713
23714
23715
23718
23731
23732
23733
23734
23738
23739
23742
23743
23746
23747
23748
23749
23750
23754
23755
23762
23763
23765
23769
23770
23776
23777
23779
23781
23782
23785
23786
23790
23791
23793
23794
23796
23798
23799
23800
23802
23803
23804
23805
23808
23809
23810
23811
23812
23813
23814
23815
23819
23821
23822
23826
23829
23831
23833
23834
23835
23836
23838
23842
23843
23853
23855
23857
23871
23878
23885
23891
23892
23894
23898
23900
23902
23905
23909
23910
23911
23913
23915
23916
23917
23918
23920
23921
23922
23924
23928
23929
23933
23934
23940
23941
23942
23945
23946
23952
23954
23961
23963
23964
23965
23966
23967
23968
23969
23971
23972
23978
23981
23983
23990
23993
24001
24006
24008
24014
24015
24021
24024
24027
24029
24030
24031
24033
24034
24035
24036
24039
24042
24046
24047
24049
24050
24051
24053
24056
24059
24064
24065
24066
24071
24072
24082
24085
24086
24087
24089
24090
24092
24093
24106
24110
24111
24112
24115
24116
24117
24120
24123
24124
24125
24127
24129
24130
24131
24133
24134
24136
24137
24139
24140
24145
24146
24148
24149
24157
24158
24162
24163
24164
24168
24169
24170
24172
24174
24176
24178
24180
24181
24185
24187
24188
24189
24190
24191
24193
24195
24196
24199
24200
24201
24212
24223
24227
24232
24233
24235
24239
24240
24243
24244
24245
24252
24253
24255
24256
24258
24259
24263
24264
24266
24269
24270
24278
24289
24290
24291
24295
24297
24298
24305
24309
24310
24312
24313
24320
24321
24325
24327
24334
24335
24336
24337
24339
24345
24347
24349
24352
24353
24356
24360
24363
24366
24370
24371
24374
24377
24378
24380
24382
24383
24384
24385
24387
24388
24389
24390
24392
24398
24399
24402
24404
24406
24407
24410
24412
24413
24419
24420
24421
24422
24423
24425
24427
24432
24433
24435
24438
24439
24440
24442
24443
24444
24445
24447
24449
24450
24452
24453
24454
24455
24457
24460
24461
24464
24465
24466
24467
24468
24469
24470
24471
24472
24474
24475
24476
24477
24478
24479
24480
24481
24482
24485
24486
24487
24488
24489
24490
24494
24497
24499
24500
24501
24502
24504
24509
24510
24511
24512
24513
24514
24515
24516
24520
24521
24524
24525
24526
24529
24530
24532
24533
24534
24536
24537
24539
24540
24541
24542
24544
24545
24546
24547
24548
24549
24550
24556
24557
24562
24565
24566
24569
24570
24571
24573
24575
24577
24580
24581
24582
24583
24584
24585
24588
24589
24591
24592
24596
24597
24603
24604
24605
24606
24608
24612
24618
24626
24632
24635
24636
24637
24639
24640
24641
24643
24649
24650
24651
24656
24658
24660
24661
24662
24664
24666
24667
24671
24672
24673
24674
24675
24676
24679
24681
24683
24686
24691
24692
24693
24696
24697
24698
24699
24700
24702
24703
24704
24705
24706
24708
24710
24711
24712
24713
24714
24715
24716
24719
24720
24721
24727
24729
24736
24737
24739
24740
24741
24744
24749
24750
24754
24755
24758
24759
24762
24764
24766
24774
24775
24777
24779
24780
24783
24784
24788
24789
24790
24791
24793
24794
24796
24797
24798
24801
24802
24809
24810
24812
24813
24816
24817
24820
24822
24826
24832
24835
24836
24842
24843
24846
24847
24848
24851
24852
24868
24870
24877
24878
24887
24888
24892
24893
24894
24895
24896
24897
24899
24905
24908
24910
24914
24921
24923
24925
24928
24930
24932
24933
24934
24938
24939
24950
24952
24953
24954
24955
24958
24959
24960
24961
24965
24967
24970
24971
24972
24975
24978
24979
24984
24986
24987
24991
24992
25001
25003
25007
25016
25018
25020
25021
25022
25030
25031
25033
25035
25036
25039
25040
25048
25049
25052
25056
25057
25059
25060
25062
25063
25066
25070
25071
25073
25075
25076
25077
25079
25082
25087
25091
25099
25102
25106
25112
25120
25121
25124
25125
25131
25135
25136
25137
25140
25147
25148
25151
25154
25157
25159
25160
25161
25173
25174
25179
25180
25181
25182
25184
25185
25186
25191
25198
25203
25206
25207
25208
25212
25213
25219
25222
25223
25226
25232
25236
25238
25239
25244
25245
25251
25255
25261
25263
25267
25268
25275
25277
25278
25282
25285
25286
25289
25292
25293
25294
25300
25303
25304
25309
25310
25312
25313
25314
25315
25316
25319
25320
25321
25325
25330
25337
25342
25345
25352
25353
25357
25359
25361
25366
25371
25372
25373
25374
25375
25376
25377
25378
25379
25383
25388
25392
25394
25395
25396
25397
25398
25399
25400
25402
25403
25407
25410
25411
25417
25418
25422
25424
25425
25429
25431
25434
25435
25439
25441
25442
25443
25444
25447
25448
25452
25454
25459
25460
25464
25465
25466
25470
25471
25472
25473
25481
25488
25492
25495
25499
25508
25512
25513
25514
25519
25521
25522
25523
25526
25529
25532
25533
25537
25540
25541
25545
25548
25550
25552
25553
25554
25556
25557
25559
25561
25566
25567
25570
25572
25577
25578
25579
25581
25582
25586
25587
25599
25601
25603
25606
25607
25608
25609
25610
25615
25618
25624
25625
25626
25628
25629
25631
25633
25634
25635
25639
25643
25650
25652
25654
25656
25659
25665
25675
25676
25679
25681
25685
25686
25689
25694
25696
25699
25702
25704
25705
25709
25713
25720
25728
25729
25736
25739
25743
25744
25749
25750
25755
25757
25761
25762
25764
25765
25767
25769
25770
25771
25772
25776
25780
25781
25782
25789
25790
25791
25792
25794
25795
25796
25797
25798
25799
25801
25802
25804
25805
25806
25807
25808
25810
25812
25815
25816
25817
25822
25823
25825
25826
25827
25829
25830
25832
25833
25834
25836
25840
25841
25843
25845
25846
25847
25850
25851
25852
25853
25854
25855
25857
25858
25860
25863
25864
25865
25866
25867
25868
25870
25871
25873
25874
25876
25877
25878
25880
25881
25884
25885
25886
25887
25888
25889
25890
25891
25892
25893
25894
25895
25896
25897
25898
25899
25900
25901
25902
25904
25905
25907
25908
25913
25914
25915
25916
25917
25918
25919
25920
25922
25924
25925
25930
25932
25933
25938
25939
25940
25941
25943
25944
25945
25948
25949
25951
25952
25954
25956
25957
25958
25959
25960
25965
25966
25967
25968
25969
25970
25971
25972
25973
25976
25978
25979
25981
25983
25984
25985
25986
25987
25989
25990
25991
25992
25993
25994
25995
25997
25998
25999
26001
26002
26003
26004
26006
26007
26008
26011
26012
26013
26015
26016
26019
26020
26026
26027
26028
26029
26033
26035
26036
26037
26040
26042
26044
26045
26046
26047
26048
26049
26050
26052
26053
26054
26056
26057
26061
26062
26063
26064
26065
26066
26067
26069
26070
26071
26072
26073
26074
26076
26077
26080
26081
26082
26084
26085
26087
26088
26089
26090
26092
26093
26094
26095
26096
26097
26101
26102
26103
26104
26106
26108
26110
26111
26118
26122
26123
26126
26127
26128
26129
26130
26133
26137
26138
26141
26142
26143
26144
26145
26147
26148
26152
26153
26154
26161
26165
26166
26167
26168
26169
26175
26178
26179
26180
26181
26183
26184
26187
26191
26195
26196
26197
26198
26199
26200
26202
26208
26209
26211
26212
26213
26214
26215
26219
26220
26222
26223
26225
26226
26227
26228
26230
26231
26232
26235
26236
26237
26240
26241
26242
26243
26245
26246
26249
26251
26252
26253
26255
26256
26257
26258
26264
26265
26266
26268
26273
26274
26276
26278
26279
26280
26281
26286
26287
26289
26290
26293
26295
26296
26301
26302
26303
26304
26305
26308
26310
26312
26313
26314
26315
26316
26318
26319
26320
26321
26322
26324
26325
26330
26335
26337
26338
26340
26341
26344
26348
26350
26351
26353
26357
26358
26359
26360
26361
26362
26365
26367
26368
26370
26371
26374
26375
26376
26377
26380
26381
26387
26388
26390
26392
26396
26397
26400
26403
26404
26407
26408
26413
26414
26416
26417
26418
26419
26423
26424
26425
26426
26430
26432
26433
26434
26435
26436
26437
26438
26439
26443
26446
26448
26450
26451
26453
26454
26455
26456
26457
26459
26461
26462
26463
26464
26465
26466
26473
26474
26477
26478
26479
26481
26486
26487
26488
26490
26491
26492
26494
26495
26496
26497
26499
26501
26510
26511
26512
26515
26516
26517
26519
26520
26523
26524
26528
26529
26532
26533
26534
26536
26539
26540
26541
26543
26545
26549
26550
26552
26557
26559
26560
26564
26565
26566
26569
26571
26572
26574
26575
26576
26577
26578
26579
26580
26581
26583
26585
26588
26591
26592
26593
26594
26595
26598
26599
26600
26601
26603
26604
26606
26608
26610
26611
26614
26615
26617
26618
26619
26622
26624
26627
26628
26629
26630
26631
26632
26634
26636
26637
26638
26640
26644
26645
26646
26647
26648
26651
26652
26653
26654
26655
26656
26659
26660
26662
26663
26664
26665
26667
26668
26670
26672
26673
26674
26676
26677
26678
26679
26680
26682
26683
26684
26685
26686
26687
26688
26689
26692
26693
26695
26697
26699
26700
26701
26702
26705
26708
26709
26714
26715
26716
26718
26719
26720
26722
26725
26728
26729
26730
26731
26732
26734
26737
26739
26740
26741
26743
26745
26750
26751
26755
26758
26759
26760
26761
26762
26763
26764
26767
26768
26769
26770
26772
26773
26774
26775
26776
26777
26780
26781
26782
26783
26791
26792
26793
26794
26795
26800
26801
26802
26803
26808
26812
26813
26815
26816
26817
26819
26820
26823
26824
26827
26829
26832
26835
26836
26837
26838
26839
26840
26841
26842
26845
26847
26849
26850
26851
26855
26856
26857
26858
26860
26861
26865
26867
26869
26870
26872
26877
26878
26879
26880
26881
26883
26889
26890
26896
26897
26898
26900
26901
26903
26904
26905
26907
26908
26911
26912
26916
26918
26925
26926
26930
26939
26940
26943
26944
26947
26957
26961
26965
26967
26971
26972
26978
26981
26982
26983
26985
26989
26990
26991
26992
26995
26996
26997
26998
26999
27002
27004
27006
27008
27011
27012
27014
27015
27017
27019
27025
27031
27032
27036
27039
27042
27043
27045
27047
27049
27050
27051
27053
27055
27057
27058
27059
27062
27063
27064
27074
27082
27084
27085
27087
27088
27097
27112
27113
27114
27117
27118
27125
27126
27127
27131
27132
27133
27134
27135
27136
27137
27141
27147
27148
27152
27154
27161
27162
27164
27168
27169
27172
27175
27177
27181
27182
27185
27191
27197
27198
27202
27203
27204
27207
27208
27213
27217
27218
27219
27220
27221
27225
27226
27233
27236
27241
27242
27243
27245
27246
27247
27250
27258
27259
27266
27270
27272
27275
27276
27277
27279
27281
27282
27289
27290
27294
27295
27298
27305
27306
27307
27308
27310
27311
27312
27316
27318
27320
27321
27322
27323
27324
27325
27326
27327
27328
27333
27336
27342
27345
27348
27349
27356
27362
27366
27367
27370
27376
27386
27387
27388
27389
27390
27391
27394
27398
27401
27402
27403
27404
27405
27406
27407
27409
27414
27426
27427
27428
27434
27438
27442
27444
27447
27452
27457
27463
27470
27473
27477
27478
27481
27483
27484
27489
27490
27491
27497
27502
27503
27504
27505
27506
27508
27513
27514
27518
27525
27526
27539
27540
27541
27545
27551
27553
27558
27565
27566
27573
27580
27585
27595
27617
27630
27631
27635
27648
27662
27664
27673
27676
27677
27678
27679
27687
27688
27691
27692
27693
27696
27701
27702
27704
27706
27710
27712
27716
27734
27744
27747
27749
27751
27752
27753
27762
27764
27768
27769
27770
27774
27775
27782
27786
27789
27790
27792
27793
27800
27801
27805
27806
27809
27813
27815
27816
27819
27823
27825
27831
27832
27835
27841
27842
27843
27844
27848
27853
27854
27863
27867
27868
27872
27876
27886
27890
27891
27898
27899
27902
27908
27909
27910
27912
27913
27914
27921
27923
27924
27931
27935
27939
27940
27943
27966
27974
27976
27977
27980
27982
27989
28000
28004
28005
28009
28019
28024
28025
28030
28032
28034
28038
28040
28041
28043
28044
28069
28073
28083
28086
28087
28091
28092
28093
28099
28102
28106
28111
28114
28116
28120
28131
28132
28134
28140
28142
28146
28150
28152
28155
28158
28161
28165
28168
28173
28174
28182
28183
28186
28187
28190
28191
28193
28195
28196
28197
28199
28204
28206
28207
28214
28215
28218
28220
28224
28226
28227
28230
28240
28241
28253
28254
28258
28260
28261
28263
28266
28269
28274
28276
28278
28281
28284
28290
28293
28298
28301
28302
28303
28306
28310
28320
28325
28340
28342
28349
28351
28355
28357
28371
28381
28386
28387
28395
28398
28404
28406
28409
28420
28421
28425
28426
28443
28446
28449
28454
28458
28471
28474
28499
28500
28515
28522
28524
28530
28533
28534
28536
28540
28541
28548
28551
28557
28558
28565
28572
28576
28577
28580
28581
28582
28583
28592
28603
28604
28605
28607
28610
28618
28620
28625
28629
28630
28633
28635
28636
28637
28641
28645
28647
28648
28649
28656
28660
28663
28667
28691
28698
28705
28708
28709
28717
28721
28734
28757
28780
28784
28785
28786
28793
28794
28796
28797
28798
28801
28806
28811
28815
28817
28818
28832
28841
28856
28857
28858
28859
28868
28880
28882
28883
28889
28890
28898
28902
28911
28912
28913
28914
28922
28927
28931
28934
28952
28957
28958
28973
28974
28975
28979
28980
28983
28984
28986
28993
28998
29003
29004
29008
29011
29015
29020
29026
29027
29030
29036
29037
29038
29039
29040
29041
29042
29049
29050
29051
29057
29060
29064
29067
29070
29078
29080
29081
29085
29094
29095
29106
29108
29109
29110
29116
29123
29126
29130
29135
29139
29140
29141
29152
29164
29168
29172
29180
29185
29186
29189
29194
29197
29200
29201
29202
29203
29207
29208
29215
29217
29218
29222
29230
29231
29233
29234
29236
29241
29242
29243
29247
29248
29249
29251
29252
29255
29258
29260
29270
29274
29281
29286
29289
29293
29294
29297
29302
29304
29306
29307
29308
29309
29310
29313
29318
29325
29326
29329
29330
29340
29341
29342
29343
29344
29346
29352
29363
29364
29369
29373
29377
29382
29383
29387
29388
29391
29392
29395
29396
29400
29401
29406
29407
29423
29428
29429
29430
29431
29432
29433
29434
29436
29438
29444
29445
29446
29449
29450
29452
29453
29454
29457
29469
29474
29476
29479
29484
29485
29486
29487
29495
29496
29498
29505
29510
29514
29516
29526
29528
29529
29531
29532
29533
29534
29543
29554
29560
29567
29568
29571
29573
29574
29575
29576
29579
29580
29581
29582
29584
29597
29598
29602
29605
29609
29612
29613
29617
29618
29619
29623
29625
29626
29627
29628
29633
29637
29638
29641
29643
29651
29656
29661
29665
29666
29668
29673
29684
29693
29701
29702
29703
29708
29713
29714
29715
29717
29718
29722
29726
29728
29729
29730
29731
29732
29738
29740
29741
29742
29743
29746
29750
29751
29754
29755
29764
29766
29767
29772
29779
29782
29787
29791
29793
29796
29802
29805
29807
29812
29814
29815
29817
29819
29822
29824
29826
29827
29835
29837
29838
29841
29842
29843
29845
29850
29852
29854
29855
29857
29861
29865
29869
29870
29873
29874
29880
29881
29883
29885
29886
29897
29899
29902
29917
29918
29920
29921
29923
29924
29932
29942
29945
29953
29957
29961
29962
29969
29970
29971
29972
29974
29977
29981
29983
29987
29989
29991
29994
29996
29997
30001
30003
30006
30009
30016
30017
30018
30022
30023
30024
30025
30026
30029
30033
30034
30036
30038
30039
30050
30051
30053
30055
30059
30060
30062
30066
30067
30073
30075
30079
30080
30085
30089
30091
30092
30093
30094
30095
30096
30099
30100
30101
30102
30103
30107
30110
30116
30117
30119
30121
30123
30125
30136
30137
30138
30140
30142
30147
30148
30154
30155
30156
30158
30159
30160
30162
30163
30164
30169
30171
30173
30175
30176
30178
30181
30185
30186
30188
30193
30196
30197
30198
30201
30205
30206
30208
30209
30210
30215
30216
30217
30218
30230
30233
30234
30251
30253
30258
30264
30265
30271
30279
30291
30292
30302
30304
30305
30311
30312
30313
30316
30317
30329
30337
30339
30345
30348
30349
30354
30359
30361
30362
30364
30365
30368
30375
30376
30377
30380
30382
30383
30385
30387
30396
30399
30400
30401
30404
30411
30412
30415
30416
30417
30421
30428
30429
30462
30475
30480
30481
30485
30493
30500
30502
30503
30505
30506
30507
30514
30515
30516
30517
30520
30523
30524
30525
30529
30531
30532
30533
30535
30538
30541
30542
30543
30546
30549
30552
30553
30554
30555
30556
30558
30566
30570
30572
30575
30583
30588
30595
30601
30604
30605
30606
30607
30609
30617
30618
30621
30622
30625
30630
30631
30632
30634
30638
30639
30640
30644
30645
30646
30647
30648
30649
30658
30662
30671
30673
30676
30680
30682
30683
30688
30689
30694
30696
30697
30703
30707
30709
30710
30712
30713
30719
30722
30723
30727
30737
30743
30744
30753
30755
30756
30757
30759
30762
30766
30767
30769
30771
30774
30775
30777
30783
30784
30785
30792
30793
30794
30799
30804
30805
30806
30809
30810
30815
30816
30822
30824
30829
30834
30836
30843
30844
30849
30853
30854
30855
30856
30861
30862
30863
30864
30866
30867
30869
30873
30874
30875
30880
30884
30885
30889
30894
30896
30899
30901
30902
30906
30908
30909
30915
30916
30917
30918
30919
30922
30924
30927
30931
30932
30933
30934
30935
30936
30937
30938
30939
30940
30941
30942
30943
30945
30946
30948
30949
30950
30953
30956
30957
30958
30959
30962
30963
30964
30970
30971
30974
30976
30978
30979
30981
30982
30983
30984
30989
30994
30997
30999
31000
31001
31004
31008
31013
31014
31020
31029
31031
31037
31039
31040
31042
31044
31050
31051
31052
31055
31057
31058
31059
31062
31066
31068
31069
31070
31071
31072
31073
31074
31076
31079
31080
31084
31089
31091
31092
31100
31101
31102
31103
31104
31110
31113
31114
31117
31121
31122
31124
31127
31128
31129
31131
31136
31137
31138
31140
31147
31148
31149
31150
31153
31154
31156
31159
31166
31174
31175
31176
31177
31181
31182
31183
31185
31186
31187
31192
31194
31197
31199
31202
31204
31205
31207
31208
31209
31210
31212
31213
31215
31217
31220
31221
31224
31225
31231
31235
31236
31237
31240
31246
31248
31252
31255
31256
31258
31260
31261
31264
31266
31267
31270
31271
31272
31273
31274
31275
31278
31282
31283
31284
31286
31287
31290
31291
31292
31293
31294
31296
31300
31301
31302
31309
31317
31321
31322
31323
31327
31328
31329
31330
31332
31337
31341
31343
31344
31350
31352
31354
31355
31357
31358
31359
31361
31362
31363
31373
31376
31382
31383
31387
31388
31391
31392
31396
31398
31400
31401
31402
31413
31416
31417
31422
31431
31436
31438
31439
31440
31442
31443
31444
31445
31446
31447
31450
31456
31459
31462
31469
31470
31472
31477
31481
31484
31485
31488
31493
31497
31498
31499
31504
31505
31506
31508
31516
31517
31518
31520
31522
31524
31525
31526
31528
31529
31532
31535
31539
31541
31542
31543
31550
31556
31562
31563
31566
31567
31568
31570
31572
31576
31579
31589
31593
31595
31596
31597
31599
31601
31604
31605
31612
31618
31621
31623
31625
31626
31628
31634
31635
31640
31642
31643
31650
31653
31654
31655
31660
31662
31664
31668
31669
31670
31671
31673
31674
31677
31679
31680
31682
31685
31686
31687
31688
31690
31691
31692
31693
31694
31695
31697
31698
31699
31701
31702
31703
31706
31708
31710
31711
31712
31713
31719
31723
31724
31726
31727
31729
31730
31734
31739
31740
31752
31753
31757
31758
31761
31762
31767
31770
31773
31774
31777
31780
31781
31783
31785
31793
31795
31798
31805
31807
31809
31811
31814
31815
31816
31819
31821
31822
31826
31829
31830
31835
31836
31837
31838
31839
31842
31845
31847
31848
31849
31850
31852
31853
31857
31859
31860
31861
31862
31864
31865
31866
31867
31868
31869
31870
31871
31873
31875
31878
31882
31888
31893
31900
31902
31905
31908
31909
31910
31914
31915
31919
31920
31922
31923
31924
31925
31926
31933
31934
31935
31940
31942
31943
31946
31949
31952
31954
31961
31968
31973
31975
31976
31977
31978
31989
31994
31995
31997
31999
32003
32010
32012
32013
32015
32018
32021
32026
32028
32029
32031
32033
32034
32036
32040
32041
32045
32048
32050
32053
32056
32057
32061
32066
32067
32074
32081
32082
32083
32086
32087
32088
32092
32096
32104
32108
32111
32119
32121
32122
32125
32126
32130
32132
32133
32137
32138
32139
32140
32141
32142
32143
32144
32145
32146
32149
32153
32154
32155
32158
32159
32161
32163
32164
32170
32177
32178
32181
32182
32183
32184
32185
32192
32193
32198
32201
32207
32209
32213
32214
32215
32217
32224
32226
32227
32228
32232
32233
32242
32245
32246
32255
32259
32260
32261
32268
32269
32273
32274
32277
32280
32281
32289
32290
32293
32297
32303
32304
32307
32308
32309
32310
32313
32315
32316
32317
32322
32327
32329
32331
32333
32334
32340
32343
32344
32347
32352
32355
32358
32359
32363
32367
32368
32370
32373
32376
32377
32379
32380
32383
32385
32390
32394
32396
32400
32401
32402
32403
32404
32405
32406
32409
32410
32421
32422
32423
32424
32426
32427
32428
32429
32430
32431
32437
32438
32440
32442
32445
32451
32453
32454
32458
32470
32473
32478
32488
32489
32490
32493
32495
32503
32505
32506
32507
32514
32515
32519
32521
32535
32538
32543
32545
32546
32547
32549
32553
32554
32556
32557
32564
32581
32584
32591
32592
32593
32601
32603
32604
32605
32606
32611
32615
32617
32619
32624
32627
32629
32635
32639
32642
32644
32646
32653
32661
32668
32669
32673
32674
32676
32683
32685
32689
32690
32695
32697
32698
32705
32706
32709
32713
32720
32721
32722
32724
32727
32735
32736
32741
32742
32745
32752
32754
32756
32769
32772
32774
32783
32789
32790
32793
32795
32797
32799
32800
32805
32807
32811
32815
32820
32823
32826
32830
32831
32832
32834
32838
32840
32841
32846
32847
32850
32859
32867
32875
32876
32880
32883
32886
32890
32891
32894
32897
32904
32911
32914
32915
32916
32919
32920
32925
32927
32940
32942
32943
32944
32945
32946
32955
32959
32960
32962
32972
32974
32977
32978
32979
32981
32982
32987
32992
32993
32994
32995
32998
32999
33000
33002
33005
33008
33010
33011
33012
33014
33015
33020
33021
33024
33025
33026
33032
33033
33035
33037
33040
33043
33046
33047
33052
33053
33054
33056
33057
33059
33062
33066
33071
33072
33073
33075
33076
33077
33087
33089
33095
33101
33103
33104
33107
33110
33111
33115
33116
33117
33119
33121
33126
33127
33128
33132
33133
33135
33136
33137
33138
33139
33140
33142
33143
33144
33146
33148
33149
33150
33152
33153
33154
33156
33158
33161
33164
33166
33170
33173
33175
33177
33178
33179
33181
33182
33183
33184
33191
33193
33194
33196
33197
33198
33200
33201
33203
33212
33214
33215
33220
33222
33224
33227
33230
33231
33233
33234
33235
33236
33244
33245
33246
33248
33249
