0
1
2
3
6
8
10
11
12
14
15
16
17
18
19
20
21
23
24
27
28
29
30
34
35
36
37
38
39
45
46
47
48
69
70
71
86
87
88
89
90
91
92
93
94
95
96
100
101
104
105
106
109
110
111
112
117
118
119
125
126
127
128
131
132
133
134
135
136
139
140
141
142
143
144
145
146
147
148
149
150
151
152
157
160
161
165
166
167
168
169
170
171
172
173
174
175
176
177
178
179
180
181
182
183
184
185
186
187
188
189
190
191
192
193
194
195
196
197
198
199
200
201
202
203
204
205
206
207
208
209
210
211
212
213
214
215
216
217
218
219
220
221
223
224
225
226
227
228
229
230
231
232
233
234
235
236
237
238
239
240
241
242
243
244
245
246
247
248
249
250
251
252
253
254
255
256
257
258
259
260
261
262
263
264
265
266
267
268
269
270
271
272
273
274
280
281
287
288
289
290
291
292
293
299
300
344
345
346
347
348
349
350
351
352
353
354
355
356
357
358
359
360
361
362
363
364
365
366
367
368
369
370
371
372
373
374
375
376
386
387
388
389
390
392
393
407
408
411
412
415
416
417
418
419
420
421
422
424
425
426
427
428
430
432
434
435
436
437
441
442
443
444
445
446
447
448
449
453
454
455
456
457
458
459
460
461
462
463
464
465
466
467
468
469
477
478
479
480
481
482
483
484
487
488
489
490
491
492
495
496
497
498
505
506
507
508
509
510
511
512
513
515
516
517
520
521
522
523
524
527
528
529
530
533
534
535
536
537
538
541
542
547
548
549
550
551
557
559
560
562
563
564
565
566
567
568
569
570
573
574
575
576
577
578
580
581
582
583
584
585
586
587
588
589
590
591
592
595
596
597
598
599
604
605
606
608
609
610
611
614
617
618
619
620
621
622
623
624
627
628
640
641
642
643
644
645
646
647
650
651
654
655
658
659
662
675
676
677
678
679
680
682
684
687
688
689
690
691
692
695
696
697
698
699
700
701
704
705
706
707
708
709
710
711
712
713
714
715
716
717
718
719
720
721
722
723
724
725
728
729
732
738
739
740
742
747
748
749
750
751
756
757
759
760
763
764
769
770
771
772
774
775
777
779
780
781
785
786
787
788
789
792
793
794
795
796
797
798
799
800
801
802
803
804
805
806
807
808
809
810
811
812
813
820
821
824
825
826
827
828
829
830
831
832
833
835
836
837
838
840
841
842
843
847
848
850
851
852
853
856
857
858
859
860
861
863
864
865
866
867
868
869
872
873
874
875
883
884
887
888
889
899
900
918
919
924
926
927
928
929
930
931
932
933
934
935
936
940
941
942
943
944
945
946
947
948
949
961
962
963
964
966
967
968
969
970
975
976
977
978
980
981
982
983
984
985
986
987
988
989
990
991
992
993
994
995
996
997
998
999
1000
1001
1002
1003
1004
1005
1006
1007
1008
1009
1010
1011
1012
1013
1014
1015
1017
1018
1019
1020
1021
1025
1026
1027
1028
1029
1030
1031
1032
1033
1034
1035
1036
1037
1038
1061
1062
1072
1073
1074
1075
1076
1077
1078
1080
1081
1082
1083
1084
1085
1086
1087
1088
1089
1090
1091
1092
1093
1094
1095
1096
1097
1098
1099
1100
1101
1102
1103
1104
1105
1106
1107
1108
1109
1110
1111
1112
1113
1114
1115
1116
1117
1118
1119
1120
1121
1122
1123
1126
1127
1128
1129
1130
1131
1132
1133
1134
1135
1137
1138
1139
1140
1141
1142
1160
1161
1162
1163
1164
1165
1166
1167
1168
1169
1170
1171
1172
1173
1174
1175
1176
1180
1182
1183
1184
1185
1186
1187
1188
1189
1190
1191
1192
1195
1196
1197
1198
1199
1200
1201
1202
1203
1204
1205
1206
1207
1208
1209
1210
1211
1212
1213
1214
1215
1216
1217
1218
1219
1220
1221
1222
1223
1224
1225
1226
1227
1228
1229
1230
1231
1232
1233
1234
1235
1236
1237
1238
1239
1240
1241
1242
1243
1244
1245
1246
1247
1248
1249
1250
1251
1252
1253
1254
1256
1257
1258
1259
1260
1261
1262
1263
1264
1265
1266
1267
1268
1271
1272
1273
1274
1275
1276
1277
1278
1279
1283
1284
1288
1289
1290
1291
1292
1293
1294
1295
1296
1298
1299
1300
1303
1305
1307
1309
1311
1312
1316
1319
1320
1324
1325
1326
1329
1330
1331
1332
1334
1335
1336
1337
1338
1339
1340
1341
1342
1343
1345
1351
1352
1353
1354
1356
1359
1360
1361
1362
1363
1364
1365
1370
1371
1372
1373
1376
1377
1382
1386
1389
1390
1391
1392
1393
1394
1395
1396
1397
1410
1411
1412
1413
1414
1415
1416
1417
1418
1419
1420
1421
1422
1423
1424
1425
1426
1427
1428
1429
1430
1431
1432
1433
1434
1435
1436
1437
1438
1439
1440
1441
1442
1443
1444
1445
1446
1447
1449
1450
1451
1452
1453
1454
1455
1456
1457
1458
1459
1460
1461
1462
1463
1464
1465
1466
1467
1468
1469
1470
1471
1472
1473
1474
1476
1477
1478
1479
1480
1481
1482
1483
1484
1485
1486
1487
1488
1489
1490
1491
1492
1493
1494
1495
1496
1497
1498
1499
1500
1501
1502
1503
1504
1505
1506
1507
1508
1509
1510
1511
1512
1513
1514
1515
1516
1519
1520
1521
1522
1528
1529
1530
1531
1532
1533
1534
1535
1536
1537
1538
1539
1540
1541
1544
1545
1546
1547
1548
1549
1550
1551
1552
1553
1554
1555
1556
1557
1558
1559
1560
1561
1562
1571
1572
1573
1574
1575
1576
1577
1578
1579
1580
1581
1582
1583
1584
1585
1586
1587
1588
1589
1590
1591
1592
1593
1594
1595
1596
1597
1600
1601
1602
1608
1612
1613
1614
1615
1626
1627
1630
1633
1634
1635
1636
1637
1638
1639
1640
1641
1647
1648
1649
1650
1651
1652
1653
1654
1662
1663
1664
1665
1666
1667
1668
1669
1670
1676
1677
1680
1681
1682
1683
1684
1685
1686
1687
1688
1689
1690
1691
1692
1693
1694
1695
1696
1697
1698
1699
1700
1701
1702
1703
1704
1705
1706
1707
1708
1709
1710
1714
1715
1725
1726
1731
1732
1733
1734
1735
1736
1737
1738
1739
1740
1741
1742
1743
1745
1746
1747
1748
1749
1750
1751
1755
1756
1760
1763
1764
1765
1766
1767
1768
1769
1770
1771
1772
1773
1774
1775
1776
1777
1778
1779
1782
1783
1784
1789
1790
1791
1792
1793
1795
1796
1797
1798
1799
1800
1801
1802
1803
1804
1805
1806
1807
1808
1809
1810
1811
1812
1813
1814
1815
1816
1817
1818
1819
1820
1821
1822
1823
1824
1825
1826
1827
1828
1829
1830
1831
1832
1833
1834
1835
1836
1837
1838
1839
1840
1841
1842
1843
1844
1845
1846
1847
1848
1849
1850
1851
1852
1853
1854
1855
1856
1857
1858
1859
1860
1861
1862
1863
1864
1865
1866
1867
1868
1869
1870
1871
1872
1873
1874
1875
1876
1877
1878
1879
1880
1881
1882
1883
1884
1885
1886
1887
1888
1889
1890
1891
1892
1893
1894
1897
1898
1899
1907
1908
1909
1910
1911
1912
1926
1927
1928
1929
1930
1931
1932
1933
1934
1935
1936
1937
1938
1939
1940
1941
1942
1943
1944
1945
1946
1947
1948
1949
1950
1951
1952
1953
1954
1955
1956
1957
1958
1959
1960
1961
1962
1963
1964
1965
1966
1967
1968
1969
1970
1971
1973
1974
1975
1976
1977
1978
1979
1980
1981
1982
1983
1984
1985
1986
1987
1988
1989
1990
1991
1992
1993
1994
1995
1996
1997
1998
1999
2000
2001
2002
2003
2004
2005
2006
2007
2008
2009
2010
2011
2012
2013
2014
2015
2016
2017
2018
2019
2020
2021
2022
2023
2024
2025
2026
2027
2028
2029
2030
2031
2032
2033
2034
2035
2036
2037
2038
2039
2040
2041
2042
2043
2044
2045
2046
2047
2048
2049
2050
2051
2052
2053
2054
2055
2056
2057
2063
2065
2070
2071
2072
2075
2076
2077
2078
2079
2080
2081
2082
2083
2084
2085
2086
2087
2088
2089
2090
2091
2092
2093
2094
2095
2096
2099
2100
2101
2102
2103
2104
2105
2106
2107
2108
2109
2110
2111
2112
2113
2114
2115
2116
2117
2118
2119
2121
2122
2123
2124
2125
2126
2127
2128
2129
2130
2131
2132
2133
2134
2135
2136
2137
2138
2139
2140
2141
2142
2143
2144
2145
2146
2147
2148
2149
2150
2151
2152
2153
2154
2155
2156
2157
2158
2159
2160
2161
2162
2163
2164
2165
2166
2167
2168
2169
2170
2171
2173
2174
2175
2176
2177
2178
2179
2180
2181
2182
2183
2184
2185
2186
2188
2189
2190
2191
2192
2193
2194
2195
2196
2197
2198
2199
2200
2201
2202
2203
2204
2205
2206
2207
2208
2209
2210
2211
2212
2213
2214
2215
2216
2217
2218
2219
2220
2221
2222
2223
2224
2226
2227
2228
2230
2231
2232
2233
2234
2235
2236
2237
2238
2239
2240
2241
2242
2243
2244
2250
2251
2252
2253
2254
2255
2258
2259
2260
2265
2266
2267
2269
2271
2272
2273
2274
2275
2276
2277
2278
2279
2280
2281
2282
2283
2284
2285
2286
2287
2288
2289
2290
2291
2292
2293
2294
2295
2296
2297
2298
2299
2300
2301
2302
2303
2304
2305
2306
2307
2308
2309
2310
2311
2312
2313
2314
2315
2316
2317
2318
2319
2320
2321
2322
2323
2324
2325
2326
2327
2328
2329
2330
2331
2332
2333
2334
2335
2336
2337
2338
2340
2342
2343
2344
2345
2346
2347
2348
2349
2350
2358
2359
2360
2361
2362
2363
2365
2366
2367
2368
2371
2394
2395
2396
2397
2398
2400
2401
2402
2403
2404
2408
2409
2410
2411
2412
2413
2414
2415
2416
2417
2418
2419
2420
2421
2422
2423
2424
2425
2426
2427
2428
2429
2430
2432
2433
2434
2435
2436
2437
2438
2443
2444
2445
2447
2448
2449
2450
2451
2452
2455
2456
2457
2459
2460
2461
2462
2463
2464
2465
2466
2467
2468
2471
2472
2476
2477
2482
2483
2485
2486
2487
2488
2489
2490
2491
2492
2501
2502
2503
2504
2505
2506
2507
2508
2509
2510
2511
2512
2513
2514
2515
2516
2517
2518
2520
2521
2522
2523
2524
2525
2526
2527
2528
2529
2530
2531
2532
2533
2534
2535
2536
2537
2538
2539
2540
2541
2542
2543
2544
2545
2546
2547
2548
2553
2554
2555
2556
2557
2558
2561
2562
2563
2564
2565
2570
2571
2572
2573
2574
2577
2578
2579
2580
2581
2587
2588
2589
2590
2591
2592
2593
2594
2595
2596
2597
2598
2599
2600
2601
2602
2603
2604
2605
2606
2608
2609
2610
2611
2612
2613
2614
2615
2616
2617
2618
2619
2620
2621
2622
2623
2625
2629
2634
2635
2637
2639
2640
2641
2642
2643
2644
2645
2647
2648
2649
2650
2651
2652
2653
2654
2655
2656
2657
2658
2659
2660
2661
2662
2664
2665
2666
2667
2668
2669
2670
2671
2672
2673
2674
2675
2676
2677
2678
2679
2680
2681
2682
2683
2684
2685
2686
2687
2688
2689
2690
2691
2692
2693
2694
2695
2696
2697
2698
2699
2700
2701
2702
2703
2704
2705
2706
2707
2708
2709
2711
2712
2713
2715
2716
2717
2718
2719
2720
2721
2722
2723
2724
2725
2726
2727
2728
2729
2730
2731
2732
2733
2734
2735
2736
2737
2738
2739
2740
2741
2743
2744
2745
2746
2748
2749
2750
2751
2752
2753
2754
2755
2756
2757
2758
2759
2760
2761
2762
2763
2764
2765
2766
2767
2768
2769
2770
2771
2772
2773
2774
2775
2776
2777
2778
2779
2780
2781
2782
2783
2784
2785
2786
2788
2789
2790
2791
2793
2794
2795
2796
2797
2798
2799
2800
2801
2802
2803
2804
2805
2806
2807
2808
2809
2810
2811
2812
2813
2814
2815
2816
2817
2818
2819
2820
2821
2822
2823
2824
2825
2826
2827
2828
2829
2830
2831
2832
2833
2834
2835
2837
2839
2840
2841
2842
2843
2844
2845
2846
2847
2848
2849
2850
2854
2855
2856
2857
2858
2859
2860
2861
2862
2863
2868
2869
2872
2873
2877
2878
2879
2882
2883
2884
2885
2886
2889
2890
2891
2892
2893
2894
2895
2896
2898
2899
2900
2901
2916
2917
2928
2929
2930
2931
2932
2933
2934
2935
2936
2937
2938
2939
2940
2943
2944
2945
2946
2947
2948
2949
2951
2952
2953
2954
2955
2956
2957
2958
2959
2960
2961
2962
2963
2964
2965
2966
2968
2969
2970
2971
2972
2973
2977
2978
3003
3004
3005
3010
3011
3012
3013
3014
3015
3016
3017
3018
3019
3020
3021
3025
3031
3032
3033
3034
3035
3036
3037
3038
3039
3040
3041
3042
3043
3044
3046
3047
3048
3050
3052
3053
3054
3055
3056
3057
3059
3061
3062
3063
3066
3067
3068
3069
3070
3071
3073
3078
3079
3081
3084
3086
3088
3089
3094
3095
3096
3100
3103
3107
3108
3110
3111
3112
3113
3114
3119
3120
3122
3123
3124
3125
3126
3127
3128
3129
3130
3131
3132
3133
3136
3139
3140
3141
3150
3154
3155
3156
3157
3158
3159
3160
3161
3162
3163
3167
3169
3170
3171
3172
3173
3174
3179
3180
3181
3182
3183
3187
3188
3189
3190
3191
3192
3193
3194
3195
3196
3197
3198
3199
3200
3201
3202
3203
3205
3206
3207
3208
3209
3210
3211
3212
3213
3214
3215
3216
3217
3218
3219
3220
3221
3222
3223
3224
3225
3226
3227
3228
3229
3230
3231
3232
3233
3234
3235
3236
3237
3238
3240
3241
3242
3243
3244
3245
3246
3247
3248
3249
3252
3257
3259
3260
3261
3263
3267
3268
3295
3296
3297
3300
3301
3303
3304
3306
3307
3309
3312
3313
3314
3315
3316
3317
3326
3329
3330
3331
3332
3333
3336
3337
3338
3339
3340
3341
3342
3344
3345
3348
3349
3350
3351
3353
3354
3355
3356
3357
3358
3359
3360
3363
3364
3365
3366
3368
3370
3372
3373
3374
3381
3382
3383
3384
3385
3386
3387
3389
3395
3396
3397
3398
3399
3400
3401
3402
3403
3404
3407
3408
3409
3410
3411
3412
3413
3414
3416
3417
3418
3419
3420
3422
3424
3425
3426
3427
3428
3432
3435
3438
3439
3440
3441
3443
3444
3445
3446
3447
3448
3449
3451
3469
3470
3471
3472
3473
3474
3477
3480
3481
3482
3483
3484
3485
3486
3489
3490
3493
3495
3496
3497
3499
3500
3501
3502
3504
3505
3508
3509
3512
3516
3517
3521
3522
3525
3526
3537
3545
3546
3547
3548
3550
3551
3555
3556
3557
3558
3563
3564
3565
3566
3567
3568
3570
3571
3572
3573
3574
3575
3576
3577
3578
3579
3580
3581
3582
3583
3584
3585
3586
3587
3588
3589
3595
3598
3599
3602
3603
3604
3605
3606
3607
3608
3609
3611
3612
3613
3614
3615
3616
3617
3618
3619
3625
3626
3648
3652
3655
3659
3660
3661
3662
3663
3664
3665
3666
3667
3668
3669
3670
3671
3673
3674
3676
3679
3681
3682
3683
3684
3685
3686
3690
3691
3692
3693
3694
3695
3696
3697
3698
3700
3701
3704
3705
3707
3708
3709
3710
3714
3717
3719
3720
3721
3722
3723
3724
3737
3738
3739
3740
3742
3743
3744
3745
3746
3747
3750
3754
3755
3758
3759
3760
3762
3765
3766
3769
3770
3780
3782
3783
3784
3786
3790
3792
3793
3794
3796
3797
3798
3799
3800
3801
3802
3803
3804
3805
3806
3807
3808
3809
3811
3812
3813
3819
3822
3825
3826
3827
3829
3830
3831
3832
3833
3834
3835
3836
3837
3838
3839
3840
3841
3842
3843
3844
3845
3846
3847
3849
3850
3851
3852
3853
3854
3855
3856
3858
3859
3860
3864
3865
3866
3867
3868
3873
3875
3876
3880
3883
3886
3889
3905
3906
3908
3909
3910
3913
3914
3915
3920
3922
3923
3924
3925
3926
3940
3942
3943
3944
3945
3952
3953
3955
3956
3957
3965
3968
3969
3971
3972
3973
3974
3975
3976
3977
3978
3979
3981
3982
3986
3988
3989
3991
3992
3999
4001
4002
4005
4006
4007
4008
4009
4010
4013
4014
4015
4018
4019
4029
4031
4038
4039
4040
4041
4042
4043
4044
4045
4046
4047
4048
4051
4052
4053
4054
4055
4056
4057
4059
4060
4064
4065
4071
4073
4075
4076
4079
4080
4081
4114
4116
4117
4118
4119
4120
4121
4122
4123
4128
4130
4133
4134
4135
4136
4137
4138
4141
4142
4143
4144
4146
4147
4148
4149
4150
4151
4153
4156
4157
4158
4159
4160
4161
4162
4163
4164
4165
4170
4172
4173
4174
4175
4176
4177
4178
4183
4184
4190
4191
4192
4193
4194
4195
4196
4198
4199
4200
4201
4202
4203
4204
4205
4206
4207
4208
4209
4210
4211
4212
4213
4214
4215
4216
4217
4218
4219
4220
4221
4222
4223
4224
4225
4226
4227
4228
4229
4230
4231
4234
4237
4239
4240
4241
4242
4243
4244
4245
4246
4247
4248
4249
4250
4251
4252
4253
4254
4255
4256
4257
4258
4259
4260
4261
4265
4266
4267
4268
4270
4271
4272
4273
4274
4275
4276
4277
4278
4279
4280
4281
4282
4283
4284
4285
4287
4288
4289
4290
4294
4295
4299
4300
4301
4303
4304
4309
4310
4311
4312
4313
4314
4315
4316
4317
4333
4334
4337
4338
4344
4346
4347
4348
4351
4352
4354
4355
4356
4357
4358
4359
4360
4361
4362
4363
4364
4372
4373
4375
4376
4382
4383
4384
4387
4388
4390
4391
4394
4395
4396
4397
4398
4399
4425
4426
4431
4432
4433
4434
4435
4436
4437
4438
4439
4443
4457
4458
4459
4463
4464
4465
4470
4471
4472
4473
4474
4477
4478
4479
4480
4481
4482
4483
4484
4485
4486
4487
4489
4490
4491
4492
4493
4498
4499
4503
4504
4507
4508
4509
4510
4511
4512
4513
4514
4515
4517
4518
4519
4527
4528
4529
4530
4531
4532
4534
4535
4536
4537
4538
4539
4543
4544
4545
4546
4547
4548
4549
4550
4551
4552
4553
4554
4555
4556
4557
4558
4559
4560
4562
4566
4567
4568
4569
4571
4572
4588
4589
4591
4592
4594
4596
4597
4598
4600
4601
4602
4605
4607
4608
4609
4612
4613
4614
4615
4616
4618
4619
4620
4626
4627
4628
4629
4630
4633
4634
4635
4636
4637
4638
4639
4640
4641
4642
4643
4644
4645
4646
4647
4648
4650
4651
4652
4653
4654
4655
4656
4657
4658
4659
4660
4661
4662
4663
4664
4665
4666
4667
4668
4669
4670
4671
4672
4673
4675
4676
4677
4678
4679
4680
4681
4682
4683
4685
4688
4699
4700
4701
4702
4703
4704
4705
4706
4707
4708
4715
4716
4717
4718
4719
4720
4723
4726
4727
4728
4729
4734
4736
4737
4739
4740
4741
4743
4744
4745
4746
4747
4748
4749
4750
4755
4756
4758
4760
4764
4765
4766
4767
4768
4769
4770
4771
4772
4773
4774
4775
4776
4778
4779
4781
4782
4783
4784
4785
4786
4788
4789
4790
4792
4793
4794
4795
4796
4797
4802
4805
4809
4810
4811
4813
4818
4819
4823
4824
4826
4827
4828
4833
4834
4839
4840
4841
4842
4845
4853
4856
4861
4862
4864
4865
4866
4867
4868
4869
4886
4887
4890
4892
4893
4894
4900
4901
4902
4903
4904
4908
4912
4913
4914
4915
4916
4918
4919
4920
4921
4922
4924
4925
4926
4928
4930
4936
4938
4939
4940
4941
4942
4943
4944
4945
4946
4947
4948
4949
4951
4952
4953
4954
4955
4956
4957
4958
4959
4960
4961
4963
4966
4968
4970
4971
4972
4975
4976
4978
4979
4981
4982
4983
4984
4985
4986
4987
4990
4991
4992
4995
4996
4997
4998
4999
5002
5009
5010
5011
5012
5013
5014
5015
5016
5018
5019
5020
5021
5022
5025
5026
5027
5028
5029
5030
5031
5032
5033
5060
5061
5062
5063
5064
5065
5066
5072
5076
5077
5078
5080
5081
5082
5083
5086
5092
5093
5096
5097
5098
5099
5101
5102
5103
5104
5105
5106
5108
5109
5113
5119
5121
5123
5125
5129
5130
5131
5132
5133
5134
5138
5139
5142
5146
5148
5149
5150
5151
5152
5153
5154
5156
5159
5161
5162
5163
5164
5169
5170
5171
5173
5176
5180
5181
5183
5239
5241
5242
5243
5244
5245
5250
5251
5252
5253
5254
5255
5273
5274
5275
5278
5280
5281
5283
5285
5286
5290
5291
5293
5295
5296
5297
5300
5301
5302
5303
5442
5443
5444
5445
5447
5448
5453
5454
5455
5456
5457
5465
5467
5471
5472
5474
5475
5476
5477
5479
5481
5482
5486
5487
5488
5489
5490
5491
5492
5493
5494
5495
5496
5498
5500
5501
5502
5514
5517
5518
5520
5521
5522
5523
5524
5526
5527
5528
5529
5530
5531
5532
5533
5536
5537
5538
5539
5540
5541
5542
5543
5544
5545
5547
5550
5551
5553
5554
5555
5556
5557
5558
5559
5560
5563
5564
5565
5566
5568
5569
5570
5571
5572
5573
5574
5575
5576
5577
5578
5579
5580
5581
5582
5583
5584
5585
5586
5587
5588
5589
5590
5591
5592
5593
5594
5595
5596
5597
5598
5599
5600
5601
5602
5603
5604
5605
5606
5607
5608
5609
5610
5611
5612
5613
5614
5615
5617
5619
5620
5621
5622
5623
5624
5625
5626
5627
5628
5629
5630
5631
5632
5633
5634
5635
5636
5637
5638
5639
5640
5641
5642
5643
5644
5645
5646
5647
5648
5649
5650
5651
5652
5654
5655
5656
5657
5658
5659
5661
5664
5665
5666
5667
5668
5669
5670
5671
5672
5673
5674
5675
5678
5679
5680
5684
5685
5686
5687
5688
5696
5698
5699
5700
5701
5702
5703
5704
5722
5726
5727
5728
5730
5731
5732
5733
5734
5735
5736
5737
5738
5739
5740
5741
5742
5743
5744
5745
5746
5747
5748
5749
5750
5751
5752
5753
5756
5757
5759
5760
5761
5763
5764
5765
5766
5767
5768
5770
5771
5773
5774
5775
5776
5780
5782
5783
5788
5789
5793
5794
5795
5796
5799
5800
5801
5804
5805
5806
5807
5808
5809
5810
5811
5812
5813
5814
5815
5816
5817
5818
5819
5822
5823
5824
5825
5826
5827
5828
5831
5837
5839
5843
5844
5846
5847
5848
5849
5850
5851
5852
5853
5854
5855
5857
5858
5859
5860
5861
5862
5863
5864
5865
5867
5868
5876
5878
5880
5881
5882
5883
5884
5886
5887
5888
5889
5891
5892
5893
5894
5896
5897
5898
5899
5901
5902
5903
5905
5906
5907
5908
5909
5910
5911
5912
5914
5915
5916
5917
5918
5919
5920
5921
5922
5923
5924
5929
5930
5931
5932
5933
5934
5938
5939
5940
5941
5942
5943
5944
5945
5946
5948
5949
5950
5951
5952
5953
5959
5960
5961
5962
5963
5964
5965
5966
5967
5968
5969
5973
5974
5975
5976
5977
5979
5980
5981
5982
5986
5987
5988
5989
5990
5992
5994
5995
5996
5997
5998
5999
6000
6001
6002
6003
6004
6005
6006
6007
6008
6009
6010
6011
6012
6013
6014
6015
6016
6017
6018
6019
6020
6021
6022
6023
6024
6025
6026
6027
6028
6029
6030
6031
6032
6033
6034
6035
6036
6037
6038
6039
6040
6041
6042
6043
6044
6045
6049
6051
6052
6053
6055
6056
6057
6058
6059
6060
6061
6062
6065
6066
6076
6077
6078
6082
6083
6085
6086
6087
6088
6089
6090
6092
6093
6094
6098
6102
6109
6110
6111
6112
6113
6114
6119
6120
6121
6122
6123
6124
6125
6126
6127
6128
6129
6130
6131
6143
6145
6146
6149
6150
6151
6152
6155
6156
6157
6162
6164
6165
6166
6168
6169
6171
6172
6175
6177
6178
6179
6180
6182
6183
6184
6185
6186
6188
6189
6190
6191
6192
6193
6194
6196
6197
6198
6199
6200
6201
6202
6203
6204
6205
6206
6207
6208
6209
6210
6211
6212
6213
6214
6215
6217
6218
6226
6229
6230
6231
6232
6233
6234
6235
6236
6237
6238
6239
6240
6246
6248
6249
6250
6251
6260
6262
6264
6265
6266
6267
6268
6269
6272
6273
6274
6275
6276
6277
6280
6282
6283
6284
6285
6286
6290
6292
6293
6295
6298
6299
6300
6304
6305
6306
6308
6309
6310
6312
6313
6314
6316
6317
6318
6321
6324
6326
6327
6328
6331
6332
6333
6334
6335
6336
6337
6338
6339
6340
6341
6343
6344
6345
6347
6349
6350
6351
6352
6353
6354
6355
6356
6358
6359
6360
6362
6363
6364
6365
6366
6367
6368
6369
6370
6371
6372
6374
6375
6377
6378
6379
6380
6381
6382
6383
6384
6385
6386
6387
6388
6389
6390
6391
6392
6393
6394
6395
6396
6397
6398
6399
6400
6401
6403
6404
6405
6408
6409
6413
6417
6418
6422
6427
6428
6429
6430
6432
6433
6434
6435
6436
6437
6438
6439
6443
6444
6447
6448
6449
6453
6454
6456
6457
6458
6459
6460
6461
6462
6463
6464
6466
6467
6469
6470
6472
6473
6474
6477
6478
6479
6486
6487
6488
6489
6490
6491
6492
6493
6507
6508
6509
6510
6511
6512
6513
6514
6515
6517
6520
6521
6524
6525
6526
6527
6528
6529
6530
6531
6532
6533
6534
6535
6536
6537
6538
6539
6540
6541
6542
6543
6544
6545
6546
6547
6548
6549
6550
6551
6552
6553
6554
6555
6557
6558
6559
6564
6565
6568
6569
6572
6573
6574
6575
6576
6577
6578
6579
6580
6582
6583
6584
6585
6586
6587
6588
6589
6590
6592
6593
6594
6595
6596
6601
6602
6604
6605
6606
6607
6609
6610
6611
6615
6617
6619
6620
6621
6622
6623
6624
6625
6627
6628
6629
6630
6631
6632
6633
6634
6635
6638
6639
6643
6645
6646
6647
6650
6653
6654
6655
6657
6658
6659
6661
6662
6663
6665
6672
6674
6675
6677
6678
6685
6686
6687
6688
6698
6699
6700
6701
6702
6703
6705
6706
6707
6708
6717
6718
6719
6720
6721
6724
6725
6726
6727
6728
6729
6730
6735
6738
6739
6742
6744
6746
6747
6748
6749
6750
6751
6752
6753
6754
6755
6756
6757
6758
6759
6760
6761
6762
6764
6768
6769
6770
6771
6773
6774
6776
6777
6778
6779
6780
6781
6783
6784
6787
6791
6792
6795
6796
6800
6802
6803
6804
6805
6806
6807
6808
6809
6810
6811
6814
6815
6816
6820
6827
6828
6829
6830
6832
6833
6837
6838
6839
6840
6841
6842
6843
6844
6845
6846
6847
6848
6849
6850
6851
6852
6854
6855
6856
6857
6858
6905
6908
6909
6910
6911
6912
6913
6914
6915
6916
6917
6918
6919
6920
6921
6922
6923
6924
6925
6926
6927
6928
6929
6937
6938
6942
6943
6944
6945
6946
6948
6949
6950
6951
6952
6953
6954
6956
6957
6958
6959
6960
6963
6969
6970
6971
6972
6974
6975
6976
6980
6981
6982
6986
6987
6988
6989
6990
6991
6992
6993
6994
6995
6996
6997
6998
6999
7000
7002
7003
7004
7005
7006
7007
7008
7009
7010
7011
7012
7013
7014
7015
7016
7017
7018
7019
7020
7021
7022
7023
7024
7025
7026
7027
7028
7029
7031
7032
7033
7034
7035
7036
7037
7038
7039
7040
7041
7042
7043
7044
7045
7046
7047
7048
7049
7050
7052
7053
7054
7055
7056
7057
7059
7060
7061
7062
7064
7065
7067
7069
7070
7071
7075
7076
7083
7084
7092
7097
7100
7101
7105
7106
7107
7112
7116
7119
7121
7123
7125
7129
7130
7131
7132
7133
7134
7135
7136
7137
7138
7139
7140
7141
7142
7143
7144
7145
7146
7147
7149
7150
7151
7152
7153
7155
7157
7158
7159
7161
7162
7163
7164
7165
7166
7168
7171
7172
7176
7177
7178
7181
7182
7185
7193
7199
7201
7204
7208
7210
7211
7213
7214
7215
7216
7218
7219
7220
7223
7224
7226
7227
7228
7229
7230
7231
7234
7240
7241
7242
7243
7244
7246
7247
7248
7251
7255
7256
7257
7258
7259
7260
7261
7262
7263
7264
7265
7266
7267
7268
7269
7270
7271
7272
7273
7274
7276
7277
7278
7280
7281
7282
7285
7290
7291
7295
7296
7299
7300
7309
7312
7314
7315
7316
7317
7318
7320
7322
7323
7324
7325
7327
7328
7329
7330
7331
7334
7335
7337
7338
7340
7341
7347
7348
7349
7350
7351
7352
7353
7357
7358
7359
7360
7361
7362
7363
7366
7367
7368
7369
7372
7376
7379
7381
7382
7383
7385
7386
7387
7388
7389
7391
7392
7393
7396
7397
7399
7400
7401
7404
7405
7406
7407
7409
7410
7411
7412
7414
7415
7416
7417
7418
7421
7422
7423
7424
7425
7432
7433
7435
7436
7437
7438
7439
7440
7443
7445
7446
7447
7448
7450
7451
7452
7453
7454
7455
7456
7457
7458
7462
7463
7464
7465
7466
7467
7468
7470
7474
7478
7479
7480
7481
7482
7483
7484
7485
7487
7490
7491
7492
7493
7495
7496
7498
7499
7501
7502
7503
7507
7512
7516
7517
7518
7520
7521
7522
7525
7526
7534
7539
7540
7542
7543
7545
7546
7548
7549
7557
7558
7559
7580
7584
7585
7586
7588
7591
7592
7593
7594
7595
7596
7597
7600
7609
7611
7612
7613
7614
7615
7616
7617
7618
7620
7623
7624
7626
7628
7629
7631
7632
7633
7640
7646
7647
7648
7649
7650
7651
7652
7653
7654
7655
7656
7657
7658
7659
7660
7661
7662
7663
7667
7668
7669
7672
7674
7677
7678
7679
7680
7681
7682
7683
7684
7685
7686
7689
7690
7691
7692
7693
7694
7695
7696
7697
7698
7699
7700
7701
7702
7703
7704
7705
7706
7708
7710
7711
7712
7713
7714
7717
7718
7719
7720
7725
7726
7730
7732
7733
7734
7735
7736
7737
7738
7741
7742
7743
7744
7746
7748
7749
7752
7753
7754
7755
7756
7757
7758
7759
7760
7761
7762
7763
7764
7765
7766
7767
7770
7773
7774
7775
7776
7777
7779
7781
7782
7783
7784
7785
7788
7789
7790
7791
7792
7793
7794
7795
7796
7797
7798
7799
7800
7801
7802
7803
7804
7805
7806
7807
7808
7811
7812
7813
7814
7815
7816
7818
7820
7821
7822
7823
7824
7828
7832
7833
7834
7835
7836
7837
7838
7839
7840
7841
7843
7844
7846
7847
7848
7849
7850
7855
7856
7857
7858
7859
7860
7861
7862
7868
7869
7870
7872
7873
7874
7878
7879
7880
7881
7882
7883
7884
7886
7888
7889
7890
7891
7892
7893
7894
7897
7900
7901
7902
7903
7904
7905
7906
7907
7908
7910
7911
7912
7913
7914
7917
7918
7919
7923
7926
7928
7930
7931
7934
7935
7936
7937
7938
7939
7940
7941
7945
7946
7948
7949
7950
7951
7953
7954
7958
7959
7960
7963
7964
7966
7967
7968
7969
7972
7973
7974
7976
7977
7980
7981
7982
7983
7984
7985
7986
7987
7988
7989
7990
7991
7992
7993
7996
7997
7998
7999
8000
8007
8008
8009
8010
8011
8012
8013
8014
8018
8019
8020
8022
8024
8025
8026
8031
8035
8046
8047
8048
8051
8052
8053
8054
8058
8059
8060
8061
8062
8064
8065
8066
8067
8068
8069
8070
8071
8074
8077
8082
8085
8086
8087
8088
8090
8092
8093
8098
8099
8104
8106
8107
8112
8114
8115
8116
8117
8118
8119
8120
8121
8122
8123
8124
8125
8126
8127
8128
8130
8131
8132
8134
8135
8136
8137
8138
8139
8140
8142
8143
8144
8145
8146
8147
8149
8150
8152
8154
8155
8156
8158
8160
8161
8162
8163
8164
8165
8166
8167
8168
8169
8170
8171
8172
8173
8174
8175
8182
8183
8185
8186
8187
8188
8189
8190
8193
8194
8195
8199
8201
8202
8203
8204
8208
8211
8215
8216
8217
8218
8230
8231
8232
8235
8236
8237
8239
8240
8241
8242
8244
8245
8246
8247
8249
8250
8251
8252
8253
8254
8255
8256
8257
8258
8259
8260
8261
8262
8263
8264
8265
8266
8268
8271
8272
8273
8274
8278
8279
8284
8285
8288
8289
8290
8291
8293
8294
8299
8300
8301
8302
8303
8305
8311
8312
8314
8315
8316
8319
8320
8321
8322
8324
8325
8327
8328
8335
8336
8337
8340
8341
8344
8346
8354
8357
8358
8365
8371
8372
8375
8376
8377
8378
8384
8386
8387
8388
8389
8390
8391
8392
8393
8394
8400
8401
8406
8408
8409
8410
8412
8414
8417
8418
8419
8420
8421
8422
8423
8424
8425
8426
8427
8431
8432
8434
8435
8436
8437
8438
8439
8440
8441
8442
8443
8444
8445
8446
8447
8448
8449
8450
8451
8452
8453
8454
8455
8456
8458
8459
8460
8463
8464
8469
8470
8471
8473
8474
8475
8481
8483
8484
8488
8490
8491
8492
8494
8495
8496
8497
8498
8499
8500
8503
8504
8505
8510
8514
8515
8516
8517
8518
8519
8520
8521
8522
8523
8524
8525
8526
8527
8528
8529
8530
8539
8540
8543
8545
8546
8547
8549
8550
8562
8565
8566
8570
8572
8573
8576
8582
8583
8585
8586
8587
8588
8589
8591
8592
8593
8594
8595
8596
8597
8598
8599
8600
8601
8602
8603
8604
8605
8606
8607
8608
8609
8610
8615
8617
8618
8619
8620
8621
8622
8623
8624
8625
8626
8627
8628
8629
8630
8645
8646
8647
8648
8649
8651
8652
8653
8655
8656
8657
8658
8659
8660
8661
8664
8665
8666
8667
8668
8669
8670
8671
8672
8673
8674
8675
8676
8677
8678
8680
8691
8692
8701
8702
8704
8711
8712
8713
8714
8715
8716
8717
8718
8719
8720
8721
8722
8723
8724
8725
8726
8728
8729
8730
8731
8732
8733
8734
8735
8736
8737
8738
8740
8741
8742
8743
8744
8745
8746
8747
8748
8749
8750
8752
8753
8754
8755
8760
8761
8762
8763
8764
8765
8766
8767
8768
8769
8770
8771
8776
8777
8778
8779
8781
8786
8788
8789
8792
8793
8794
8797
8798
8799
8800
8801
8806
8807
8808
8811
8812
8813
8814
8817
8818
8819
8822
8824
8826
8828
8829
8830
8831
8832
8833
8835
8837
8839
8840
8842
8845
8846
8847
8848
8853
8854
8855
8859
8861
8862
8863
8864
8870
8872
8873
8874
8875
8876
8877
8878
8880
8881
8882
8883
8884
8885
8889
8890
8892
8893
8894
8895
8898
8901
8902
8903
8904
8905
8906
8907
8908
8913
8914
8915
8917
8921
8922
8923
8924
8925
8928
8929
8930
8931
8932
8933
8934
8936
8937
8938
8939
8940
8941
8942
8943
8944
8952
8953
8957
8958
8963
8964
8965
8966
8967
8968
8969
8971
8972
8973
8974
8990
8991
8993
8994
8995
8998
8999
9000
9003
9004
9005
9006
9007
9008
9009
9010
9011
9012
9013
9014
9015
9016
9017
9018
9019
9021
9022
9023
9024
9025
9026
9027
9028
9029
9030
9031
9032
9033
9034
9035
9037
9039
9040
9041
9042
9043
9044
9045
9046
9048
9050
9051
9060
9061
9062
9063
9065
9066
9067
9068
9069
9070
9072
9073
9074
9075
9076
9078
9079
9080
9081
9082
9083
9084
9085
9086
9087
9088
9089
9090
9091
9092
9093
9094
9095
9096
9097
9099
9100
9101
9102
9103
9105
9106
9107
9108
9109
9120
9121
9122
9123
9124
9125
9127
9128
9131
9132
9141
9142
9144
9153
9154
9156
9157
9162
9168
9171
9172
9177
9178
9179
9181
9182
9183
9184
9185
9188
9190
9191
9194
9195
9196
9197
9198
9199
9200
9201
9202
9203
9206
9209
9223
9224
9225
9228
9233
9236
9237
9238
9244
9245
9246
9247
9251
9257
9262
9267
9269
9270
9271
9272
9273
9274
9275
9276
9277
9278
9279
9280
9281
9282
9287
9290
9291
9292
9293
9295
9296
9297
9298
9299
9302
9303
9304
9305
9306
9307
9308
9309
9310
9311
9312
9313
9314
9315
9317
9318
9319
9320
9321
9322
9323
9324
9326
9327
9328
9329
9330
9331
9332
9333
9334
9335
9336
9337
9338
9339
9340
9341
9342
9343
9348
9353
9354
9355
9356
9364
9365
9366
9371
9372
9373
9375
9376
9377
9378
9379
9380
9382
9385
9389
9390
9391
9396
9397
9398
9399
9400
9401
9402
9406
9410
9411
9412
9413
9415
9416
9417
9418
9422
9423
9426
9427
9428
9429
9430
9431
9436
9443
9444
9445
9446
9447
9448
9449
9450
9462
9464
9469
9470
9471
9474
9477
9479
9480
9481
9482
9483
9487
9488
9489
9492
9495
9497
9498
9503
9506
9508
9512
9515
9516
9517
9518
9521
9522
9523
9524
9525
9527
9528
9531
9535
9538
9539
9540
9545
9552
9553
9554
9555
9556
9557
9558
9560
9561
9564
9565
9566
9568
9569
9570
9571
9572
9574
9575
9576
9578
9579
9580
9581
9584
9585
9586
9588
9589
9590
9591
9592
9593
9595
9601
9602
9605
9606
9607
9608
9611
9613
9614
9617
9618
9624
9625
9632
9633
9634
9635
9636
9637
9638
9639
9640
9641
9642
9643
9644
9645
9646
9647
9649
9650
9651
9652
9653
9654
9655
9656
9657
9658
9659
9660
9661
9662
9664
9666
9669
9670
9671
9672
9678
9679
9680
9685
9687
9697
9701
9703
9704
9707
9711
9712
9713
9714
9717
9719
9720
9724
9725
9726
9727
9732
9734
9736
9737
9738
9739
9740
9741
9746
9747
9748
9749
9750
9751
9752
9753
9754
9755
9756
9759
9760
9761
9762
9763
9765
9766
9767
9768
9772
9773
9774
9775
9777
9778
9780
9785
9786
9787
9788
9789
9792
9794
9795
9796
9805
9806
9807
9808
9809
9810
9811
9812
9814
9850
9851
9852
9853
9854
9855
9856
9868
9870
9873
9874
9875
9877
9878
9879
9880
9881
9882
9883
9890
9891
9894
9928
9930
9934
9935
9937
9939
9940
9946
9947
9948
9951
9952
9953
9954
9955
9956
9960
9961
9962
9963
9964
9965
9966
9967
9968
9969
9970
9980
9981
9983
9984
9985
9986
9988
9989
9990
9991
9992
9993
9994
9995
9998
10000
10001
10002
10011
10012
10013
10015
10016
10021
10022
10023
10025
10026
10028
10029
10030
10031
10032
10033
10034
10035
10036
10037
10038
10048
10051
10052
10053
10057
10066
10067
10068
10069
10074
10075
10076
10080
10082
10083
10084
10085
10086
10088
10089
10102
10103
10104
10105
10106
10107
10108
10110
10111
10113
10114
10115
10116
10117
10119
10120
10121
10124
10125
10128
10129
10130
10131
10136
10150
10154
10155
10156
10165
10166
10168
10171
10175
10176
10177
10179
10180
10181
10182
10186
10187
10189
10190
10191
10192
10193
10194
10197
10198
10199
10202
10203
10204
10208
10211
10216
10217
10218
10220
10222
10223
10224
10227
10228
10229
10230
10232
10236
10239
10240
10242
10243
10244
10245
10246
10247
10248
10249
10250
10251
10252
10254
10258
10260
10263
10264
10265
10266
10274
10277
10279
10283
10284
10285
10290
10291
10292
10296
10297
10298
10299
10300
10301
10303
10307
10310
10316
10317
10320
10322
10323
10324
10326
10327
10328
10329
10330
10334
10335
10336
10337
10338
10339
10341
10342
10343
10344
10345
10360
10370
10371
10377
10381
10382
10383
10384
10386
10387
10389
10391
10394
10395
10396
10400
10401
10402
10403
10404
10406
10407
10408
10409
10413
10414
10415
10416
10417
10426
10428
10432
10434
10435
10437
10438
10439
10440
10441
10443
10448
10449
10456
10457
10458
10460
10461
10462
10463
10464
10466
10468
10470
10471
10472
10473
10474
10475
10476
10477
10478
10481
10482
10483
10484
10485
10486
10487
10488
10489
10491
10493
10494
10495
10497
10502
10504
10505
10506
10507
10508
10510
10511
10514
10515
10516
10517
10518
10519
10520
10521
10522
10523
10524
10525
10526
10527
10529
10530
10531
10534
10535
10537
10541
10542
10543
10544
10545
10546
10548
10549
10553
10554
10555
10556
10557
10558
10559
10561
10562
10563
10568
10570
10571
10572
10573
10574
10575
10576
10577
10578
10579
10580
10582
10583
10591
10592
10593
10599
10601
10602
10603
10607
10608
10609
10613
10614
10615
10616
10617
10619
10620
10622
10624
10625
10626
10627
10628
10629
10632
10633
10634
10635
10636
10637
10640
10641
10642
10643
10646
10649
10652
10653
10654
10655
10656
10660
10661
10662
10663
10666
10668
10670
10676
10678
10679
10680
10683
10684
10685
10687
10688
10689
10690
10691
10694
10697
10699
10703
10705
10706
10708
10709
10710
10711
10712
10713
10714
10715
10716
10717
10718
10720
10722
10723
10727
10728
10729
10730
10737
10741
10742
10743
10745
10746
10747
10749
10750
10752
10753
10755
10756
10771
10779
10781
10782
10783
10784
10785
10787
10788
10789
10790
10792
10793
10794
10798
10799
10800
10804
10805
10806
10807
10808
10811
10813
10820
10824
10826
10827
10828
10830
10831
10832
10833
10834
10835
10836
10837
10838
10839
10840
10841
10843
10844
10847
10848
10849
10850
10851
10852
10853
10858
10859
10860
10862
10864
10865
10868
10870
10874
10875
10876
10877
10878
10879
10880
10881
10882
10883
10884
10885
10887
10890
10891
10894
10896
10897
10898
10903
10909
10910
10911
10912
10913
10915
10916
10917
10918
10919
10920
10921
10923
10924
10930
10931
10932
10937
10938
10940
10942
10943
10944
10945
10946
10947
10949
10950
10951
10952
10953
10954
10955
10959
10960
10961
10962
10963
10964
10966
10967
10974
10975
10976
10977
10978
10979
10980
10982
10983
10984
10985
10986
10987
10988
10989
10990
10991
10992
10993
10994
10995
10996
10997
10998
10999
11000
11003
11004
11005
11006
11007
11009
11010
11011
11012
11015
11016
11017
11018
11020
11023
11024
11025
11027
11028
11029
11030
11031
11032
11033
11047
11048
11049
11050
11051
11053
11055
11056
11058
11059
11060
11061
11062
11063
11064
11065
11066
11068
11069
11070
11072
11073
11075
11078
11079
11080
11081
11082
11088
11089
11090
11092
11093
11094
11095
11096
11097
11098
11101
11104
11105
11107
11108
11109
11110
11111
11114
11115
11116
11117
11118
11120
11121
11122
11123
11125
11126
11127
11129
11131
11132
11134
11137
11138
11139
11140
11141
11143
11144
11145
11146
11148
11149
11150
11151
11152
11153
11157
11158
11159
11162
11163
11164
11165
11166
11167
11168
11169
11170
11173
11176
11177
11178
11183
11184
11185
11186
11187
11188
11191
11192
11194
11195
11197
11198
11199
11200
11201
11202
11203
11204
11206
11207
11208
11212
11217
11218
11221
11222
11223
11224
11226
11228
11229
11232
11233
11234
11235
11236
11237
11238
11243
11244
11245
11249
11250
11251
11252
11253
11254
11256
11257
11260
11261
11263
11264
11265
11266
11268
11269
11270
11271
11273
11274
11280
11282
11283
11285
11288
11290
11291
11292
11293
11294
11295
11296
11297
11298
11299
11300
11301
11303
11306
11307
11309
11310
11312
11313
11314
11317
11322
11323
11325
11329
11335
11337
11338
11339
11340
11341
11342
11343
11344
11345
11346
11347
11349
11350
11351
11354
11355
11356
11358
11359
11361
11362
11363
11364
11365
11366
11367
11368
11369
11370
11371
11372
11373
11374
11375
11376
11377
11378
11379
11380
11382
11383
11388
11389
11390
11392
11394
11397
11398
11399
11400
11401
11402
11403
11404
11405
11406
11407
11408
11409
11410
11411
11412
11413
11414
11415
11416
11417
11418
11419
11420
11421
11422
11423
11424
11425
11426
11427
11428
11429
11430
11431
11432
11433
11434
11435
11436
11437
11438
11439
11440
11441
11442
11443
11444
11445
11446
11447
11448
11449
11451
11454
11455
11456
11457
11460
11464
11465
11466
11468
11469
11472
11473
11474
11475
11477
11478
11482
11483
11485
11486
11487
11488
11489
11490
11491
11492
11493
11495
11496
11497
11502
11503
11504
11505
11506
11507
11508
11509
11510
11511
11512
11513
11514
11519
11520
11523
11527
11530
11531
11536
11537
11538
11539
11540
11542
11543
11549
11572
11573
11574
11576
11579
11580
11581
11585
11586
11587
11589
11594
11595
11596
11597
11598
11599
11600
11601
11602
11603
11604
11605
11606
11607
11608
11609
11610
11611
11612
11613
11614
11615
11616
11617
11618
11619
11620
11621
11622
11623
11624
11625
11626
11627
11628
11629
11630
11631
11632
11633
11634
11635
11636
11637
11638
11639
11640
11641
11644
11655
11656
11660
11661
11662
11665
11666
11667
11668
11669
11670
11671
11672
11674
11675
11679
11680
11682
11683
11684
11685
11689
11691
11693
11694
11695
11696
11699
11701
11702
11703
11704
11705
11706
11709
11712
11715
11716
11717
11721
11724
11725
11727
11728
11730
11733
11744
11745
11746
11747
11748
11749
11750
11751
11752
11753
11754
11755
11756
11757
11759
11760
11762
11764
11766
11783
11784
11787
11788
11789
11790
11791
11792
11793
11794
11795
11798
11799
11800
11801
11802
11803
11804
11805
11806
11807
11808
11809
11810
11811
11812
11813
11814
11815
11816
11817
11818
11819
11820
11821
11822
11823
11824
11825
11826
11827
11828
11842
11843
11844
11848
11849
11850
11851
11853
11854
11855
11856
11857
11860
11871
11872
11873
11874
11875
11876
11877
11878
11879
11884
11887
11888
11889
11890
11891
11892
11893
11894
11895
11896
11897
11898
11899
11900
11901
11902
11903
11904
11905
11906
11907
11908
11909
11910
11911
11913
11914
11917
11918
11923
11924
11925
11926
11927
11928
11929
11939
11940
11942
11943
11944
11945
11952
11955
11959
11965
11966
11967
11978
11979
11982
11986
11987
11988
11989
11990
11993
11994
11997
11998
11999
12000
12001
12002
12003
12004
12005
12006
12007
12008
12009
12014
12015
12016
12017
12018
12019
12020
12021
12022
12023
12024
12026
12027
12028
12030
12031
12033
12042
12043
12044
12045
12046
12047
12048
12049
12050
12052
12053
12056
12058
12061
12062
12064
12065
12066
12067
12069
12071
12073
12074
12077
12081
12082
12083
12084
12085
12087
12088
12090
12092
12093
12094
12095
12096
12097
12098
12099
12100
12101
12103
12108
12109
12110
12111
12112
12113
12114
12115
12116
12117
12120
12121
12122
12125
12126
12131
12133
12134
12135
12136
12137
12138
12139
12140
12141
12143
12144
12145
12149
12150
12156
12167
12170
12171
12172
12173
12174
12176
12177
12182
12186
12187
12188
12189
12190
12191
12192
12194
12195
12197
12199
12200
12203
12205
12206
12207
12209
12210
12211
12212
12213
12215
12216
12217
12218
12219
12226
12227
12228
12229
12230
12231
12235
12236
12239
12240
12243
12244
12252
12253
12254
12257
12260
12261
12262
12263
12264
12265
12267
12268
12269
12275
12277
12280
12281
12282
12296
12297
12298
12299
12300
12301
12302
12303
12305
12308
12309
12310
12311
12313
12317
12318
12319
12320
12321
12322
12323
12324
12325
12326
12327
12328
12329
12331
12332
12334
12335
12336
12337
12338
12339
12344
12347
12348
12349
12350
12351
12352
12357
12359
12360
12361
12362
12363
12364
12367
12368
12369
12370
12371
12372
12373
12374
12376
12377
12378
12379
12380
12381
12382
12383
12384
12385
12386
12387
12390
12391
12392
12393
12394
12395
12396
12397
12398
12399
12400
12401
12402
12403
12404
12407
12408
12420
12423
12425
12426
12427
12430
12433
12435
12436
12444
12445
12446
12447
12448
12449
12450
12451
12452
12453
12454
12455
12456
12457
12458
12465
12467
12468
12471
12472
12474
12475
12476
12477
12478
12479
12480
12484
12488
12489
12493
12494
12495
12497
12498
12500
12501
12502
12505
12509
12510
12511
12513
12516
12520
12521
12522
12523
12524
12525
12526
12527
12528
12529
12530
12531
12532
12533
12534
12535
12536
12537
12538
12539
12540
12541
12542
12543
12544
12545
12546
12551
12552
12554
12555
12556
12557
12558
12559
12561
12564
12565
12566
12567
12568
12569
12570
12571
12572
12573
12575
12576
12577
12580
12581
12582
12583
12585
12586
12594
12598
12599
12602
12606
12607
12613
12614
12620
12623
12624
12625
12626
12627
12628
12629
12630
12631
12632
12634
12635
12636
12638
12639
12640
12641
12642
12643
12644
12645
12646
12647
12648
12649
12651
12652
12653
12654
12657
12658
12660
12661
12662
12663
12664
12665
12666
12669
12670
12672
12673
12692
12693
12695
12696
12697
12698
12699
12701
12702
12703
12706
12708
12709
12710
12711
12720
12721
12722
12723
12724
12726
12727
12730
12731
12732
12733
12734
12735
12736
12737
12739
12740
12741
12742
12743
12744
12745
12751
12752
12755
12757
12758
12759
12760
12761
12769
12771
12772
12773
12774
12781
12782
12783
12785
12793
12794
12795
12797
12798
12801
12802
12803
12804
12806
12807
12809
12812
12823
12824
12830
12831
12833
12837
12838
12845
12846
12847
12851
12853
12854
12857
12859
12860
12863
12864
12865
12866
12867
12868
12869
12870
12871
12872
12873
12875
12876
12877
12878
12879
12880
12882
12884
12885
12886
12887
12888
12891
12892
12893
12894
12897
12898
12902
12903
12904
12905
12906
12908
12912
12914
12917
12918
12919
12920
12921
12923
12924
12925
12930
12933
12936
12937
12938
12940
12941
12942
12943
12947
12948
12949
12950
12951
12952
12954
12955
12956
12957
12958
12959
12966
12976
12977
12978
12979
12980
12981
12982
12985
12987
12988
12989
12990
12991
12992
12993
12998
13001
13002
13003
13004
13007
13008
13013
13015
13016
13017
13021
13022
13024
13026
13031
13032
13036
13044
13047
13048
13052
13053
13055
13059
13060
13061
13062
13063
13067
13072
13073
13085
13086
13088
13089
13093
13094
13096
13097
13102
13103
13104
13105
13111
13112
13113
13114
13115
13117
13119
13120
13122
13124
13125
13126
13130
13135
13141
13142
13146
13147
13148
13151
13155
13156
13158
13160
13161
13162
13163
13166
13167
13168
13169
13170
13185
13194
13195
13196
13197
13198
13199
13200
13201
13202
13204
13205
13206
13207
13208
13209
13210
13213
13214
13215
13218
13219
13224
13225
13226
13227
13228
13229
13231
13232
13233
13234
13235
13236
13237
13238
13239
13240
13241
13242
13243
13244
13246
13258
13259
13260
13261
13262
13263
13267
13274
13275
13276
13277
13278
13280
13288
13289
13294
13295
13296
13297
13300
13301
13302
13307
13309
13311
13312
13314
13319
13320
13322
13326
13327
13332
13333
13334
13335
13336
13337
13338
13340
13348
13349
13350
13351
13354
13355
13357
13358
13359
13360
13361
13365
13366
13367
13368
13369
13370
13371
13373
13374
13376
13377
13384
13386
13387
13389
13396
13397
13398
13399
13400
13401
13402
13403
13404
13405
13406
13407
13409
13416
13417
13420
13421
13424
13425
13427
13428
13429
13432
13433
13437
13438
13439
13440
13441
13442
13443
13447
13448
13449
13451
13452
13454
13457
13458
13459
13460
13461
13462
13475
13476
13481
13482
13486
13487
13489
13490
13491
13494
13500
13509
13511
13513
13529
13531
13533
13541
13542
13543
13544
13545
13546
13547
13551
13552
13553
13557
13560
13564
13565
13569
13570
13571
13572
13575
13577
13579
13582
13583
13587
13588
13589
13590
13598
13601
13602
13608
13609
13610
13611
13614
13615
13616
13617
13618
13624
13625
13626
13627
13628
13629
13630
13631
13633
13634
13635
13636
13637
13639
13640
13644
13645
13646
13648
13649
13653
13654
13655
13657
13662
13663
13664
13665
13666
13667
13670
13673
13674
13675
13676
13677
13678
13679
13680
13681
13682
13683
13685
13687
13688
13689
13690
13691
13692
13693
13694
13695
13696
13697
13698
13699
13700
13701
13702
13703
13704
13705
13706
13707
13708
13709
13710
13711
13712
13713
13714
13715
13716
13717
13718
13719
13720
13721
13722
13723
13724
13725
13726
13727
13728
13729
13730
13731
13732
13733
13734
13735
13736
13737
13738
13739
13740
13741
13743
13744
13745
13746
13747
13748
13749
13750
13751
13752
13753
13754
13755
13756
13757
13758
13759
13761
13762
13763
13764
13765
13766
13767
13771
13773
13777
13778
13779
13780
13781
13782
13783
13784
13785
13788
13789
13790
13791
13792
13793
13794
13795
13796
13797
13798
13799
13800
13801
13802
13803
13804
13806
13807
13808
13812
13813
13815
13816
13822
13824
13830
13833
13834
13835
13836
13837
13839
13841
13842
13844
13845
13846
13847
13848
13849
13852
13853
13856
13857
13858
13862
13863
13865
13866
13874
13875
13877
13879
13880
13881
13893
13896
13897
13898
13899
13900
13901
13904
13906
13907
13908
13909
13910
13911
13912
13913
13916
13917
13920
13921
13922
13925
13927
13930
13931
13934
13939
13940
13942
13943
13949
13956
13957
13958
13959
13965
13966
13969
13970
13973
13974
13976
13983
13984
13987
13988
13990
13992
13994
13996
13997
14000
14001
14003
14004
14006
14008
14009
14015
14016
14017
14018
14021
14022
14023
14024
14025
14028
14029
14030
14032
14033
14035
14036
14037
14038
14039
14045
14047
14048
14049
14050
14053
14054
14055
14056
14057
14058
14059
14060
14061
14062
14065
14066
14067
14068
14069
14071
14072
14073
14076
14077
14078
14079
14080
14081
14082
14085
14086
14087
14091
14092
14093
14094
14095
14097
14098
14099
14100
14101
14102
14103
14104
14105
14106
14107
14108
14110
14112
14119
14121
14123
14124
14127
14128
14129
14130
14131
14132
14133
14134
14135
14136
14139
14145
14146
14147
14150
14152
14153
14158
14159
14160
14161
14163
14166
14167
14169
14174
14175
14178
14185
14188
14189
14192
14197
14199
14204
14205
14206
14207
14208
14212
14213
14217
14219
14224
14225
14226
14227
14229
14230
14231
14232
14233
14234
14235
14239
14246
14247
14249
14250
14251
14252
14256
14257
14258
14262
14264
14269
14270
14271
14272
14274
14276
14278
14279
14282
14286
14287
14288
14291
14292
14297
14298
14299
14303
14307
14310
14311
14312
14313
14314
14318
14320
14321
14322
14323
14324
14325
14327
14328
14332
14333
14334
14338
14339
14343
14347
14349
14350
14352
14354
14355
14356
14357
14358
14359
14360
14361
14362
14367
14368
14371
14372
14374
14377
14380
14381
14382
14383
14384
14387
14388
14389
14390
14391
14392
14393
14394
14395
14396
14397
14398
14399
14400
14401
14402
14403
14404
14405
14407
14408
14409
14410
14411
14412
14414
14416
14435
14436
14437
14438
14439
14440
14441
14442
14444
14445
14446
14447
14448
14449
14451
14452
14454
14455
14460
14461
14462
14463
14464
14465
14468
14469
14472
14474
14475
14482
14483
14484
14485
14486
14487
14488
14489
14490
14493
14507
14508
14509
14512
14513
14514
14517
14518
14519
14521
14522
14523
14524
14525
14526
14527
14528
14529
14533
14534
14535
14538
14541
14544
14550
14552
14553
14554
14556
14558
14559
14560
14569
14578
14580
14584
14585
14586
14587
14590
14591
14592
14593
14594
14595
14596
14597
14598
14599
14600
14601
14602
14603
14604
14605
14609
14610
14612
14613
14614
14615
14618
14619
14620
14624
14625
14630
14631
14632
14635
14636
14638
14639
14641
14642
14643
14649
14650
14651
14652
14653
14654
14655
14658
14663
14664
14665
14671
14673
14674
14676
14678
14679
14680
14682
14685
14687
14688
14692
14694
14700
14701
14707
14708
14709
14710
14712
14713
14714
14715
14719
14720
14721
14724
14725
14726
14727
14728
14729
14731
14732
14733
14735
14736
14737
14738
14739
14741
14745
14746
14747
14749
14751
14752
14753
14754
14756
14759
14761
14763
14764
14765
14768
14769
14773
14774
14775
14776
14778
14779
14780
14781
14782
14783
14785
14786
14787
14788
14789
14790
14792
14793
14794
14795
14796
14797
14798
14799
14801
14802
14803
14804
14808
14811
14812
14814
14815
14818
14819
14821
14822
14823
14826
14831
14832
14835
14836
14837
14838
14839
14841
14845
14846
14847
14848
14851
14853
14855
14857
14858
14859
14861
14868
14871
14873
14874
14875
14876
14877
14880
14881
14882
14883
14884
14886
14887
14888
14891
14892
14893
14894
14895
14896
14897
14899
14900
14901
14902
14903
14905
14909
14910
14911
14912
14913
14914
14915
14916
14917
14918
14919
14922
14923
14924
14925
14926
14927
14928
14929
14930
14931
14932
14933
14934
14935
14936
14937
14938
14939
14940
14941
14942
14943
14944
14945
14946
14947
14948
14949
14950
14951
14952
14953
14954
14955
14956
14958
14959
14960
14965
14966
14967
14968
14969
14970
14971
14972
14973
14975
14976
14977
14978
14981
14982
14986
14987
14988
14989
14993
14994
14995
14996
14998
14999
15000
15001
15003
15006
15007
15008
15011
15013
15014
15016
15017
15019
15021
15025
15027
15028
15029
15030
15031
15032
15033
15034
15035
15036
15037
15038
15039
15040
15041
15042
15043
15044
15045
15046
15047
15048
15049
15050
15051
15052
15053
15054
15055
15056
15057
15058
15059
15060
15061
15064
15066
15067
15068
15069
15071
15075
15076
15077
15078
15079
15080
15081
15083
15084
15086
15087
15088
15089
15092
15094
15096
15098
15103
15104
15105
15106
15107
15110
15111
15119
15121
15122
15130
15136
15137
15138
15140
15141
15142
15147
15149
15150
15152
15156
15160
15161
15162
15163
15164
15165
15166
15167
15168
15169
15170
15171
15172
15173
15176
15177
15178
15179
15180
15183
15186
15187
15188
15189
15190
15191
15192
15193
15195
15196
15197
15198
15199
15201
15202
15203
15204
15205
15206
15207
15209
15212
15214
15215
15216
15217
15218
15219
15220
15221
15223
15224
15225
15226
15227
15228
15229
15231
15235
15236
15237
15238
15242
15243
15244
15246
15247
15250
15254
15255
15256
15257
15260
15262
15264
15265
15266
15268
15269
15271
15272
15273
15276
15277
15280
15281
15283
15284
15286
15287
15289
15292
15293
15294
15297
15298
15301
15305
15306
15307
15311
15317
15319
15326
15327
15329
15330
15336
15342
15343
15344
15345
15346
15347
15348
15349
15350
15353
15354
15356
15359
15360
15361
15362
15363
15364
15365
15366
15368
15373
15375
15376
15377
15378
15381
15382
15383
15384
15386
15387
15389
15390
15391
15392
15394
15395
15399
15400
15401
15402
15408
15411
15412
15413
15414
15416
15417
15418
15419
15421
15422
15425
15426
15427
15430
15435
15437
15439
15445
15447
15449
15453
15456
15457
15460
15462
15463
15464
15467
15469
15472
15475
15477
15478
15479
15480
15481
15482
15484
15486
15487
15488
15496
15497
15498
15499
15500
15501
15507
15508
15510
15514
15516
15518
15520
15521
15522
15523
15524
15526
15528
15529
15530
15532
15533
15534
15535
15536
15539
15544
15546
15547
15548
15550
15551
15552
15553
15554
15555
15557
15560
15566
15567
15568
15570
15573
15574
15579
15581
15582
15583
15586
15587
15593
15595
15596
15597
15601
15602
15603
15604
15608
15609
15611
15612
15613
15614
15615
15616
15617
15621
15622
15623
15624
15625
15626
15627
15628
15629
15630
15631
15632
15633
15634
15635
15636
15637
15638
15639
15640
15641
15643
15644
15651
15652
15653
15654
15656
15661
15662
15663
15667
15668
15669
15670
15672
15673
15674
15676
15677
15678
15680
15685
15686
15687
15688
15689
15690
15691
15693
15695
15696
15697
15699
15702
15704
15708
15709
15710
15711
15712
15713
15714
15715
15717
15719
15720
15721
15733
15735
15736
15737
15743
15744
15745
15746
15747
15748
15749
15751
15752
15755
15756
15757
15759
15760
15763
15764
15765
15772
15773
15774
15775
15777
15779
15782
15783
15784
15785
15786
15787
15788
15791
15797
15800
15801
15802
15805
15806
15808
15809
15810
15812
15813
15814
15818
15819
15820
15821
15822
15823
15824
15825
15826
15831
15834
15835
15838
15842
15843
15847
15850
15851
15854
15858
15861
15864
15865
15866
15867
15868
15872
15874
15875
15877
15880
15881
15882
15883
15884
15885
15893
15895
15897
15901
15902
15903
15905
15912
15913
15920
15921
15922
15924
15931
15934
15935
15936
15937
15938
15939
15941
15942
15943
15944
15945
15947
15948
15950
15951
15955
15959
15961
15962
15966
15967
15970
15971
15972
15973
15975
15976
15977
15978
15979
15980
15984
15988
15989
15990
15996
16001
16002
16003
16006
16007
16008
16009
16010
16012
16014
16015
16019
16020
16026
16027
16028
16029
16030
16031
16032
16036
16037
16042
16046
16048
16052
16053
16054
16055
16056
16057
16058
16059
16060
16061
16062
16063
16064
16065
16066
16067
16069
16070
16072
16074
16075
16076
16083
16088
16090
16091
16092
16093
16094
16095
16096
16097
16100
16101
16102
16103
16104
16105
16106
16110
16112
16113
16114
16115
16117
16118
16119
16122
16123
16124
16125
16135
16136
16137
16138
16141
16144
16145
16146
16152
16153
16154
16155
16157
16158
16159
16160
16161
16163
16166
16167
16170
16172
16173
16177
16178
16180
16181
16184
16185
16186
16187
16188
16189
16191
16192
16193
16194
16197
16199
16200
16201
16204
16206
16208
16211
16212
16214
16215
16220
16224
16226
16227
16231
16232
16235
16237
16241
16242
16244
16246
16247
16248
16249
16250
16252
16253
16254
16255
16256
16257
16258
16263
16264
16272
16273
16274
16275
16279
16280
16286
16287
16289
16292
16293
16294
16296
16297
16298
16300
16301
16302
16303
16304
16305
16306
16307
16308
16310
16311
16312
16313
16314
16316
16318
16320
16321
16322
16327
16328
16329
16331
16333
16336
16337
16338
16341
16343
16348
16350
16354
16355
16357
16358
16360
16363
16367
16369
16370
16371
16372
16373
16377
16378
16381
16382
16383
16386
16392
16393
16396
16397
16398
16399
16400
16401
16403
16404
16409
16411
16412
16413
16416
16417
16418
16419
16420
16421
16425
16426
16430
16431
16432
16433
16434
16438
16440
16441
16442
16443
16444
16445
16448
16449
16450
16451
16452
16459
16460
16461
16462
16463
16464
16465
16466
16467
16468
16469
16473
16474
16475
16476
16477
16478
16488
16493
16494
16495
16498
16499
16501
16502
16503
16504
16508
16509
16511
16512
16516
16519
16521
16522
16523
16524
16525
16531
16532
16533
16538
16540
16541
16543
16549
16552
16553
16554
16555
16557
16558
16561
16563
16565
16570
16571
16572
16577
16579
16581
16582
16583
16584
16585
16588
16589
16590
16591
16592
16594
16595
16596
16599
16604
16614
16615
16618
16619
16620
16621
16622
16623
16629
16635
16636
16639
16640
16641
16642
16643
16644
16647
16648
16649
16650
16651
16652
16654
16658
16659
16660
16661
16662
16667
16668
16669
16670
16671
16672
16673
16675
16677
16678
16679
16680
16682
16683
16684
16686
16687
16689
16690
16691
16692
16693
16694
16698
16699
16704
16705
16706
16707
16708
16711
16717
16718
16719
16720
16721
16722
16723
16724
16725
16726
16727
16728
16729
16730
16731
16732
16733
16734
16735
16736
16737
16738
16739
16742
16743
16745
16746
16747
16749
16750
16753
16756
16757
16758
16763
16766
16767
16768
16770
16772
16773
16774
16775
16776
16777
16778
16779
16783
16785
16786
16789
16790
16792
16793
16795
16796
16798
16799
16800
16801
16802
16803
16804
16805
16806
16807
16810
16811
16813
16814
16815
16818
16819
16821
16822
16824
16828
16831
16833
16834
16841
16842
16844
16848
16849
16851
16853
16856
16857
16865
16870
16872
16873
16875
16876
16878
16879
16880
16881
16882
16885
16886
16888
16889
16890
16892
16893
16894
16895
16896
16899
16900
16901
16903
16904
16905
16906
16907
16911
16912
16913
16917
16919
16920
16921
16922
16923
16925
16926
16930
16931
16932
16934
16935
16936
16937
16954
16956
16957
16959
16960
16961
16963
16971
16972
16973
16974
16976
16977
16979
16981
16982
16983
16984
16985
16987
16991
16994
16995
17002
17009
17012
17013
17020
17022
17023
17024
17025
17026
17027
17028
17029
17030
17033
17038
17039
17042
17043
17044
17045
17046
17048
17049
17050
17051
17052
17053
17054
17055
17056
17057
17059
17060
17062
17064
17065
17066
17067
17069
17074
17075
17080
17081
17082
17083
17084
17085
17086
17102
17104
17108
17111
17113
17121
17122
17125
17128
17129
17135
17142
17144
17145
17147
17150
17151
17153
17156
17159
17160
17161
17162
17163
17164
17171
17173
17177
17178
17179
17180
17181
17182
17183
17184
17185
17186
17187
17188
17189
17190
17191
17192
17193
17194
17196
17200
17201
17203
17205
17212
17215
17216
17217
17219
17220
17223
17227
17228
17236
17243
17244
17248
17251
17253
17254
17260
17261
17266
17268
17269
17271
17272
17273
17274
17277
17278
17284
17285
17286
17287
17291
17292
17293
17294
17306
17308
17310
17312
17318
17324
17325
17326
17327
17328
17333
17334
17335
17337
17341
17342
17343
17344
17347
17348
17349
17351
17353
17354
17355
17356
17357
17359
17360
17361
17367
17369
17370
17373
17375
17376
17377
17378
17380
17411
17412
17415
17416
17417
17418
17419
17420
17421
17425
17426
17427
17432
17433
17435
17436
17440
17441
17443
17458
17459
17466
17467
17472
17473
17474
17475
17477
17479
17480
17481
17483
17484
17485
17488
17489
17491
17498
17500
17501
17506
17511
17512
17513
17523
17530
17531
17535
17539
17540
17541
17542
17544
17545
17546
17549
17558
17560
17561
17562
17563
17564
17567
17570
17571
17577
17586
17587
17588
17589
17591
17595
17596
17600
17602
17603
17604
17605
17607
17608
17611
17615
17616
17617
17618
17621
17622
17626
17627
17628
17630
17631
17634
17636
17637
17638
17640
17644
17645
17646
17649
17651
17652
17653
17654
17655
17657
17658
17660
17661
17663
17664
17666
17668
17671
17672
17673
17675
17676
17681
17685
17686
17689
17694
17696
17698
17701
17709
17710
17711
17712
17713
17714
17722
17724
17729
17730
17733
17735
17736
17737
17738
17739
17743
17744
17745
17746
17747
17748
17749
17750
17751
17756
17757
17759
17760
17761
17763
17764
17765
17767
17770
17772
17773
17774
17777
17778
17779
17780
17781
17782
17784
17785
17786
17788
17789
17793
17794
17796
17797
17798
17801
17802
17804
17805
17809
17820
17821
17823
17832
17833
17836
17837
17838
17839
17844
17845
17846
17847
17849
17850
17854
17856
17860
17861
17864
17867
17868
17871
17873
17881
17882
17885
17886
17887
17888
17889
17890
17891
17892
17894
17895
17896
17897
17898
17899
17900
17901
17902
17903
17904
17907
17908
17911
17913
17916
17917
17921
17922
17923
17924
17927
17933
17934
17935
17936
17940
17941
17942
17944
17945
17949
17951
17952
17954
17959
17961
17963
17971
17972
17974
17976
17980
17988
17989
17990
17991
17993
17997
17998
17999
18002
18004
18007
18008
18009
18010
18011
18012
18013
18014
18015
18018
18019
18020
18023
18025
18026
18027
18028
18031
18033
18035
18037
18040
18041
18046
18050
18051
18054
18062
18063
18068
18069
18072
18073
18079
18080
18081
18088
18091
18098
18102
18103
18107
18112
18113
18114
18116
18119
18120
18122
18123
18124
18125
18127
18128
18129
18130
18131
18135
18137
18138
18147
18148
18149
18150
18151
18152
18153
18154
18158
18160
18163
18164
18166
18168
18169
18170
18175
18178
18180
18181
18183
18186
18187
18188
18190
18191
18192
18194
18195
18200
18201
18204
18205
18206
18208
18209
18210
18211
18212
18216
18218
18221
18224
18225
18226
18227
18228
18229
18232
18234
18235
18238
18240
18242
18244
18245
18246
18247
18249
18251
18255
18256
18257
18258
18260
18262
18263
18264
18265
18266
18267
18268
18269
18272
18274
18276
18280
18281
18282
18284
18286
18287
18288
18289
18290
18291
18293
18296
18297
18299
18300
18302
18304
18305
18306
18309
18311
18313
18314
18315
18316
18317
18318
18322
18327
18328
18329
18330
18332
18334
18335
18336
18338
18344
18345
18346
18349
18351
18353
18354
18355
18356
18357
18358
18359
18360
18361
18362
18364
18367
18368
18369
18372
18373
18375
18377
18378
18386
18387
18388
18390
18392
18393
18394
18395
18397
18398
18400
18403
18405
18406
18419
18425
18430
18433
18434
18435
18436
18437
18443
18444
18445
18449
18451
18452
18455
18456
18457
18459
18460
18461
18462
18463
18468
18469
18470
18472
18473
18474
18475
18476
18478
18479
18482
18483
18485
18490
18491
18495
18497
18498
18499
18500
18503
18505
18507
18511
18512
18516
18519
18520
18523
18525
18526
18527
18530
18532
18533
18539
18541
18545
18547
18548
18552
18553
18555
18556
18560
18561
18562
18568
18569
18570
18580
18581
18582
18583
18584
18585
18586
18587
18588
18589
18590
18591
18592
18593
18594
18595
18596
18599
18601
18602
18604
18605
18607
18610
18611
18612
18613
18614
18616
18622
18626
18628
18629
18630
18631
18632
18633
18634
18636
18637
18638
18641
18642
18643
18644
18645
18646
18647
18648
18649
18650
18651
18652
18653
18654
18655
18656
18657
18658
18659
18660
18661
18662
18663
18664
18669
18670
18671
18672
18674
18675
18676
18677
18678
18679
18681
18683
18686
18687
18688
18689
18690
18691
18692
18693
18694
18696
18697
18699
18701
18702
18708
18709
18710
18711
18714
18715
18721
18722
18723
18724
18726
18730
18734
18736
18738
18739
18740
18741
18742
18743
18745
18747
18748
18750
18751
18757
18758
18759
18760
18761
18762
18763
18764
18765
18766
18767
18769
18770
18771
18773
18774
18775
18776
18777
18778
18779
18780
18781
18784
18787
18789
18790
18791
18792
18793
18795
18796
18797
18799
18802
18804
18805
18806
18807
18808
18809
18811
18812
18813
18814
18816
18821
18824
18827
18828
18832
18833
18834
18835
18836
18837
18838
18839
18840
18841
18844
18845
18846
18847
18850
18851
18852
18853
18855
18856
18857
18859
18861
18862
18863
18872
18873
18874
18875
18876
18877
18878
18880
18881
18882
18883
18884
18885
18886
18887
18889
18890
18891
18892
18893
18894
18895
18896
18898
18901
18902
18903
18906
18908
18909
18910
18911
18913
18915
18916
18918
18920
18924
18925
18926
18927
18928
18935
18936
18941
18944
18948
18951
18952
18953
18954
18955
18957
18958
18959
18960
18961
18962
18965
18967
18968
18969
18971
18973
18975
18976
18977
18979
18981
18982
18984
18987
18989
18990
18994
18995
18996
18997
18998
18999
19000
19002
19003
19004
19005
19006
19007
19009
19010
19011
19012
19013
19016
19017
19022
19023
19024
19025
19026
19030
19031
19032
19033
19034
19037
19038
19039
19040
19041
19042
19044
19045
19046
19052
19053
19055
19056
19057
19058
19061
19063
19065
19066
19069
19074
19077
19078
19079
19080
19081
19085
19086
19087
19089
19091
19093
19094
19095
19096
19097
19098
19099
19100
19105
19106
19107
19110
19111
19112
19113
19114
19117
19121
19124
19128
19129
19131
19132
19134
19135
19136
19144
19146
19147
19149
19150
19153
19157
19158
19159
19162
19165
19166
19168
19171
19172
19173
19174
19175
19181
19184
19185
19186
19188
19189
19191
19192
19193
19195
19196
19198
19199
19203
19206
19207
19208
19212
19216
19217
19218
19219
19224
19226
19227
19228
19229
19230
19231
19232
19234
19235
19239
19244
19247
19249
19250
19252
19253
19254
19255
19258
19260
19261
19262
19263
19265
19266
19269
19271
19272
19277
19278
19280
19283
19284
19286
19288
19289
19293
19294
19303
19304
19305
19311
19315
19317
19321
19322
19324
19325
19326
19327
19328
19332
19333
19337
19338
19339
19340
19341
19343
19344
19345
19346
19347
19348
19349
19350
19351
19352
19357
19358
19360
19365
19366
19370
19372
19375
19377
19378
19379
19384
19385
19386
19387
19388
19393
19394
19398
19400
19401
19404
19405
19406
19410
19411
19412
19414
19415
19416
19418
19419
19421
19422
19424
19425
19428
19430
19433
19435
19437
19443
19444
19445
19446
19449
19450
19451
19453
19454
19457
19461
19462
19463
19469
19471
19472
19473
19475
19476
19477
19481
19486
19487
19488
19490
19492
19493
19497
19500
19501
19505
19512
19515
19520
19521
19522
19523
19524
19525
19532
19534
19535
19537
19538
19539
19541
19542
19543
19544
19549
19550
19551
19556
19557
19558
19559
19560
19564
19565
19566
19567
19568
19569
19572
19576
19577
19582
19583
19584
19585
19586
19587
19588
19589
19590
19591
19592
19593
19594
19595
19596
19597
19598
19599
19602
19603
19607
19609
19611
19615
19616
19617
19618
19619
19622
19626
19628
19629
19630
19631
19632
19635
19636
19637
19638
19639
19640
19642
19643
19644
19645
19646
19648
19649
19650
19651
19652
19653
19654
19655
19656
19657
19658
19659
19660
19661
19666
19667
19668
19669
19671
19673
19675
19676
19678
19679
19680
19681
19682
19684
19686
19687
19689
19696
19697
19698
19700
19701
19702
19703
19704
19705
19706
19707
19708
19710
19713
19714
19715
19716
19717
19719
19720
19722
19723
19724
19733
19734
19735
19747
19748
19749
19752
19754
19755
19756
19757
19758
19760
19761
19764
19765
19767
19769
19770
19773
19774
19775
19780
19781
19782
19783
19784
19787
19790
19793
19797
19800
19801
19802
19803
19804
19806
19807
19808
19809
19810
19811
19820
19822
19825
19828
19829
19837
19838
19839
19840
19856
19863
19864
19865
19866
19867
19874
19875
19876
19877
19880
19882
19883
19884
19885
19886
19887
19892
19896
19898
19899
19903
19906
19907
19908
19910
19911
19913
19917
19918
19919
19920
19921
19925
19928
19941
19942
19944
19946
19949
19960
19961
19963
19965
19968
19969
19970
19979
19980
19989
19990
20000
20001
20002
20003
20004
20005
20006
20007
20008
20009
20011
20012
20014
20015
20017
20018
20029
20031
20032
20033
20038
20042
20043
20044
20047
20050
20052
20053
20055
20056
20057
20060
20061
20062
20063
20066
20071
20072
20073
20074
20078
20079
20081
20083
20096
20097
20098
20099
20100
20101
20103
20104
20109
20110
20111
20113
20114
20115
20117
20119
20121
20123
20124
20125
20126
20127
20132
20133
20134
20136
20137
20138
20139
20145
20146
20147
20148
20150
20154
20163
20166
20167
20172
20173
20174
20175
20178
20179
20180
20181
20183
20184
20186
20187
20189
20191
20192
20195
20196
20200
20201
20202
20208
20209
20211
20213
20214
20215
20216
20217
20218
20219
20220
20221
20222
20223
20228
20229
20230
20231
20232
20233
20237
20238
20239
20241
20242
20244
20246
20247
20252
20253
20255
20256
20259
20262
20263
20267
20268
20271
20273
20275
20283
20284
20292
20293
20294
20295
20296
20297
20301
20306
20307
20310
20311
20315
20316
20317
20318
20319
20320
20324
20326
20327
20328
20335
20336
20337
20338
20346
20348
20349
20351
20353
20355
20356
20358
20360
20371
20376
20379
20380
20381
20386
20387
20388
20390
20395
20397
20401
20404
20405
20413
20414
20417
20421
20422
20425
20429
20431
20432
20434
20436
20438
20445
20447
20448
20450
20454
20455
20457
20458
20459
20464
20465
20468
20469
20470
20472
20476
20478
20479
20481
20483
20493
20494
20500
20501
20507
20508
20509
20514
20517
20532
20533
20538
20539
20547
20548
20552
20553
20554
20557
20560
20561
20562
20563
20564
20569
20581
20583
20584
20585
20591
20594
20595
20596
20598
20601
20602
20605
20607
20609
20614
20615
20617
20619
20621
20622
20623
20628
20631
20634
20638
20643
20647
20648
20649
20652
20653
20655
20657
20667
20668
20671
20673
20675
20676
20677
20678
20679
20681
20682
20684
20686
20689
20691
20692
20693
20695
20696
20699
20704
20705
20706
20707
20711
20712
20715
20718
20720
20721
20722
20723
20724
20725
20736
20739
20740
20741
20742
20744
20745
20746
20752
20753
20754
20756
20758
20759
20761
20762
20771
20772
20774
20775
20779
20781
20786
20789
20790
20791
20792
20795
20796
20797
20798
20800
20802
20812
20814
20815
20816
20817
20818
20820
20821
20829
20833
20834
20838
20839
20840
20844
20845
20847
20848
20851
20857
20859
20887
20899
20910
20913
20916
20917
20923
20924
20925
20927
20928
20929
20932
20939
20940
20949
20950
20955
20961
20965
20967
20968
20977
20978
20979
20980
20983
20984
20986
20997
21002
21005
21006
21007
21008
21010
21015
21016
21017
21020
21022
21024
21028
21029
21036
21037
21038
21039
21040
21042
21043
21048
21051
21057
21058
21059
21062
21064
21066
21067
21068
21070
21071
21075
21083
21084
21085
21086
21088
21090
21093
21094
21098
21107
21108
21109
21112
21117
21119
21121
21122
21123
21124
21132
21140
21141
21142
21143
21146
21148
21149
21150
21160
21161
21163
21164
21165
21170
21172
21175
21181
21185
21187
21190
21191
21194
21199
21201
21209
21210
21211
21212
21215
21216
21217
21219
21221
21222
21224
21227
21228
21229
21230
21234
21235
21236
21237
21240
21241
21242
21245
21247
21249
21250
21252
21255
21257
21258
21263
21264
21266
21270
21272
21275
21276
21277
21281
21283
21284
21285
21286
21287
21288
21290
21292
21293
21294
21296
21303
21307
21310
21311
21312
21313
21314
21317
21318
21325
21327
21328
21329
21332
21333
21336
21340
21342
21346
21347
21348
21349
21354
21356
21357
21358
21359
21360
21361
21362
21363
21367
21372
21380
21381
21382
21384
21388
21392
21393
21394
21397
21398
21401
21404
21407
21415
21416
21419
21420
21421
21423
21424
21425
21426
21427
21429
21431
21432
21434
21436
21438
21439
21440
21443
21448
21449
21450
21451
21453
21454
21456
21457
21462
21463
21466
21471
21475
21479
21482
21484
21488
21490
21491
21492
21493
21494
21497
21498
21500
21501
21502
21503
21504
21505
21509
21511
21512
21515
21517
21518
21519
21520
21524
21525
21526
21528
21529
21531
21536
21537
21539
21541
21542
21544
21545
21546
21547
21548
21549
21554
21556
21557
21564
21565
21566
21570
21571
21572
21573
21577
21578
21579
21580
21584
21585
21587
21594
21600
21602
21604
21612
21614
21617
21618
21619
21620
21621
21622
21623
21625
21627
21630
21631
21633
21635
21637
21639
21640
21642
21643
21652
21654
21656
21659
21663
21664
21669
21672
21673
21687
21688
21691
21692
21693
21695
21697
21699
21700
21703
21704
21707
21708
21722
21723
21727
21728
21729
21732
21733
21734
21738
21741
21746
21752
21753
21757
21761
21763
21765
21770
21772
21773
21774
21777
21783
21785
21786
21790
21792
21793
21794
21795
21796
21798
21800
21801
21803
21804
21805
21806
21807
21808
21809
21814
21816
21817
21818
21820
21834
21837
21838
21840
21844
21845
21846
21849
21850
21852
21854
21857
21859
21862
21863
21864
21867
21870
21873
21874
21876
21880
21881
21882
21885
21890
21891
21893
21894
21895
21897
21899
21901
21902
21907
21914
21924
21925
21929
21930
21932
21935
21941
21943
21944
21946
21950
21955
21956
21959
21963
21965
21969
21971
21972
21973
21974
21978
21979
21981
21983
21985
21986
21987
21989
21990
21991
22001
22008
22009
22016
22017
22021
22024
22026
22028
22031
22032
22033
22035
22037
22041
22044
22045
22046
22050
22056
22058
22060
22061
22068
22069
22070
22071
22074
22075
22076
22078
22079
22084
22085
22089
22095
22100
22104
22109
22110
22111
22117
22124
22126
22129
22130
22131
22132
22134
22135
22145
22146
22147
22148
22149
22151
22152
22155
22158
22159
22163
22164
22165
22167
22169
22170
22171
22174
22175
22177
22179
22180
22186
22187
22188
22191
22194
22199
22202
22203
22204
22207
22209
22214
22215
22224
22226
22233
22241
22242
22244
22245
22246
22247
22248
22256
22257
22258
22260
22273
22274
22275
22276
22279
22286
22287
22292
22296
22297
22298
22299
22303
22304
22306
22309
22310
22312
22313
22314
22315
22317
22319
22322
22327
22329
22331
22333
22337
22338
22339
22341
22342
22344
22348
22351
22352
22353
22359
22366
22367
22369
22370
22374
22375
22379
22380
22381
22382
22383
22385
22387
22388
22392
22394
22395
22396
22400
22401
22402
22410
22411
22414
22415
22417
22418
22419
22420
22421
22422
22424
22425
22426
22428
22430
22431
22439
22440
22441
22443
22446
22447
22449
22450
22451
22453
22456
22458
22459
22460
22461
22462
22464
22465
22468
22470
22471
22472
22473
22474
22475
22477
22478
22479
22485
22486
22492
22494
22495
22497
22498
22499
22502
22503
22504
22509
22510
22512
22517
22521
22524
22525
22526
22532
22536
22537
22539
22541
22542
22543
22544
22549
22550
22551
22552
22554
22555
22556
22557
22559
22564
22567
22568
22569
22575
22576
22577
22578
22579
22580
22582
22584
22587
22588
22592
22593
22594
22595
22596
22602
22603
22604
22608
22611
22612
22614
22618
22619
22620
22625
22629
22630
22631
22632
22634
22635
22636
22639
22640
22645
22647
22649
22652
22653
22659
22660
22665
22666
22667
22668
22671
22672
22677
22678
22679
22680
22681
22683
22684
22689
22690
22693
22696
22701
22703
22705
22706
22707
22714
22720
22721
22725
22730
22735
22738
22741
22742
22743
22756
22758
22763
22768
22772
22773
22777
22778
22780
22783
22785
22786
22787
22788
22789
22791
22792
22794
22801
22806
22807
22809
22819
22820
22821
22822
22825
22827
22828
22831
22834
22837
22838
22843
22844
22846
22851
22854
22856
22857
22861
22862
22865
22866
22867
22870
22871
22873
22878
22882
22883
22886
22887
22888
22894
22903
22904
22905
22908
22915
22917
22918
22920
22926
22930
22934
22935
22936
22938
22939
22940
22941
22945
22949
22950
22951
22952
22953
22954
22955
22956
22957
22958
22959
22960
22961
22962
22963
22970
22971
22972
22975
22976
22977
22982
22990
22994
22995
22996
22998
22999
23003
23005
23007
23017
23018
23019
23026
23027
23030
23032
23033
23034
23035
23040
23041
23042
23050
23054
23055
23064
23066
23067
23070
23085
23097
23098
23099
23101
23106
23107
23109
23111
23112
23113
23114
23126
23128
23129
23133
23134
23135
23136
23138
23139
23140
23141
23144
23145
23149
23153
23154
23155
23156
23159
23160
23171
23173
23174
23182
23183
23184
23190
23193
23194
23198
23199
23200
23201
23210
23211
23214
23218
23219
23222
23225
23227
23229
23230
23233
23238
23239
23241
23247
23249
23252
23253
23254
23255
23256
23257
23259
23260
23266
23271
23279
23280
23281
23282
23283
23284
23289
23291
23293
23294
23297
23300
23302
23307
23308
23311
23312
23315
23316
23318
23332
23335
23337
23341
23343
23344
23357
23358
23360
23362
23367
23369
23378
23379
23384
23386
23387
23388
23391
23393
23395
23404
23405
23407
23412
23416
23418
23420
23421
23422
23423
23424
23425
23427
23438
23457
23458
23460
23464
23466
23472
23473
23476
23479
23480
23481
23482
23483
23485
23486
23495
23496
23497
23501
23505
23506
23510
23512
23518
23519
23520
23521
23522
23527
23528
23530
23531
23537
23538
23543
23544
23545
23548
23549
23553
23554
23556
23557
23558
23559
23561
23563
23569
23570
23572
23573
23576
23577
23581
23585
23589
23590
23592
23593
23601
23602
23603
23604
23606
23609
23612
23616
23618
23625
23631
23635
23644
23645
23650
23651
23652
23656
23658
23659
23660
23661
23665
23667
23672
23682
23684
23695
23696
23697
23698
23699
23700
23701
23707
23709
23712
23716
23720
23723
23724
23726
23736
23742
23743
23744
23751
23756
23760
23762
23763
23764
23767
23769
23773
23777
23779
23783
23786
23789
23793
23794
23795
23796
23798
23799
23800
23801
23802
23805
23809
23822
23823
23824
23825
23828
23829
23830
23833
23834
23837
23838
23839
23840
23841
23845
23846
23853
23854
23856
23860
23867
23868
23870
23872
23873
23876
23877
23881
23882
23884
23885
23887
23889
23890
23891
23893
23894
23895
23896
23899
23900
23901
23902
23903
23904
23905
23906
23910
23912
23913
23917
23920
23922
23924
23925
23926
23927
23929
23933
23934
23935
23944
23946
23948
23962
23969
23976
23982
23983
23985
23989
23991
23992
23993
23996
24002
24003
24004
24006
24008
24009
24010
24011
24013
24014
24015
24017
24021
24022
24026
24027
24033
24034
24035
24038
24039
24045
24047
24054
24056
24057
24058
24059
24060
24061
24062
24064
24065
24071
24074
24076
24083
24086
24094
24099
24103
24109
24110
24116
24119
24122
24124
24125
24126
24128
24129
24130
24131
24134
24137
24141
24142
24144
24145
24146
24148
24151
24154
24159
24160
24161
24166
24167
24177
24178
24180
24181
24182
24184
24185
24187
24188
24201
24205
24206
24209
24212
24213
24214
24216
24217
24220
24221
24222
24224
24225
24226
24227
24228
24230
24231
24233
24234
24236
24237
24242
24243
24245
24246
24254
24255
24259
24260
24261
24265
24266
24267
24269
24271
24273
24275
24277
24278
24282
24284
24285
24286
24287
24288
24290
24292
24293
24298
24299
24300
24311
24326
24330
24335
24336
24338
24341
24342
24343
24346
24347
24348
24355
24356
24358
24359
24361
24362
24366
24367
24369
24372
24373
24381
24390
24392
24393
24394
24398
24400
24401
24408
24412
24413
24415
24416
24423
24424
24428
24430
24433
24437
24438
24439
24440
24442
24448
24450
24452
24455
24456
24459
24463
24466
24467
24469
24473
24474
24477
24480
24481
24483
24485
24486
24487
24488
24490
24491
24492
24493
24495
24501
24502
24505
24507
24509
24510
24513
24515
24516
24522
24523
24524
24525
24526
24528
24530
24535
24536
24538
24541
24542
24543
24545
24546
24547
24548
24550
24552
24553
24555
24556
24557
24558
24560
24563
24564
24567
24568
24569
24570
24571
24572
24573
24574
24575
24577
24578
24579
24580
24581
24582
24583
24584
24585
24586
24588
24589
24590
24591
24597
24600
24603
24604
24605
24607
24612
24613
24614
24615
24616
24617
24618
24619
24623
24624
24627
24628
24629
24632
24633
24635
24636
24637
24639
24640
24642
24643
24644
24645
24647
24648
24649
24650
24651
24652
24653
24659
24660
24665
24668
24669
24672
24673
24674
24676
24678
24680
24683
24684
24685
24686
24687
24688
24691
24692
24694
24695
24699
24700
24706
24707
24708
24709
24711
24715
24721
24729
24735
24738
24739
24740
24742
24743
24744
24746
24752
24753
24754
24759
24761
24763
24764
24765
24767
24769
24770
24774
24775
24776
24777
24778
24779
24782
24784
24786
24789
24794
24795
24796
24801
24802
24803
24804
24805
24807
24808
24809
24810
24811
24816
24817
24818
24819
24820
24821
24824
24825
24826
24832
24834
24841
24842
24844
24845
24846
24849
24854
24855
24859
24860
24863
24864
24867
24869
24871
24879
24880
24882
24884
24885
24888
24889
24893
24894
24895
24896
24898
24899
24901
24902
24903
24906
24907
24909
24914
24915
24917
24918
24921
24922
24925
24927
24931
24937
24940
24941
24947
24948
24951
24952
24953
24956
24957
24973
24975
24982
24983
24992
24993
24997
24998
24999
25000
25001
25002
25004
25010
25013
25015
25019
25026
25028
25030
25033
25035
25037
25038
25039
25043
25044
25055
25057
25058
25059
25060
25065
25066
25067
25068
25069
25070
25072
25074
25077
25078
25079
25082
25085
25086
25091
25093
25094
25098
25100
25109
25111
25115
25124
25126
25128
25129
25130
25138
25139
25141
25143
25144
25147
25148
25156
25157
25160
25164
25165
25167
25168
25170
25171
25174
25177
25178
25179
25181
25183
25184
25185
25187
25190
25195
25199
25207
25210
25214
25220
25228
25229
25232
25233
25239
25243
25248
25256
25258
25261
25264
25267
25269
25270
25271
25274
25279
25286
25287
25292
25293
25294
25295
25297
25298
25299
25304
25311
25316
25319
25320
25321
25325
25326
25332
25335
25336
25338
25339
25345
25349
25351
25352
25357
25358
25364
25368
25374
25376
25380
25381
25388
25390
25391
25395
25400
25401
25404
25407
25408
25409
25419
25425
25428
25433
25434
25436
25437
25438
25439
25440
25443
25444
25445
25449
25454
25462
25467
25470
25477
25478
25482
25484
25486
25491
25496
25497
25498
25499
25500
25501
25502
25503
25504
25508
25513
25517
25519
25520
25521
25522
25523
25524
25525
25527
25532
25535
25536
25542
25543
25547
25549
25550
25554
25556
25559
25560
25564
25566
25567
25568
25569
25572
25573
25577
25579
25584
25585
25589
25590
25591
25596
25597
25598
25606
25613
25617
25620
25624
25633
25634
25637
25638
25639
25644
25646
25647
25648
25651
25654
25656
25657
25658
25662
25665
25666
25668
25669
25670
25673
25675
25677
25678
25679
25681
25682
25684
25686
25691
25692
25695
25697
25698
25702
25703
25704
25706
25707
25711
25712
25724
25726
25728
25731
25732
25733
25734
25735
25740
25743
25749
25750
25751
25753
25754
25756
25758
25759
25760
25764
25768
25773
25775
25777
25779
25781
25784
25790
25800
25801
25804
25806
25810
25811
25814
25819
25821
25824
25827
25829
25830
25834
25838
25846
25854
25855
25864
25867
25871
25872
25877
25878
25883
25885
25888
25891
25892
25894
25895
25897
25899
25900
25901
25902
25908
25912
25913
25914
25921
25922
25923
25924
25926
25927
25928
25929
25930
25931
25933
25934
25936
25937
25938
25939
25940
25942
25944
25947
25948
25949
25954
25955
25957
25958
25959
25961
25962
25964
25965
25966
25968
25972
25973
25975
25977
25978
25979
25982
25983
25984
25985
25986
25987
25989
25990
25992
25995
25996
25997
25998
25999
26000
26002
26003
26005
26006
26008
26009
26010
26012
26013
26016
26017
26018
26019
26020
26021
26024
26025
26026
26027
26028
26029
26030
26031
26032
26033
26034
26035
26036
26038
26039
26041
26042
26047
26048
26049
26050
26051
26052
26053
26054
26056
26058
26059
26064
26066
26067
26072
26073
26074
26075
26077
26078
26079
26082
26083
26085
26086
26088
26090
26091
26092
26093
26094
26100
26101
26102
26103
26104
26105
26106
26107
26110
26112
26113
26115
26117
26118
26119
26120
26121
26123
26124
26125
26126
26127
26128
26129
26131
26132
26133
26135
26136
26137
26138
26140
26141
26142
26145
26146
26147
26149
26150
26153
26154
26160
26161
26162
26163
26167
26169
26170
26171
26174
26176
26178
26179
26180
26181
26182
26183
26184
26186
26187
26188
26190
26191
26195
26196
26197
26198
26199
26200
26201
26203
26204
26205
26206
26207
26208
26210
26211
26214
26215
26216
26218
26219
26221
26222
26223
26224
26226
26227
26228
26229
26230
26231
26235
26236
26237
26238
26240
26242
26244
26245
26248
26252
26256
26257
26260
26261
26262
26263
26264
26267
26271
26272
26275
26276
26277
26278
26279
26281
26284
26288
26289
26297
26301
26302
26303
26304
26305
26311
26314
26315
26316
26317
26319
26320
26323
26327
26331
26332
26333
26334
26335
26336
26338
26344
26345
26347
26348
26349
26350
26351
26355
26356
26358
26359
26361
26362
26363
26364
26366
26367
26368
26371
26372
26373
26376
26377
26378
26379
26381
26382
26385
26387
26388
26389
26390
26391
26392
26393
26394
26400
26401
26402
26404
26409
26410
26412
26415
26416
26417
26422
26423
26425
26426
26429
26431
26432
26437
26438
26439
26440
26441
26444
26446
26448
26449
26450
26451
26452
26454
26455
26456
26457
26458
26460
26461
26466
26471
26473
26474
26476
26477
26480
26484
26486
26487
26489
26493
26494
26495
26496
26497
26498
26501
26503
26504
26506
26507
26510
26511
26512
26513
26516
26517
26523
26524
26526
26528
26532
26533
26536
26539
26540
26543
26544
26549
26550
26552
26553
26554
26555
26559
26560
26561
26562
26568
26570
26571
26572
26573
26574
26575
26576
26577
26581
26584
26586
26588
26589
26591
26592
26593
26594
26595
26597
26599
26600
26601
26602
26603
26604
26611
26612
26615
26616
26617
26619
26624
26625
26626
26627
26628
26629
26630
26632
26633
26634
26635
26637
26638
26641
26650
26651
26652
26653
26655
26656
26657
26659
26660
26663
26664
26665
26668
26669
26671
26672
26673
26674
26676
26679
26680
26681
26683
26685
26689
26690
26692
26697
26699
26700
26704
26705
26706
26708
26709
26711
26712
26714
26715
26716
26717
26718
26719
26720
26721
26723
26725
26728
26731
26732
26733
26734
26735
26736
26737
26738
26739
26740
26741
26743
26744
26746
26748
26750
26751
26754
26755
26757
26758
26759
26762
26764
26767
26768
26769
26770
26771
26772
26774
26776
26777
26778
26780
26784
26785
26786
26787
26788
26791
26792
26793
26794
26795
26796
26797
26799
26800
26802
26803
26804
26806
26807
26808
26810
26812
26813
26814
26816
26817
26818
26819
26820
26821
26822
26823
26824
26825
26826
26827
26828
26829
26834
26835
26837
26839
26841
26842
26843
26844
26846
26847
26850
26851
26856
26857
26858
26860
26861
26862
26864
26867
26870
26871
26872
26873
26874
26876
26879
26881
26882
26883
26885
26887
26892
26893
26897
26898
26900
26901
26902
26903
26904
26905
26906
26909
26910
26911
26912
26914
26915
26916
26917
26918
26919
26922
26923
26924
26925
26933
26934
26935
26936
26937
26942
26943
26944
26945
26952
26956
26957
26959
26960
26961
26964
26967
26968
26971
26973
26976
26981
26982
26983
26984
26985
26986
26987
26988
26991
26993
26995
26996
26997
27001
27002
27003
27004
27006
27007
27011
27013
27015
27016
27018
27020
27023
27024
27025
27026
27027
27029
27035
27036
27042
27043
27044
27046
27047
27049
27052
27053
27055
27056
27059
27060
27063
27064
27066
27073
27074
27078
27087
27088
27093
27096
27106
27110
27114
27116
27117
27120
27121
27127
27130
27131
27132
27134
27140
27141
27142
27143
27146
27147
27148
27149
27150
27153
27155
27159
27161
27166
27167
27169
27170
27172
27174
27180
27184
27186
27187
27191
27194
27197
27198
27200
27202
27204
27205
27206
27208
27210
27212
27213
27214
27217
27218
27219
27229
27237
27239
27240
27242
27243
27252
27267
27268
27269
27272
27273
27280
27281
27282
27288
27289
27290
27291
27292
27293
27294
27298
27303
27306
27307
27313
27315
27322
27323
27325
27329
27330
27333
27334
27336
27338
27342
27343
27346
27352
27358
27359
27363
27364
27365
27368
27369
27374
27378
27379
27380
27381
27382
27386
27387
27394
27397
27404
27405
27406
27408
27409
27410
27413
27421
27422
27429
27433
27435
27438
27439
27440
27442
27444
27445
27452
27453
27457
27458
27461
27472
27473
27474
27475
27477
27478
27479
27483
27485
27487
27488
27489
27490
27491
27492
27493
27494
27495
27497
27500
27503
27509
27512
27515
27516
27523
27529
27533
27534
27537
27543
27553
27554
27555
27556
27558
27561
27565
27568
27569
27570
27571
27572
27574
27580
27585
27592
27599
27600
27601
27609
27614
27618
27620
27623
27628
27633
27639
27641
27646
27649
27653
27654
27657
27659
27660
27665
27666
27667
27673
27678
27679
27680
27681
27682
27684
27685
27686
27689
27690
27694
27701
27702
27715
27716
27717
27721
27727
27729
27734
27741
27742
27749
27750
27756
27760
27761
27771
27785
27797
27810
27811
27815
27830
27847
27849
27858
27861
27862
27863
27864
27872
27873
27876
27877
27878
27881
27886
27887
27889
27891
27895
27897
27901
27919
27929
27932
27934
27936
27937
27938
27947
27949
27953
27954
27955
27957
27958
27959
27960
27967
27971
27974
27975
27977
27978
27985
27986
27990
27991
27996
28000
28002
28003
28006
28010
28012
28022
28023
28026
28032
28033
28034
28035
28039
28044
28045
28054
28060
28061
28065
28069
28079
28083
28084
28091
28092
28095
28101
28102
28103
28105
28106
28107
28110
28114
28116
28117
28125
28129
28133
28134
28137
28159
28160
28168
28170
28171
28174
28176
28183
28194
28198
28199
28203
28213
28219
28220
28225
28227
28229
28233
28235
28236
28238
28239
28264
28268
28278
28281
28282
28286
28287
28294
28297
28301
28305
28306
28309
28311
28315
28326
28327
28329
28337
28339
28343
28347
28349
28352
28355
28358
28362
28365
28370
28371
28379
28380
28383
28384
28387
28388
28390
28392
28393
28394
28396
28401
28403
28404
28411
28414
28415
28417
28423
28425
28426
28429
28432
28441
28442
28455
28456
28460
28462
28463
28465
28468
28471
28476
28478
28482
28485
28488
28494
28497
28504
28509
28513
28522
28537
28542
28557
28559
28565
28566
28568
28572
28574
28588
28598
28603
28604
28605
28606
28612
28615
28621
28623
28630
28643
28644
28648
28649
28652
28663
28668
28671
28674
28679
28683
28696
28698
28701
28726
28727
28742
28749
28751
28757
28760
28761
28763
28767
28768
28775
28778
28784
28785
28792
28799
28803
28804
28809
28810
28811
28812
28821
28834
28835
28836
28838
28841
28849
28851
28858
28862
28863
28866
28868
28869
28870
28874
28878
28880
28881
28882
28889
28893
28896
28900
28909
28924
28931
28938
28941
28942
28950
28954
28967
28969
28989
28990
29015
29019
29020
29021
29028
29029
29031
29032
29033
29036
29038
29039
29041
29046
29050
29052
29053
29067
29076
29091
29092
29093
29094
29103
29116
29119
29121
29122
29124
29125
29128
29129
29135
29137
29146
29157
29163
29164
29165
29166
29174
29179
29183
29186
29204
29207
29209
29210
29212
29225
29226
29227
29231
29232
29235
29236
29238
29245
29250
29255
29256
29260
29263
29267
29274
29282
29283
29286
29292
29293
29294
29295
29296
29297
29298
29305
29306
29307
29313
29316
29320
29323
29326
29331
29334
29336
29337
29341
29350
29351
29362
29364
29365
29366
29372
29379
29380
29382
29386
29391
29395
29396
29397
29401
29402
29408
29420
29423
29424
29428
29436
29441
29442
29445
29450
29453
29454
29455
29456
29457
29458
29459
29463
29464
29471
29473
29474
29478
29486
29487
29489
29490
29492
29497
29498
29499
29501
29503
29504
29505
29507
29508
29511
29514
29516
29526
29530
29537
29542
29545
29549
29550
29553
29558
29560
29562
29563
29564
29565
29566
29569
29574
29581
29582
29585
29586
29588
29596
29597
29598
29599
29600
29602
29610
29621
29622
29625
29627
29630
29631
29635
29640
29641
29645
29646
29649
29650
29653
29654
29658
29659
29664
29665
29681
29688
29689
29690
29691
29694
29695
29696
29698
29700
29706
29707
29708
29711
29712
29714
29715
29716
29719
29733
29738
29740
29743
29748
29749
29750
29751
29759
29760
29762
29769
29774
29778
29780
29790
29792
29793
29795
29796
29797
29798
29803
29807
29818
29824
29831
29832
29835
29837
29838
29839
29840
29843
29844
29845
29846
29848
29858
29861
29862
29866
29869
29872
29873
29876
29877
29881
29882
29883
29887
29889
29890
29891
29892
29899
29903
29904
29907
29909
29919
29924
29929
29933
29934
29936
29941
29952
29955
29961
29969
29970
29971
29976
29983
29984
29985
29987
29988
29992
29996
29998
29999
30000
30001
30002
30008
30010
30011
30012
30013
30018
30022
30023
30026
30027
30028
30036
30038
30039
30044
30051
30054
30059
30065
30068
30071
30074
30077
30079
30084
30086
30087
30089
30094
30096
30098
30099
30108
30110
30111
30114
30115
30116
30118
30123
30125
30127
30128
30130
30134
30138
30142
30143
30146
30147
30153
30154
30156
30158
30159
30170
30175
30190
30191
30193
30194
30196
30197
30205
30215
30218
30226
30230
30234
30235
30242
30243
30244
30245
30247
30250
30254
30255
30256
30260
30262
30264
30267
30269
30270
30274
30276
30279
30282
30289
30290
30291
30292
30295
30296
30297
30298
30299
30302
30306
30307
30309
30311
30312
30322
30323
30324
30326
30328
30332
30335
30339
30340
30346
30348
30352
30353
30358
30362
30364
30365
30366
30367
30368
30369
30372
30373
30374
30375
30376
30381
30384
30390
30391
30393
30395
30397
30399
30401
30412
30413
30414
30416
30418
30423
30424
30431
30432
30433
30434
30435
30436
30438
30439
30440
30445
30447
30449
30451
30452
30453
30454
30457
30463
30466
30468
30475
30478
30479
30480
30483
30487
30488
30490
30491
30492
30497
30498
30499
30500
30514
30517
30518
30535
30537
30542
30548
30549
30555
30571
30578
30579
30591
30593
30594
30600
30601
30602
30605
30606
30620
30628
30630
30636
30639
30640
30645
30650
30652
30653
30655
30656
30659
30666
30667
30668
30671
30673
30674
30676
30677
30678
30681
30687
30690
30691
30694
30697
30703
30704
30705
30708
30709
30710
30714
30721
30722
30758
30772
30777
30778
30782
30790
30799
30801
30802
30804
30805
30806
30815
30816
30817
30818
30821
30824
30825
30826
30830
30832
30833
30834
30836
30839
30842
30843
30844
30847
30850
30853
30855
30856
30857
30859
30867
30871
30873
30876
30884
30889
30890
30891
30898
30906
30909
30910
30911
30912
30914
30922
30923
30926
30927
30930
30935
30936
30937
30939
30943
30944
30945
30948
30949
30950
30951
30952
30953
30954
30965
30967
30968
30969
30978
30980
30983
30986
30987
30989
30990
30995
30996
31001
31003
31004
31010
31014
31015
31016
31017
31019
31020
31026
31029
31030
31034
31041
31042
31043
31044
31046
31047
31050
31051
31062
31064
31065
31066
31068
31070
31071
31072
31075
31076
31078
31080
31083
31084
31086
31092
31093
31094
31101
31102
31103
31105
31108
31115
31116
31117
31120
31121
31126
31129
31135
31137
31142
31143
31147
31149
31156
31157
31163
31167
31168
31169
31170
31175
31176
31177
31178
31180
31181
31183
31187
31188
31189
31194
31198
31199
31203
31208
31209
31210
31215
31217
31218
31222
31224
31231
31232
31233
31234
31235
31238
31240
31243
31247
31248
31249
31250
31251
31252
31253
31254
31255
31256
31259
31260
31261
31263
31264
31266
31267
31268
31271
31274
31275
31276
31277
31280
31281
31282
31290
31291
31294
31296
31298
31299
31303
31304
31309
31313
31314
31317
31319
31320
31321
31324
31328
31335
31336
31345
31347
31350
31351
31353
31359
31361
31362
31364
31366
31372
31373
31374
31377
31379
31380
31381
31384
31388
31392
31393
31394
31395
31396
31398
31401
31402
31406
31411
31413
31414
31415
31420
31422
31423
31424
31425
31426
31433
31436
31437
31440
31444
31445
31448
31453
31454
31455
31457
31462
31463
31464
31466
31470
31471
31473
31474
31475
31478
31481
31482
31484
31487
31491
31494
31495
31498
31502
31503
31504
31505
31509
31511
31513
31514
31515
31520
31522
31525
31527
31530
31532
31533
31535
31536
31537
31538
31540
31541
31543
31545
31548
31549
31552
31553
31559
31563
31566
31567
31570
31576
31578
31583
31586
31587
31589
31591
31592
31593
31594
31595
31597
31598
31601
31602
31603
31604
31605
31606
31611
31612
31613
31615
31616
31617
31619
31620
31623
31624
31625
31626
31627
31629
31633
31634
31635
31642
31650
31654
31655
31656
31660
31661
31662
31663
31665
31670
31674
31676
31677
31683
31685
31687
31688
31690
31691
31692
31694
31695
31696
31706
31709
31715
31716
31720
31721
31726
31727
31733
31737
31738
31739
31750
31753
31754
31759
31761
31762
31768
31773
31775
31776
31777
31779
31780
31781
31782
31783
31784
31787
31793
31796
31799
31805
31806
31807
31809
31815
31819
31822
31823
31826
31831
31835
31836
31837
31842
31843
31844
31846
31854
31855
31856
31858
31860
31862
31863
31864
31866
31867
31870
31873
31876
31877
31879
31883
31884
31891
31897
31903
31904
31907
31908
31909
31911
31913
31917
31920
31932
31936
31938
31939
31940
31942
31944
31947
31948
31951
31952
31955
31961
31964
31966
31968
31969
31973
31979
31980
31984
31985
31987
31988
31995
31998
31999
32000
32005
32006
32007
32009
32013
32016
32017
32018
32020
32021
32024
32026
32027
32029
32032
32033
32034
32035
32037
32038
32039
32040
32041
32042
32044
32045
32046
32048
32049
32050
32053
32055
32057
32058
32059
32060
32066
32072
32073
32075
32078
32080
32081
32085
32090
32091
32103
32104
32108
32109
32112
32113
32118
32121
32124
32125
32128
32131
32132
32134
32136
32144
32146
32151
32162
32164
32166
32168
32171
32172
32173
32174
32176
32182
32183
32191
32194
32195
32202
32203
32204
32205
32206
32208
32209
32210
32212
32214
32215
32216
32217
32219
32220
32224
32226
32227
32228
32229
32232
32233
32234
32235
32236
32237
32238
32239
32241
32243
32246
32250
32251
32252
32256
32261
32268
32270
32273
32276
32277
32278
32282
32283
32287
32288
32290
32291
32292
32293
32294
32301
32302
32303
32308
32310
32311
32314
32317
32320
32321
32322
32329
32336
32341
32343
32344
32345
32346
32357
32364
32365
32367
32369
32373
32380
32386
32387
32389
32391
32392
32395
32400
32402
32403
32405
32407
32408
32410
32414
32415
32419
32422
32426
32429
32432
32433
32438
32445
32452
32459
32460
32461
32464
32465
32466
32470
32474
32482
32486
32489
32501
32502
32503
32504
32507
32510
32515
32519
32522
32526
32527
32531
32532
32533
32534
32535
32536
32537
32538
32541
32545
32546
32547
32550
32551
32553
32555
32556
32562
32569
32570
32573
32574
32576
32577
32579
32588
32589
32590
32593
32594
32597
32606
32608
32612
32613
32614
32623
32625
32626
32627
32631
32632
32641
32644
32645
32656
32657
32660
32661
32662
32669
32670
32676
32680
32684
32692
32693
32698
32702
32705
32708
32709
32712
32713
32714
32715
32720
32721
32722
32723
32724
32729
32730
32734
32735
32736
32738
32740
32741
32747
32750
32751
32755
32762
32765
32770
32771
32775
32779
32780
32782
32785
32790
32791
32793
32794
32799
32802
32807
32813
32817
32818
32819
32820
32821
32822
32823
32826
32827
32828
32838
32839
32840
32841
32842
32844
32845
32846
32847
32848
32849
32855
32858
32862
32864
32867
32869
32873
32875
32876
32880
32894
32897
32902
32910
32911
32912
32913
32914
32919
32921
32929
32930
32932
32933
32934
32941
32942
32946
32948
32952
32953
32962
32964
32965
32967
32972
32974
32975
32976
32978
32984
32985
32987
32988
32998
33017
33020
33027
33028
33029
33039
33041
33042
33044
33045
33049
33051
33053
33056
33058
33064
33067
33069
33077
33083
33090
33092
33094
33103
33111
33112
33118
33119
33123
33124
33126
33135
33137
33143
33144
33149
33151
33152
33159
33160
33163
33164
33165
33167
33168
33169
33174
33175
33176
33178
33183
33188
33191
33192
33197
33198
33201
33208
33210
33212
33226
33229
33231
33240
33246
33247
33250
33252
33254
33256
33257
33262
33264
33268
33271
33272
33280
33283
33287
33288
33289
33291
33294
33295
33297
33298
33304
33305
33308
33317
33325
33339
33340
33344
33347
33354
33355
33358
33361
33362
33368
33375
33378
33379
33380
33381
33382
33385
33386
33390
33391
33393
33394
33408
33409
33410
33412
33413
33414
33415
33416
33425
33431
33432
33444
33448
33451
33452
33453
33455
33456
33461
33463
33468
33470
33471
33472
33475
33476
33477
33483
33484
33486
33489
33491
33492
33493
33495
33498
33504
33505
33508
33509
33510
33513
33516
33517
33519
33521
33524
33527
33530
33531
33537
33538
33540
33541
33542
33543
33546
33550
33555
33556
33557
33559
33560
33561
33573
33575
33577
33578
33581
33587
33588
33589
33590
33594
33599
33600
33604
33605
33606
33608
33610
33615
33616
33617
33618
33622
33623
33625
33626
33627
33629
33630
33632
33633
33634
33635
33636
33638
33639
33640
33642
33647
33648
33652
33654
33657
33662
33664
33668
33671
33675
33679
33680
33682
33683
33684
33685
33688
33694
33696
33697
33699
33700
33701
33703
33704
33706
33715
33717
33718
33723
33725
33727
33730
33733
33734
33736
33739
33740
33741
33749
33750
33751
33752
33756
33757
