0
2
3
5
8
9
12
14
15
16
17
18
19
20
21
22
23
24
25
27
28
30
31
32
33
34
35
36
48
49
50
51
52
53
60
61
62
63
64
69
72
74
75
77
78
80
83
85
86
88
91
93
94
95
96
97
99
101
103
106
109
110
113
114
116
118
119
120
121
125
133
134
137
138
140
141
143
144
145
147
148
149
150
151
152
154
155
156
157
159
160
161
162
163
164
165
175
183
186
187
188
189
191
201
202
203
204
205
206
207
208
210
211
212
227
228
245
251
253
263
272
283
292
293
295
299
310
314
321
333
339
343
355
357
358
359
360
361
362
363
364
365
366
367
368
369
371
381
382
383
384
385
387
388
389
390
392
396
397
398
399
400
401
402
403
404
405
406
407
408
409
410
411
412
413
414
415
416
417
418
419
420
421
422
431
432
434
435
436
437
442
450
452
453
455
457
458
459
460
461
463
464
467
471
472
473
474
476
477
478
479
480
482
485
486
487
488
489
490
493
494
495
496
498
500
502
503
504
505
507
510
511
512
514
525
526
527
543
544
549
550
553
554
555
556
569
570
571
573
574
575
576
577
580
581
584
586
591
595
596
597
598
599
600
602
603
604
605
608
609
610
611
613
614
615
616
617
618
620
621
623
626
628
630
631
634
635
636
641
642
644
645
646
647
648
649
650
652
654
655
656
657
659
660
661
662
663
665
666
667
668
671
673
674
675
676
677
678
680
682
683
685
687
688
689
690
693
694
695
697
698
699
702
706
707
713
714
715
716
717
718
719
720
722
723
724
725
726
727
728
729
731
732
733
734
738
739
740
741
743
744
745
746
749
751
752
753
754
755
757
758
759
760
761
766
770
771
772
773
774
775
776
777
779
780
781
783
784
787
790
791
795
799
801
802
804
805
806
807
811
813
814
815
816
818
819
820
821
823
824
825
827
830
831
833
834
835
836
837
839
840
841
845
848
849
850
851
852
853
854
857
858
859
860
861
862
864
865
866
869
871
873
874
876
877
878
880
881
883
884
885
886
887
889
892
894
896
897
898
899
901
902
903
904
905
906
907
908
909
910
912
914
915
917
918
919
921
926
933
941
945
949
950
956
960
963
965
966
973
976
980
991
992
993
995
1004
1005
1006
1007
1008
1009
1010
1011
1014
1021
1024
1030
1036
1043
1049
1051
1053
1055
1063
1069
1074
1079
1080
1086
1088
1089
1098
1106
1114
1115
1118
1121
1126
1128
1129
1130
1131
1132
1138
1139
1145
1146
1148
1149
1150
1151
1152
1153
1154
1155
1156
1157
1158
1159
1160
1161
1162
1163
1164
1165
1166
1167
1168
1169
1172
1173
1174
1175
1176
1179
1180
1181
1182
1183
1184
1185
1186
1187
1188
1189
1190
1191
1192
1193
1194
1196
1197
1198
1199
1200
1201
1202
1203
1210
1214
1215
1216
1217
1218
1219
1220
1221
1222
1223
1224
1225
1226
1227
1228
1229
1230
1231
1232
1238
1239
1241
1242
1243
1245
1246
1247
1248
1249
1251
1252
1254
1256
1257
1258
1259
1260
1261
1262
1263
1264
1265
1266
1267
1268
1269
1271
1272
1273
1274
1275
1277
1278
1279
1280
1281
1282
1283
1284
1285
1286
1287
1288
1289
1290
1291
1292
1293
1294
1295
1296
1297
1298
1299
1300
1301
1302
1303
1304
1305
1306
1308
1309
1310
1311
1312
1313
1314
1315
1316
1317
1318
1319
1321
1322
1323
1324
1325
1326
1327
1328
1329
1331
1332
1333
1334
1335
1337
1338
1339
1340
1341
1342
1344
1345
1346
1347
1348
1350
1351
1352
1353
1354
1356
1357
1358
1359
1360
1361
1362
1363
1364
1366
1368
1369
1370
1372
1373
1376
1377
1378
1379
1380
1381
1382
1383
1384
1385
1386
1387
1388
1389
1390
1391
1392
1393
1394
1395
1397
1399
1400
1402
1403
1404
1405
1406
1408
1409
1411
1412
1413
1414
1415
1416
1418
1419
1421
1422
1423
1424
1425
1426
1427
1428
1429
1430
1431
1432
1433
1434
1435
1436
1437
1438
1439
1441
1442
1443
1444
1445
1446
1447
1449
1450
1451
1452
1453
1454
1455
1456
1457
1458
1460
1461
1462
1463
1465
1466
1470
1471
1472
1474
1475
1478
1479
1486
1487
1488
1491
1502
1506
1516
1520
1522
1532
1534
1538
1545
1546
1554
1555
1565
1569
1570
1572
1575
1587
1600
1612
1614
1615
1617
1623
1624
1639
1641
1643
1644
1648
1658
1659
1663
1664
1665
1666
1667
1671
1672
1673
1674
1675
1677
1678
1679
1681
1682
1683
1690
1691
1693
1694
1695
1696
1697
1698
1699
1700
1701
1702
1704
1706
1707
1708
1711
1712
1713
1715
1718
1720
1722
1723
1724
1725
1726
1727
1728
1732
1736
1737
1738
1739
1748
1749
1752
1753
1763
1764
1770
1774
1781
1782
1794
1796
1798
1824
1832
1834
1839
1841
1859
1860
1863
1880
1882
1883
1889
1891
1893
1894
1895
1896
1897
1899
1900
1901
1902
1905
1906
1907
1908
1909
1910
1911
1912
1913
1914
1915
1916
1917
1919
1920
1921
1922
1923
1924
1925
1926
1927
1928
1929
1930
1931
1933
1934
1935
1936
1937
1938
1939
1941
1942
1943
1944
1946
1947
1949
1951
1952
1953
1958
1959
1961
1962
1963
1968
1969
1970
1972
1973
1974
1975
1976
1978
1979
1980
1982
1983
1984
1985
1986
1987
1988
1989
1991
1992
1993
1994
1995
1996
1997
1999
2003
2004
2005
2009
2011
2012
2013
2014
2015
2016
2017
2020
2021
2022
2024
2029
2030
2031
2032
2034
2036
2037
2038
2039
2040
2041
2042
2043
2044
2045
2046
2047
2049
2050
2051
2053
2057
2066
2073
2078
2079
2091
2098
2103
2104
2106
2107
2115
2118
2125
2126
2127
2145
2148
2149
2155
2164
2170
2172
2181
2182
2183
2184
2186
2187
2188
2189
2190
2191
2192
2194
2195
2196
2197
2198
2199
2200
2201
2203
2204
2205
2206
2207
2208
2209
2211
2212
2213
2214
2215
2216
2217
2218
2219
2220
2221
2222
2223
2225
2226
2227
2228
2230
2231
2232
2233
2234
2235
2236
2237
2238
2239
2240
2241
2242
2243
2244
2245
2246
2247
2248
2249
2250
2252
2253
2254
2255
2257
2258
2259
2260
2261
2262
2263
2264
2265
2266
2267
2268
2269
2270
2271
2272
2273
2275
2276
2277
2278
2279
2280
2281
2282
2283
2284
2285
2286
2287
2288
2289
2290
2291
2293
2294
2295
2296
2297
2298
2299
2300
2301
2302
2303
2304
2305
2306
2307
2311
2312
2324
2326
2329
2330
2331
2332
2333
2334
2335
2336
2344
2345
2350
2355
2356
2357
2358
2359
2360
2361
2362
2363
2364
2365
2366
2367
2368
2369
2370
2371
2372
2374
2376
2377
2378
2379
2380
2382
2383
2384
2387
2388
2391
2392
2393
2394
2395
2396
2397
2398
2399
2400
2402
2403
2404
2405
2406
2407
2408
2409
2410
2411
2412
2413
2414
2415
2416
2417
2419
2420
2421
2422
2423
2424
2425
2427
2428
2429
2430
2432
2433
2434
2435
2436
2437
2438
2439
2440
2441
2442
2443
2444
2445
2446
2447
2448
2449
2450
2451
2452
2453
2454
2455
2457
2458
2459
2460
2461
2462
2463
2464
2465
2466
2467
2468
2469
2470
2471
2472
2473
2474
2475
2476
2477
2478
2479
2480
2481
2482
2483
2484
2485
2487
2488
2489
2490
2491
2492
2493
2494
2497
2498
2502
2504
2505
2507
2510
2511
2513
2514
2515
2516
2517
2518
2519
2520
2521
2522
2523
2524
2525
2526
2527
2528
2529
2534
2542
2548
2549
2550
2552
2553
2554
2555
2556
2557
2562
2563
2565
2575
2581
2582
2587
2588
2590
2591
2592
2599
2608
2609
2610
2613
2615
2620
2623
2626
2627
2628
2629
2630
2631
2632
2633
2634
2635
2636
2638
2639
2644
2645
2646
2648
2649
2650
2651
2653
2654
2655
2659
2660
2661
2662
2663
2664
2665
2666
2668
2669
2670
2671
2674
2675
2676
2678
2680
2681
2682
2685
2686
2687
2691
2692
2693
2694
2695
2696
2699
2701
2702
2704
2705
2706
2707
2708
2711
2712
2713
2715
2717
2718
2720
2721
2722
2723
2724
2725
2726
2728
2729
2731
2732
2733
2734
2735
2736
2737
2738
2739
2740
2741
2742
2743
2744
2745
2746
2747
2748
2749
2750
2751
2752
2753
2754
2755
2756
2757
2758
2760
2761
2762
2763
2765
2766
2767
2768
2769
2771
2772
2783
2784
2785
2786
2787
2788
2795
2798
2810
2820
2826
2829
2837
2848
2849
2850
2856
2864
2865
2866
2868
2875
2877
2878
2881
2882
2883
2885
2903
2904
2905
2907
2908
2910
2911
2913
2914
2918
2919
2920
2922
2923
2924
2925
2926
2927
2928
2929
2931
2932
2933
2935
2936
2937
2938
2939
2940
2943
2945
2947
2948
2951
2953
2954
2956
2957
2958
2959
2961
2962
2963
2965
2966
2967
2968
2971
2977
2978
2979
2980
2981
2983
2984
2986
2987
2988
2989
2990
2991
2993
2994
2995
2996
2998
3000
3001
3002
3003
3005
3008
3009
3011
3012
3013
3014
3015
3016
3017
3018
3019
3020
3021
3022
3023
3024
3025
3026
3028
3029
3030
3031
3032
3033
3034
3035
3036
3037
3038
3039
3040
3041
3042
3043
3044
3045
3046
3047
3049
3055
3056
3057
3058
3059
3060
3061
3062
3063
3075
3077
3080
3081
3084
3093
3106
3134
3152
3157
3162
3163
3164
3165
3166
3167
3168
3169
3170
3171
3173
3174
3175
3177
3178
3179
3180
3181
3182
3183
3184
3185
3187
3188
3189
3190
3191
3192
3193
3194
3195
3196
3197
3198
3199
3200
3201
3202
3203
3204
3205
3207
3209
3211
3212
3213
3214
3215
3216
3217
3221
3226
3228
3235
3236
3250
3251
3252
3256
3262
3278
3279
3280
3281
3282
3284
3285
3286
3288
3290
3297
3304
3305
3311
3312
3315
3316
3317
3318
3319
3324
3325
3327
3329
3333
3336
3337
3338
3339
3340
3341
3342
3343
3344
3345
3346
3347
3348
3350
3351
3352
3353
3354
3357
3358
3359
3360
3361
3362
3363
3364
3365
3366
3367
3368
3369
3370
3371
3372
3373
3374
3376
3378
3379
3381
3382
3383
3384
3387
3388
3392
3393
3396
3397
3399
3400
3401
3402
3403
3404
3405
3406
3407
3408
3409
3410
3411
3415
3418
3423
3424
3425
3426
3427
3428
3429
3430
3431
3432
3433
3434
3435
3436
3437
3438
3439
3440
3441
3443
3449
3455
3457
3461
3466
3474
3486
3496
3500
3502
3505
3510
3511
3514
3521
3537
3543
3546
3555
3557
3559
3560
3561
3562
3563
3564
3565
3569
3570
3571
3572
3574
3579
3580
3582
3583
3585
3586
3587
3589
3590
3591
3592
3593
3594
3595
3596
3597
3598
3599
3600
3602
3603
3604
3605
3606
3607
3608
3609
3610
3611
3612
3613
3614
3615
3623
3625
3626
3627
3628
3630
3631
3632
3633
3635
3637
3638
3642
3643
3646
3649
3650
3651
3653
3654
3655
3656
3657
3658
3659
3660
3661
3662
3663
3664
3665
3666
3667
3668
3669
3670
3671
3672
3673
3674
3675
3676
3677
3678
3679
3682
3683
3684
3685
3686
3687
3688
3690
3691
3692
3693
3694
3695
3696
3697
3698
3699
3700
3701
3702
3703
3704
3705
3706
3708
3709
3710
3711
3712
3713
3714
3715
3716
3717
3718
3719
3720
3721
3722
3723
3724
3725
3726
3727
3728
3729
3730
3731
3732
3733
3734
3735
3736
3737
3738
3739
3740
3741
3742
3743
3745
3746
3747
3748
3750
3754
3755
3756
3757
3758
3759
3761
3763
3764
3765
3766
3767
3770
3771
3772
3773
3775
3783
3786
3802
3803
3804
3826
3827
3828
3829
3830
3831
3834
3837
3838
3839
3840
3841
3842
3843
3844
3848
3862
3866
3867
3870
3873
3878
3882
3884
3892
3893
3894
3895
3896
3897
3898
3899
3901
3903
3904
3905
3906
3907
3908
3909
3910
3911
3912
3913
3914
3916
3917
3918
3919
3920
3925
3926
3927
3929
3932
3934
3935
3936
3937
3938
3939
3940
3941
3942
3943
3944
3945
3946
3947
3948
3949
3950
3951
3952
3956
3958
3959
3964
3965
3969
3971
3972
3973
3974
3975
3976
3977
3981
3982
3983
3984
3985
3986
3992
4002
4003
4004
4005
4008
4016
4019
4023
4024
4028
4029
4030
4032
4043
4044
4049
4056
4057
4058
4059
4063
4064
4065
4066
4067
4068
4069
4070
4071
4076
4079
4080
4081
4082
4083
4086
4089
4090
4091
4092
4093
4094
4095
4096
4097
4098
4099
4100
4105
4119
4120
4121
4122
4123
4124
4126
4127
4128
4129
4130
4131
4133
4134
4135
4136
4137
4138
4140
4141
4143
4144
4145
4147
4149
4153
4154
4155
4156
4158
4159
4160
4164
4165
4166
4167
4169
4170
4171
4173
4174
4175
4176
4177
4179
4183
4187
4188
4192
4196
4197
4199
4209
4210
4211
4212
4214
4215
4216
4217
4218
4222
4223
4225
4226
4228
4230
4232
4233
4235
4236
4238
4240
4242
4243
4245
4247
4248
4249
4251
4254
4255
4256
4257
4258
4259
4260
4261
4263
4264
4266
4268
4269
4272
4273
4276
4277
4278
4280
4281
4282
4284
4285
4286
4287
4288
4289
4290
4291
4292
4294
4295
4296
4297
4299
4300
4302
4303
4304
4306
4307
4308
4309
4310
4311
4312
4313
4314
4315
4316
4317
4318
4319
4320
4321
4322
4323
4324
4325
4327
4328
4329
4331
4333
4334
4335
4336
4337
4338
4339
4340
4341
4342
4343
4344
4347
4348
4350
4351
4352
4364
4365
4369
4374
4375
4376
4378
4379
4380
4381
4382
4383
4384
4385
4386
4387
4388
4389
4390
4391
4393
4394
4395
4396
4397
4398
4399
4400
4401
4403
4405
4406
4410
4411
4412
4413
4414
4415
4416
4417
4418
4419
4420
4422
4423
4424
4427
4428
4430
4431
4432
4433
4434
4437
4440
4441
4442
4443
4448
4449
4450
4452
4453
4454
4455
4457
4458
4460
4461
4463
4464
4465
4467
4468
4470
4471
4472
4473
4474
4475
4476
4477
4478
4481
4482
4483
4486
4487
4488
4489
4490
4491
4492
4493
4494
4495
4496
4497
4498
4500
4501
4502
4503
4505
4506
4507
4509
4510
4511
4513
4514
4515
4517
4518
4519
4520
4521
4522
4523
4524
4525
4526
4527
4528
4529
4530
4531
4532
4533
4534
4535
4536
4537
4539
4540
4541
4542
4543
4544
4545
4546
4548
4549
4550
4551
4554
4557
4558
4561
4564
4566
4586
4589
4590
4592
4600
4604
4607
4610
4618
4624
4629
4630
4631
4636
4648
4653
4656
4669
4682
4683
4688
4691
4693
4694
4705
4724
4726
4727
4728
4730
4731
4732
4733
4734
4736
4737
4738
4739
4740
4741
4743
4744
4745
4747
4748
4749
4750
4751
4752
4753
4754
4756
4757
4758
4759
4760
4761
4765
4767
4768
4770
4771
4773
4774
4775
4776
4777
4778
4779
4780
4781
4786
4788
4789
4790
4791
4792
4793
4794
4795
4797
4798
4799
4800
4801
4803
4804
4805
4811
4812
4818
4821
4822
4824
4825
4826
4827
4829
4830
4832
4842
4846
4847
4849
4850
4851
4852
4853
4855
4856
4862
4863
4870
4875
4879
4903
4914
4915
4916
4925
4931
4943
4944
4947
4948
4949
4950
4951
4952
4953
4954
4955
4956
4957
4958
4959
4961
4962
4964
4965
4969
4970
4971
4972
4973
4974
4975
4976
4977
4978
4979
4980
4982
4983
4984
4985
4988
4989
4990
4991
4993
4996
4997
4998
4999
5001
5002
5003
5004
5005
5006
5008
5009
5010
5011
5013
5014
5015
5016
5017
5018
5019
5021
5022
5023
5024
5026
5027
5028
5029
5030
5032
5033
5034
5035
5036
5038
5039
5040
5041
5042
5044
5045
5046
5047
5049
5050
5051
5053
5054
5055
5057
5058
5059
5060
5061
5062
5063
5064
5065
5066
5067
5068
5069
5070
5071
5072
5073
5074
5080
5081
5083
5084
5085
5087
5088
5089
5090
5091
5093
5094
5095
5096
5097
5098
5099
5100
5115
5118
5132
5133
5137
5139
5140
5141
5142
5143
5144
5145
5147
5148
5149
5150
5153
5156
5157
5158
5163
5164
5166
5167
5168
5169
5171
5172
5173
5174
5175
5176
5177
5178
5179
5180
5181
5183
5184
5185
5186
5187
5188
5189
5191
5194
5195
5196
5197
5198
5202
5204
5205
5206
5208
5210
5223
5224
5238
5239
5243
5244
5245
5249
5250
5253
5256
5257
5258
5259
5260
5261
5262
5263
5264
5265
5266
5267
5268
5269
5271
5272
5273
5275
5277
5281
5282
5286
5289
5290
5301
5302
5304
5306
5307
5309
5310
5316
5332
5333
5351
5355
5358
5365
5380
5388
5395
5396
5397
5398
5400
5402
5403
5404
5405
5406
5407
5408
5409
5410
5413
5414
5417
5421
5437
5438
5444
5445
5446
5447
5452
5453
5454
5455
5456
5457
5458
5460
5461
5462
5463
5464
5465
5466
5469
5470
5471
5473
5474
5475
5476
5477
5479
5480
5481
5482
5483
5484
5486
5487
5488
5489
5490
5491
5494
5495
5496
5497
5498
5499
5500
5501
5502
5503
5504
5506
5507
5508
5509
5510
5512
5514
5516
5518
5519
5520
5521
5525
5526
5527
5528
5529
5530
5533
5534
5535
5536
5537
5538
5541
5542
5544
5549
5551
5552
5553
5554
5555
5556
5557
5558
5559
5563
5564
5565
5566
5567
5568
5570
5571
5572
5573
5574
5575
5576
5577
5578
5579
5580
5581
5582
5583
5592
5593
5594
5595
5596
5597
5598
5599
5600
5601
5602
5609
5623
5626
5636
5638
5644
5645
5648
5650
5653
5654
5655
5656
5657
5658
5659
5660
5661
5662
5663
5664
5665
5667
5668
5671
5674
5676
5681
5695
5706
5709
5711
5728
5735
5746
5748
5764
5765
5766
5767
5768
5770
5771
5772
5773
5774
5775
5777
5778
5779
5780
5781
5782
5783
5784
5785
5786
5787
5788
5789
5790
5791
5792
5793
5794
5796
5797
5798
5799
5800
5801
5802
5803
5804
5805
5806
5807
5808
5809
5810
5811
5812
5813
5814
5816
5817
5818
5820
5821
5822
5823
5824
5825
5827
5828
5829
5830
5837
5838
5839
5840
5841
5842
5843
5844
5845
5847
5853
5858
5859
5869
5871
5873
5877
5879
5880
5882
5884
5890
5911
5912
5913
5914
5919
5920
5921
5922
5923
5924
5925
5926
5927
5928
5936
5937
5938
5941
5942
5943
5944
5945
5946
5949
5952
5953
5957
5958
5959
5961
5962
5967
5968
5969
5970
5971
5972
5973
5974
5975
5976
5977
5978
5985
5986
5987
5988
5989
5990
5991
5993
5996
5997
5998
5999
6000
6001
6002
6003
6005
6006
6008
6009
6010
6011
6015
6018
6020
6026
6035
6037
6038
6039
6041
6042
6043
6044
6045
6046
6047
6048
6049
6052
6053
6054
6055
6056
6058
6059
6060
6061
6062
6063
6064
6066
6067
6068
6069
6070
6072
6073
6074
6075
6076
6077
6078
6081
6082
6083
6084
6085
6087
6088
6089
6090
6093
6094
6095
6096
6097
6098
6099
6100
6101
6102
6103
6104
6105
6106
6107
6108
6109
6110
6111
6112
6113
6114
6116
6117
6118
6119
6120
6121
6122
6123
6124
6125
6126
6129
6130
6131
6132
6136
6138
6139
6140
6142
6143
6144
6145
6146
6147
6148
6153
6154
6155
6156
6157
6158
6167
6168
6169
6170
6171
6172
6173
6175
6176
6177
6178
6179
6180
6181
6187
6188
6189
6191
6208
6209
6216
6231
6232
6238
6239
6240
6241
6242
6243
6248
6254
6255
6261
6264
6283
6284
6287
6291
6294
6300
6305
6309
6310
6314
6323
6328
6334
6335
6341
6342
6343
6345
6346
6352
6355
6366
6379
6381
6382
6383
6388
6395
6397
6412
6419
6421
6423
6424
6432
6436
6444
6445
6446
6447
6449
6450
6451
6452
6456
6457
6463
6464
6465
6466
6467
6468
6469
6470
6471
6472
6473
6474
6475
6476
6478
6480
6482
6483
6484
6485
6486
6487
6488
6489
6490
6492
6493
6495
6497
6498
6499
6500
6502
6503
6504
6505
6506
6509
6510
6511
6512
6513
6516
6517
6518
6519
6520
6521
6527
6528
6529
6530
6531
6532
6534
6536
6539
6541
6543
6544
6545
6546
6548
6549
6551
6552
6553
6554
6555
6556
6557
6558
6559
6560
6561
6562
6563
6566
6567
6568
6569
6570
6572
6573
6574
6578
6581
6582
6586
6588
6592
6598
6599
6603
6617
6620
6621
6624
6626
6628
6647
6649
6651
6661
6663
6664
6665
6668
6672
6682
6683
6684
6685
6686
6687
6688
6690
6691
6692
6693
6694
6695
6697
6699
6700
6703
6704
6705
6716
6718
6720
6723
6727
6729
6736
6741
6762
6769
6770
6783
6786
6787
6789
6790
6791
6792
6793
6794
6795
6796
6797
6798
6799
6800
6809
6817
6824
6833
6834
6835
6836
6837
6838
6839
6841
6842
6845
6846
6847
6848
6849
6850
6854
6855
6856
6857
6859
6864
6866
6872
6878
6879
6880
6881
6882
6883
6884
6885
6886
6887
6888
6890
6891
6892
6893
6894
6899
6904
6906
6909
6910
6915
6916
6917
6920
6921
6926
6934
6937
6948
6950
6951
6952
6953
6954
6955
6956
6957
6958
6961
6962
6963
6964
6965
6966
6967
6968
6969
6970
6972
6973
6974
6975
6976
6978
6979
6980
6984
6985
6989
6990
6991
6992
6993
6994
6995
6996
6997
6998
6999
7000
7002
7003
7005
7006
7007
7008
7013
7016
7018
7019
7044
7069
7071
7072
7082
7083
7084
7085
7086
7087
7088
7089
7090
7091
7093
7094
7095
7096
7097
7098
7100
7101
7102
7103
7104
7105
7106
7107
7109
7110
7112
7113
7114
7115
7116
7117
7118
7119
7120
7121
7122
7123
7124
7125
7126
7127
7128
7129
7130
7132
7133
7135
7136
7137
7138
7139
7141
7142
7144
7145
7146
7147
7148
7151
7153
7154
7155
7156
7157
7158
7160
7162
7163
7164
7168
7169
7170
7171
7173
7174
7175
7176
7178
7179
7180
7182
7183
7184
7188
7189
7190
7191
7192
7193
7194
7195
7196
7197
7198
7199
7200
7201
7202
7203
7204
7205
7206
7207
7208
7209
7210
7211
7212
7213
7214
7215
7216
7217
7218
7219
7220
7221
7222
7223
7224
7225
7226
7228
7229
7230
7231
7232
7234
7235
7236
7237
7238
7240
7241
7242
7243
7244
7245
7247
7248
7249
7250
7252
7253
7255
7256
7257
7259
7260
7261
7262
7263
7264
7270
7275
7276
7277
7280
7281
7282
7284
7286
7287
7290
7291
7292
7293
7294
7295
7296
7297
7298
7299
7300
7301
7302
7303
7304
7305
7306
7307
7308
7309
7310
7311
7313
7314
7315
7316
7317
7318
7319
7320
7321
7322
7323
7324
7325
7326
7327
7328
7329
7330
7331
7332
7333
7334
7335
7336
7337
7338
7339
7340
7341
7343
7356
7366
7377
7389
7391
7406
7411
7412
7413
7414
7415
7416
7417
7418
7419
7423
7424
7436
7439
7456
7457
7460
7468
7469
7470
7471
7473
7474
7475
7476
7477
7478
7479
7480
7481
7482
7483
7486
7487
7488
7489
7490
7492
7495
7496
7505
7510
7514
7515
7516
7518
7520
7521
7522
7523
7536
7544
7546
7548
7549
7550
7551
7552
7553
7554
7555
7556
7557
7559
7561
7563
7564
7565
7566
7567
7569
7570
7572
7574
7575
7577
7580
7581
7582
7583
7584
7585
7586
7589
7590
7591
7592
7594
7595
7597
7599
7600
7603
7605
7606
7609
7615
7616
7617
7618
7619
7620
7621
7622
7623
7624
7625
7626
7627
7628
7629
7637
7651
7652
7665
7668
7677
7695
7702
7703
7709
7712
7722
7727
7731
7732
7736
7737
7739
7744
7749
7750
7751
7752
7753
7754
7755
7756
7757
7758
7759
7760
7761
7762
7763
7764
7765
7766
7767
7768
7769
7771
7772
7773
7774
7775
7776
7777
7778
7779
7780
7781
7783
7784
7785
7786
7787
7788
7789
7790
7791
7792
7793
7794
7795
7796
7797
7798
7799
7800
7801
7802
7803
7804
7805
7806
7807
7808
7809
7812
7813
7815
7816
7817
7818
7819
7821
7822
7823
7824
7825
7826
7827
7829
7834
7836
7838
7841
7863
7873
7876
7877
7883
7885
7886
7887
7893
7894
7895
7896
7899
7900
7901
7904
7905
7906
7907
7908
7909
7910
7911
7912
7915
7916
7920
7921
7922
7923
7924
7927
7928
7929
7932
7933
7934
7935
7936
7937
7938
7939
7940
7941
7944
7947
7950
7951
7952
7953
7954
7955
7956
7957
7958
7960
7961
7962
7963
7964
7966
7967
7968
7969
7974
7978
7979
7982
7983
7986
7989
7996
7999
8001
8002
8005
8007
8012
8017
8021
8022
8023
8025
8028
8036
8037
8038
8039
8040
8041
8042
8043
8044
8046
8047
8048
8050
8051
8052
8054
8055
8056
8057
8058
8059
8061
8062
8065
8066
8067
8069
8070
8073
8074
8081
8083
8087
8093
8098
8099
8100
8107
8109
8110
8112
8125
8126
8127
8132
8137
8138
8140
8141
8143
8144
8152
8156
8158
8159
8161
8163
8165
8166
8170
8186
8190
8194
8195
8196
8197
8202
8203
8204
8205
8206
8210
8220
8221
8222
8223
8224
8225
8226
8227
8228
8229
8230
8231
8232
8233
8234
8235
8239
8240
8241
8242
8243
8244
8245
8246
8248
8249
8250
8252
8253
8254
8255
8256
8257
8258
8259
8260
8261
8262
8263
8264
8265
8266
8267
8268
8269
8271
8272
8273
8274
8275
8276
8277
8278
8279
8280
8282
8284
8285
8286
8287
8288
8289
8291
8295
8296
8297
8300
8305
8306
8307
8308
8309
8324
8326
8332
8334
8335
8336
8337
8338
8339
8343
8348
8349
8350
8351
8352
8353
8356
8357
8358
8359
8360
8361
8362
8366
8371
8372
8373
8377
8385
8387
8389
8395
8398
8399
8401
8415
8419
8420
8426
8427
8431
8442
8448
8449
8471
8487
8488
8489
8491
8492
8493
8494
8495
8496
8497
8498
8499
8500
8501
8502
8503
8504
8505
8506
8507
8508
8510
8511
8512
8513
8514
8515
8517
8518
8519
8520
8521
8522
8523
8524
8546
8547
8550
8554
8564
8565
8567
8568
8569
8576
8577
8578
8579
8580
8581
8582
8585
8599
8605
8607
8608
8609
8610
8611
8612
8613
8614
8615
8616
8617
8619
8620
8621
8622
8623
8624
8625
8626
8628
8629
8630
8631
8632
8633
8634
8635
8636
8637
8638
8640
8641
8642
8643
8644
8645
8646
8647
8648
8649
8650
8652
8653
8654
8655
8656
8657
8658
8660
8661
8662
8664
8666
8675
8678
8682
8685
8696
8700
8709
8712
8713
8723
8732
8736
8741
8744
8745
8747
8749
8755
8761
8771
8805
8806
8807
8811
8814
8815
8816
8817
8818
8819
8820
8821
8822
8823
8824
8827
8828
8829
8830
8831
8832
8833
8834
8835
8836
8838
8839
8840
8841
8842
8843
8844
8845
8846
8847
8848
8849
8850
8851
8852
8853
8854
8855
8856
8857
8858
8859
8860
8861
8862
8863
8864
8865
8866
8867
8871
8872
8873
8874
8875
8876
8877
8878
8879
8880
8881
8882
8884
8897
8900
8901
8903
8908
8909
8912
8913
8914
8915
8916
8917
8918
8920
8922
8923
8924
8925
8926
8927
8929
8930
8931
8932
8933
8934
8935
8936
8938
8939
8940
8941
8942
8943
8944
8945
8946
8948
8949
8951
8952
8953
8954
8955
8956
8957
8958
8959
8960
8961
8962
8964
8966
8967
8968
8969
8970
8971
8972
8973
8977
8979
8980
8981
8985
8988
8992
8993
8994
8995
8997
8998
8999
9000
9001
9002
9003
9004
9014
9020
9022
9024
9026
9027
9028
9030
9037
9052
9056
9068
9072
9077
9079
9084
9098
9100
9102
9106
9111
9112
9119
9120
9122
9126
9131
9144
9153
9157
9162
9163
9164
9165
9166
9167
9168
9169
9170
9172
9174
9175
9176
9177
9179
9180
9181
9182
9183
9184
9186
9187
9190
9191
9192
9193
9195
9196
9197
9202
9203
9204
9205
9206
9207
9208
9209
9210
9211
9212
9213
9214
9215
9216
9217
9218
9219
9221
9223
9225
9229
9234
9238
9239
9240
9241
9243
9244
9245
9246
9247
9248
9249
9250
9251
9252
9253
9254
9255
9258
9260
9261
9262
9263
9264
9267
9274
9276
9277
9278
9279
9280
9281
9282
9283
9284
9285
9287
9288
9289
9290
9291
9292
9294
9301
9305
9306
9307
9308
9309
9312
9313
9314
9317
9318
9319
9320
9321
9322
9323
9324
9326
9327
9329
9330
9331
9333
9334
9335
9341
9342
9352
9358
9360
9363
9367
9368
9369
9372
9374
9382
9391
9392
9394
9396
9398
9401
9415
9432
9436
9448
9449
9450
9451
9452
9453
9459
9462
9463
9467
9468
9469
9470
9471
9472
9473
9474
9475
9476
9477
9478
9479
9480
9481
9482
9483
9484
9485
9486
9487
9488
9489
9490
9491
9493
9494
9495
9496
9497
9498
9500
9501
9502
9503
9504
9505
9506
9507
9508
9509
9510
9511
9512
9513
9514
9515
9516
9517
9518
9519
9520
9521
9522
9523
9524
9525
9527
9528
9529
9530
9531
9540
9544
9545
9546
9547
9548
9549
9550
9551
9552
9553
9554
9555
9556
9557
9558
9559
9560
9561
9562
9563
9565
9566
9568
9571
9572
9573
9580
9585
9593
9603
9611
9614
9616
9624
9625
9629
9635
9648
9649
9650
9651
9652
9653
9654
9655
9657
9658
9659
9660
9661
9662
9663
9664
9665
9666
9667
9668
9669
9670
9671
9672
9673
9675
9676
9678
9680
9681
9682
9683
9684
9685
9686
9687
9688
9689
9690
9691
9692
9693
9694
9695
9696
9697
9698
9699
9700
9701
9702
9703
9704
9705
9706
9707
9709
9710
9711
9712
9713
9714
9715
9716
9717
9718
9719
9721
9723
9724
9725
9726
9727
9728
9729
9730
9731
9732
9733
9734
9735
9736
9737
9738
9739
9740
9741
9742
9743
9744
9745
9746
9747
9748
9749
9750
9751
9752
9753
9754
9755
9756
9757
9758
9759
9760
9761
9762
9764
9765
9766
9767
9768
9769
9774
9775
9776
9777
9778
9780
9782
9783
9784
9785
9795
9797
9806
9811
9814
9821
9827
9839
9843
9844
9851
9852
9853
9855
9856
9857
9858
9859
9860
9861
9862
9863
9864
9865
9866
9867
9868
9869
9870
9872
9885
9886
9893
9894
9895
9896
9897
9898
9899
9900
9901
9902
9903
9904
9905
9906
9907
9908
9909
9910
9912
9914
9915
9916
9917
9918
9919
9920
9921
9922
9923
9924
9925
9927
9928
9929
9930
9931
9932
9933
9934
9935
9936
9937
9938
9939
9940
9941
9942
9943
9944
9945
9946
9947
9948
9949
9950
9951
9952
9953
9955
9956
9958
9961
9965
9974
9976
9979
9988
9990
9992
9999
10005
10018
10019
10020
10024
10025
10026
10027
10034
10036
10040
10041
10042
10044
10047
10048
10049
10050
10051
10052
10053
10054
10057
10058
10059
10060
10061
10062
10063
10065
10066
10067
10068
10069
10070
10071
10072
10073
10075
10076
10078
10079
10080
10081
10082
10083
10084
10085
10086
10087
10088
10089
10090
10091
10092
10093
10094
10095
10096
10097
10098
10099
10100
10101
10102
10103
10104
10105
10106
10107
10108
10109
10110
10111
10112
10115
10116
10117
10119
10120
10121
10122
10123
10124
10125
10126
10128
10129
10130
10135
10138
10145
10147
10149
10150
10151
10152
10153
10154
10155
10156
10157
10158
10162
10163
10164
10165
10166
10167
10168
10169
10170
10171
10172
10173
10174
10175
10177
10178
10179
10180
10181
10182
10183
10184
10185
10186
10187
10188
10189
10190
10191
10192
10193
10194
10195
10196
10197
10198
10199
10200
10201
10202
10203
10204
10205
10206
10207
10208
10209
10210
10211
10212
10213
10214
10215
10216
10217
10218
10219
10220
10221
10222
10223
10224
10225
10226
10227
10228
10229
10230
10231
10232
10233
10234
10235
10236
10237
10238
10239
10240
10241
10242
10243
10244
10245
10247
10248
10249
10250
10251
10252
10253
10254
10255
10256
10257
10258
10259
10260
10261
10262
10263
10264
10265
10266
10267
10268
10270
10272
10273
10274
10277
10278
10281
10282
10283
10284
10285
10286
10287
10288
10289
10290
10291
10292
10293
10294
10295
10296
10297
10298
10299
10300
10302
10303
10304
10305
10308
10309
10311
10312
10313
10314
10315
10316
10317
10318
10319
10320
10321
10322
10323
10324
10325
10326
10327
10330
10332
10335
10336
10337
10340
10345
10346
10347
10348
10349
10350
10351
10352
10353
10354
10355
10356
10357
10358
10359
10360
10361
10362
10363
10364
10365
10366
10374
10375
10392
10393
10394
10397
10398
10399
10400
10401
10402
10403
10404
10405
10407
10408
10409
10410
10411
10412
10413
10415
10416
10417
10418
10420
10421
10422
10423
10424
10425
10426
10427
10429
10430
10431
10432
10433
10434
10435
10436
10437
10438
10439
10440
10441
10442
10443
10444
10445
10446
10447
10448
10449
10450
10451
10452
10453
10454
10455
10456
10458
10461
10463
10471
10485
10488
10493
10498
10503
10504
10507
10508
10510
10511
10513
10520
10521
10523
10524
10525
10526
10528
10529
10531
10532
10533
10534
10535
10536
10537
10543
10544
10545
10546
10547
10548
10549
10550
10553
10554
10555
10556
10557
10558
10559
10560
10562
10563
10564
10565
10566
10567
10568
10569
10573
10576
10583
10586
10587
10588
10589
10590
10591
10592
10593
10594
10595
10596
10597
10598
10599
10600
10601
10604
10605
10611
10623
10627
10629
10631
10638
10655
10659
10660
10661
10662
10663
10664
10665
10666
10667
10668
10670
10671
10674
10677
10680
10681
10682
10683
10694
10698
10699
10700
10701
10703
10704
10705
10706
10707
10708
10709
10711
10716
10717
10723
10725
10735
10738
10745
10746
10748
10749
10750
10753
10754
10755
10756
10758
10759
10762
10763
10767
10769
10770
10771
10774
10775
10776
10777
10778
10779
10780
10781
10782
10783
10784
10785
10787
10788
10789
10790
10792
10793
10794
10795
10797
10799
10800
10801
10802
10803
10808
10813
10816
10822
10823
10825
10826
10827
10828
10829
10830
10831
10833
10834
10835
10836
10837
10839
10840
10841
10842
10843
10868
10875
10876
10880
10892
10899
10901
10913
10922
10923
10924
10925
10926
10927
10928
10929
10930
10931
10932
10933
10934
10935
10936
10937
10938
10940
10941
10942
10943
10944
10947
10949
10951
10952
10953
10956
10957
10958
10959
10966
10976
10977
10978
10986
10987
10988
10989
10990
10991
10992
10993
10994
10995
10996
10997
10998
10999
11000
11001
11002
11003
11004
11005
11006
11007
11008
11009
11010
11012
11013
11017
11018
11019
11021
11023
11024
11025
11026
11027
11028
11029
11030
11031
11033
11034
11035
11036
11037
11038
11040
11041
11042
11043
11044
11063
11064
11065
11066
11067
11068
11069
11070
11071
11072
11073
11074
11075
11076
11077
11079
11080
11082
11083
11084
11085
11086
11087
11088
11089
11090
11094
11095
11111
11112
11113
11114
11115
11116
11117
11118
11119
11120
11121
11122
11123
11124
11125
11127
11130
11131
11132
11137
11138
11139
11140
11141
11142
11143
11145
11146
11147
11148
11149
11150
11151
11152
11153
11154
11155
11156
11157
11158
11159
11160
11161
11162
11163
11164
11165
11166
11167
11168
11169
11171
11172
11173
11175
11178
11179
11180
11181
11182
11183
11184
11185
11186
11187
11189
11190
11191
11192
11193
11195
11201
11215
11218
11223
11226
11230
11231
11232
11233
11234
11235
11236
11237
11238
11239
11241
11242
11243
11244
11245
11250
11251
11252
11253
11254
11255
11256
11257
11258
11259
11260
11261
11262
11263
11264
11265
11266
11267
11268
11269
11270
11271
11272
11273
11274
11275
11276
11277
11278
11279
11280
11281
11282
11283
11284
11285
11286
11287
11288
11289
11290
11291
11292
11293
11294
11295
11296
11297
11298
11299
11300
11301
11302
11306
11307
11308
11316
11319
11321
11322
11323
11324
11326
11327
11328
11329
11330
11331
11332
11333
11334
11335
11336
11337
11338
11339
11340
11343
11345
11360
11365
11376
11378
11385
11391
11393
11408
11409
11410
11412
11413
11414
11415
11417
11418
11419
11423
11424
11425
11426
11427
11428
11429
11430
11431
11432
11433
11434
11435
11436
11437
11438
11439
11440
11441
11442
11443
11444
11445
11446
11447
11448
11449
11451
11452
11453
11454
11455
11456
11457
11459
11460
11461
11462
11463
11464
11466
11467
11475
11483
11488
11493
11494
11498
11503
11512
11513
11516
11519
11520
11521
11522
11523
11528
11529
11530
11531
11532
11535
11536
11537
11538
11539
11540
11541
11544
11545
11548
11549
11550
11551
11552
11554
11555
11556
11557
11558
11564
11571
11575
11580
11582
11589
11590
11596
11597
11599
11603
11604
11612
11614
11616
11618
11619
11620
11621
11622
11626
11627
11632
11633
11634
11635
11636
11637
11638
11639
11640
11641
11642
11643
11644
11661
11670
11672
11674
11677
11678
11679
11680
11681
11682
11683
11684
11685
11686
11687
11688
11689
11690
11691
11692
11693
11708
11710
11711
11712
11713
11714
11715
11717
11718
11719
11720
11721
11722
11723
11724
11725
11726
11727
11728
11729
11730
11731
11732
11734
11735
11736
11737
11738
11739
11740
11741
11742
11743
11745
11746
11747
11748
11749
11750
11751
11752
11753
11754
11755
11756
11757
11758
11760
11761
11762
11763
11764
11765
11772
11773
11774
11775
11776
11778
11780
11781
11790
11794
11804
11805
11827
11829
11830
11831
11832
11833
11834
11835
11836
11837
11838
11839
11840
11841
11842
11844
11845
11846
11847
11848
11849
11850
11851
11853
11854
11855
11856
11857
11858
11859
11860
11861
11862
11863
11864
11865
11866
11867
11868
11869
11870
11871
11872
11873
11874
11875
11876
11877
11878
11879
11882
11883
11885
11886
11887
11888
11889
11890
11891
11894
11899
11900
11901
11902
11903
11904
11905
11906
11907
11909
11910
11912
11913
11914
11915
11916
11918
11927
11931
11932
11933
11936
11937
11938
11939
11955
11959
11961
11965
11968
11978
11985
11989
11995
11997
12007
12012
12013
12014
12018
12019
12030
12031
12032
12033
12034
12035
12036
12037
12038
12039
12040
12041
12042
12043
12044
12045
12046
12048
12050
12051
12071
12075
12077
12078
12079
12082
12083
12084
12085
12095
12096
12097
12101
12104
12122
12125
12129
12144
12145
12147
12152
12153
12154
12155
12156
12157
12158
12159
12160
12170
12179
12180
12181
12182
12183
12184
12185
12186
12187
12188
12189
12190
12191
12194
12198
12199
12200
12204
12205
12211
12218
12219
12225
12226
12227
12239
12241
12261
12262
12263
12264
12265
12266
12268
12269
12270
12271
12272
12273
12274
12275
12276
12277
12278
12279
12280
12281
12282
12283
12284
12285
12286
12287
12288
12289
12290
12291
12292
12293
12294
12295
12296
12297
12298
12299
12300
12301
12302
12303
12304
12305
12306
12307
12308
12309
12310
12313
12315
12316
12317
12318
12319
12322
12323
12324
12325
12326
12327
12329
12330
12331
12332
12333
12334
12335
12336
12337
12338
12339
12340
12341
12342
12343
12344
12345
12346
12347
12348
12349
12350
12353
12354
12355
12357
12358
12366
12367
12380
12382
12383
12384
12388
12390
12391
12392
12393
12396
12397
12399
12400
12401
12402
12403
12404
12405
12406
12407
12408
12409
12410
12411
12412
12413
12414
12435
12436
12437
12439
12440
12441
12442
12446
12447
12448
12449
12450
12451
12452
12453
12456
12459
12460
12461
12466
12467
12468
12469
12470
12472
12473
12477
12478
12480
12481
12482
12483
12484
12485
12486
12489
12490
12491
12492
12493
12495
12496
12497
12498
12499
12500
12501
12502
12503
12504
12506
12507
12508
12509
12511
12512
12513
12514
12515
12516
12517
12518
12519
12520
12521
12522
12523
12524
12525
12526
12527
12528
12529
12530
12531
12532
12533
12535
12536
12537
12539
12540
12548
12551
12552
12553
12554
12555
12556
12557
12558
12559
12560
12561
12562
12563
12564
12565
12566
12567
12568
12569
12570
12571
12572
12573
12574
12575
12576
12577
12587
12588
12600
12606
12608
12613
12614
12615
12618
12619
12620
12621
12622
12623
12624
12625
12626
12627
12628
12629
12630
12631
12632
12634
12635
12636
12637
12638
12639
12640
12645
12650
12663
12667
12698
12699
12700
12701
12702
12703
12704
12705
12706
12707
12708
12709
12710
12711
12712
12714
12715
12749
12750
12751
12752
12754
12755
12756
12757
12758
12759
12760
12761
12762
12772
12774
12812
12813
12814
12815
12816
12817
12819
12820
12821
12822
12823
12825
12834
12835
12836
12837
12838
12839
12840
12841
12842
12843
12845
12846
12847
12848
12849
12850
12851
12852
12853
12854
12857
12858
12859
12864
12865
12866
12867
12868
12869
12870
12871
12874
12875
12876
12877
12878
12879
12880
12882
12883
12884
12886
12887
12888
12889
12890
12891
12892
12893
12894
12895
12896
12897
12898
12899
12900
12901
12902
12903
12904
12905
12906
12907
12908
12910
12911
12912
12914
12915
12916
12917
12918
12919
12920
12921
12922
12923
12924
12926
12927
12929
12931
12932
12933
12938
12939
12941
12943
12944
12945
12947
12948
12949
12950
12952
12956
12957
12959
12962
12963
12964
12965
12966
12967
12968
12970
12971
12972
12973
12974
12975
12976
12977
12978
12979
12980
12982
12983
12984
12985
12986
12987
12988
12989
12990
12991
12992
12993
12995
12996
12997
12998
12999
13000
13001
13002
13003
13004
13005
13008
13009
13010
13011
13012
13015
13021
13022
13023
13024
13025
13026
13028
13044
13054
13055
13056
13057
13059
13060
13061
13064
13069
13070
13071
13077
13078
13079
13080
13081
13082
13085
13088
13089
13098
13099
13124
13141
13145
13165
13166
13167
13168
13169
13170
13171
13172
13173
13174
13175
13178
13179
13180
13182
13183
13184
13185
13186
13187
13188
13189
13190
13191
13192
13193
13194
13195
13196
13197
13200
13201
13202
13203
13205
13206
13207
13208
13209
13210
13211
13218
13227
13243
13246
13247
13248
13250
13256
13258
13259
13260
13261
13263
13265
13266
13270
13274
13275
13276
13278
13286
13287
13297
13298
13300
13301
13302
13303
13305
13308
13315
13317
13321
13322
13323
13324
13326
13327
13330
13331
13332
13333
13334
13335
13336
13337
13338
13339
13340
13341
13342
13343
13345
13348
13349
13357
13359
13371
13386
13387
13389
13394
13396
13397
13399
13400
13406
13412
13425
13441
13442
13447
13448
13449
13451
13454
13455
13456
13457
13458
13459
13460
13461
13462
13465
13467
13468
13469
13470
13471
13472
13473
13474
13475
13476
13477
13478
13479
13480
13481
13482
13483
13484
13485
13486
13487
13488
13489
13490
13491
13492
13493
13494
13495
13496
13497
13498
13499
13500
13501
13502
13503
13504
13505
13506
13510
13511
13512
13513
13514
13515
13516
13517
13518
13519
13520
13521
13522
13523
13525
13526
13528
13529
13530
13531
13532
13533
13534
13535
13536
13537
13539
13540
13541
13542
13543
13544
13545
13546
13547
13548
13549
13550
13551
13552
13553
13554
13555
13556
13557
13558
13559
13560
13561
13562
13563
13564
13565
13566
13567
13568
13569
13570
13571
13572
13573
13574
13575
13576
13577
13579
13580
13582
13589
13590
13591
13595
13596
13597
13598
13599
13600
13601
13602
13603
13604
13605
13606
13607
13608
13609
13610
13611
13612
13613
13614
13615
13616
13617
13618
13619
13620
13621
13622
13623
13624
13625
13626
13627
13628
13629
13630
13631
13632
13633
13634
13635
13636
13637
13638
13639
13640
13641
13642
13643
13645
13646
13648
13649
13650
13654
13656
13657
13658
13659
13660
13661
13662
13663
13664
13665
13666
13667
13668
13669
13671
13672
13673
13674
13675
13676
13677
13678
13679
13681
13682
13683
13685
13686
13687
13688
13691
13692
13693
13694
13695
13696
13697
13698
13699
13700
13701
13702
13703
13704
13705
13706
13707
13708
13709
13710
13711
13712
13713
13714
13715
13716
13717
13718
13719
13720
13721
13722
13723
13724
13725
13726
13727
13728
13729
13730
13731
13732
13733
13734
13735
13736
13738
13739
13740
13741
13742
13743
13744
13745
13746
13747
13748
13749
13750
13752
13753
13754
13755
13757
13758
13759
13766
13767
13772
13773
13775
13776
13777
13778
13799
13839
13845
13847
13848
13849
13850
13851
13852
13853
13854
13855
13856
13857
13858
13859
13863
13864
13865
13866
13867
13868
13869
13870
13871
13872
13873
13876
13879
13880
13882
13883
13884
13885
13886
13887
13888
13889
13893
13894
13895
13896
13897
13898
13899
13904
13914
13915
13916
13917
13918
13919
13920
13922
13923
13924
13926
13936
13937
13939
13940
13941
13942
13943
13944
13945
13946
13947
13948
13949
13950
13951
13952
13953
13955
13956
13957
13958
13959
13960
13961
13962
13963
13964
13965
13966
13968
13970
13972
13973
13974
13975
13976
13977
13978
13979
13980
13981
13982
13983
13984
13987
13988
13989
13990
13991
13992
13993
13994
13995
13996
13997
14000
14002
14003
14005
14006
14007
14008
14020
14022
14024
14025
14026
14027
14028
14036
14037
14041
14042
14043
14044
14045
14046
14060
14061
14062
14063
14064
14065
14066
14067
14068
14069
14070
14073
14074
14075
14078
14081
14082
14083
14084
14085
14086
14087
14088
14089
14090
14092
14093
14094
14095
14096
14097
14098
14099
14105
14106
14108
14127
14128
14129
14132
14133
14134
14135
14141
14144
14145
14146
14147
14148
14149
14154
14155
14156
14157
14158
14159
14160
14161
14162
14163
14164
14166
14167
14168
14169
14170
14171
14172
14173
14174
14175
14176
14177
14178
14179
14180
14181
14190
14191
14192
14193
14194
14196
14197
14198
14199
14203
14210
14211
14213
14223
14224
14225
14226
14228
14229
14232
14233
14234
14235
14236
14237
14238
14239
14240
14241
14242
14243
14244
14245
14246
14247
14248
14249
14250
14251
14252
14253
14264
14265
14266
14267
14269
14270
14271
14274
14275
14277
14278
14280
14289
14293
14295
14296
14298
14299
14301
14302
14303
14304
14305
14306
14307
14308
14309
14310
14311
14312
14313
14314
14315
14316
14317
14318
14319
14320
14321
14322
14323
14324
14325
14326
14327
14328
14329
14330
14331
14332
14333
14334
14337
14338
14339
14340
14341
14342
14343
14345
14346
14347
14348
14349
14350
14351
14352
14353
14354
14355
14356
14357
14358
14361
14362
14375
14385
14402
14403
14405
14406
14407
14408
14409
14410
14411
14412
14414
14415
14416
14417
14418
14419
14420
14421
14422
14423
14425
14427
14436
14441
14472
14473
14475
14476
14477
14481
14483
14484
14485
14486
14488
14489
14490
14491
14492
14493
14494
14495
14496
14497
14498
14499
14500
14501
14502
14503
14504
14505
14506
14507
14508
14509
14510
14511
14512
14513
14514
14516
14563
14564
14565
14569
14570
14571
14572
14573
14574
14575
14576
14577
14578
14579
14581
14582
14584
14585
14586
14588
14589
14590
14591
14592
14597
14598
14599
14600
14602
14604
14605
14606
14607
14608
14609
14611
14612
14613
14614
14615
14616
14617
14618
14619
14620
14621
14622
14623
14624
14625
14626
14627
14635
14636
14637
14638
14700
14701
14717
14719
14720
14721
14722
14723
14724
14726
14727
14728
14729
14730
14731
14732
14733
14736
14737
14739
14740
14742
14744
14745
14746
14747
14748
14749
14750
14751
14752
14758
14759
14760
14765
14766
14799
14800
14801
14802
14804
14805
14806
14807
14808
14809
14810
14811
14812
14813
14814
14815
14817
14818
14819
14820
14821
14822
14823
14824
14825
14826
14827
14828
14829
14832
14833
14834
14835
14837
14838
14839
14840
14841
14842
14843
14849
14850
14851
14852
14853
14856
14857
14859
14860
14861
14862
14864
14865
14866
14867
14868
14870
14871
14872
14873
14874
14875
14876
14877
14878
14879
14880
14881
14882
14883
14884
14885
14886
14887
14888
14889
14890
14893
14894
14895
14896
14897
14898
14900
14909
14914
14915
14916
14917
14918
14920
14921
14925
14929
14937
14938
14939
14942
14943
14944
14945
14946
14947
14948
14949
14950
14951
14952
14953
14954
14955
14956
14957
14958
14959
14960
14961
14962
14963
14964
14965
14966
14967
14968
14969
14971
14973
14974
14975
14976
14977
14979
14982
14983
14984
14985
14986
14987
14988
15008
15051
15054
15055
15056
15071
15072
15073
15074
15075
15076
15077
15078
15079
15080
15081
15082
15083
15084
15085
15086
15091
15092
15093
15094
15095
15096
15098
15099
15100
15102
15105
15119
15140
15145
15153
15154
15164
15165
15166
15167
15168
15175
15196
15201
15202
15203
15204
15209
15210
15212
15213
15214
15217
15218
15220
15221
15222
15223
15224
15244
15247
15248
15250
15251
15252
15253
15254
15256
15257
15258
15259
15260
15261
15262
15263
15264
15265
15266
15268
15269
15270
15271
15272
15273
15274
15275
15276
15277
15278
15280
15281
15282
15283
15284
15286
15287
15288
15289
15290
15291
15292
15293
15295
15296
15297
15298
15299
15300
15302
15303
15304
15305
15306
15307
15308
15309
15310
15311
15313
15314
15315
15316
15317
15318
15319
15321
15322
15323
15324
15329
15330
15331
15332
15333
15334
15335
15336
15338
15340
15341
15342
15343
15344
15345
15348
15352
15353
15354
15357
15358
15359
15360
15362
15382
15389
15395
15396
15399
15402
15405
15406
15407
15408
15409
15410
15438
15440
15447
15449
15450
15455
15456
15457
15459
15462
15463
15464
15465
15466
15467
15468
15473
15474
15477
15478
15479
15480
15483
15488
15526
15527
15528
15529
15532
15541
15542
15559
15561
15562
15571
15572
15573
15574
15578
15579
15580
15582
15584
15585
15586
15587
15588
15589
15590
15591
15592
15593
15594
15595
15596
15597
15598
15599
15600
15601
15602
15603
15604
15605
15606
15607
15608
15609
15612
15613
15614
15615
15617
15618
15619
15620
15621
15623
15638
15656
15679
15682
15683
15685
15686
15687
15688
15689
15690
15691
15692
15694
15695
15696
15706
15709
15711
15722
15723
15726
15727
15728
15729
15730
15731
15732
15733
15741
15765
15766
15767
15768
15769
15770
15772
15773
15774
15775
15776
15778
15786
15788
15789
15790
15792
15793
15794
15795
15796
15797
15799
15800
15802
15804
15807
15808
15809
15810
15811
15814
15815
15816
15818
15819
15822
15834
15841
15846
15847
15848
15849
15850
15851
15853
15855
15856
15857
15858
15859
15860
15861
15879
15881
15882
15883
15884
15885
15893
15906
15907
15908
15909
15910
15911
15912
15913
15914
15915
15918
15919
15934
15935
15936
15937
15938
15939
15940
15941
15942
15951
15952
15953
15960
15964
15966
15967
15968
15969
15977
15979
15980
15981
15982
15984
15989
15993
15994
15995
15996
15997
16003
16004
16005
16007
16010
16011
16019
16020
16023
16024
16025
16057
16058
16061
16063
16064
16066
16074
16098
16099
16102
16103
16104
16106
16107
16108
16111
16112
16115
16117
16118
16127
16128
16130
16132
16133
16135
16136
16137
16138
16139
16140
16142
16146
16148
16150
16151
16153
16154
16155
16156
16157
16158
16159
16161
16165
16166
16167
16168
16169
16170
16171
16172
16173
16174
16175
16176
16177
16178
16179
16180
16182
16185
16186
16187
16189
16206
16208
16209
16210
16211
16212
16213
16214
16215
16216
16217
16218
16219
16220
16221
16222
16223
16224
16225
16226
16227
16228
16229
16230
16231
16232
16233
16234
16235
16236
16237
16238
16239
16240
16241
16243
16244
16245
16247
16248
16277
16278
16279
16280
16281
16282
16286
16287
16288
16289
16290
16312
16313
16317
16318
16319
16320
16321
16322
16323
16324
16325
16326
16327
16328
16329
16331
16332
16333
16334
16336
16337
16338
16339
16340
16341
16343
16344
16345
16346
16347
16348
16349
16350
16351
16352
16353
16354
16355
16356
16357
16358
16359
16360
16361
16362
16363
16364
16365
16366
16367
16368
16369
16370
16371
16372
16373
16374
16376
16377
16382
16383
16384
16385
16386
16387
16388
16389
16391
16392
16393
16394
16395
16396
16397
16398
16399
16400
16401
16402
16403
16404
16405
16406
16407
16408
16409
16410
16411
16412
16413
16414
16415
16416
16421
16422
16423
16426
16430
16432
16433
16438
16439
16440
16443
16444
16447
16448
16450
16451
16452
16453
16454
16455
16456
16457
16458
16461
16462
16463
16471
16472
16473
16475
16476
16477
16478
16479
16480
16481
16484
16486
16487
16518
16519
16520
16523
16528
16529
16530
16531
16532
16533
16535
16536
16553
16560
16565
16566
16567
16570
16571
16574
16577
16583
16584
16585
16586
16587
16597
16598
16605
16606
16608
16612
16613
16614
16615
16616
16617
16618
16619
16620
16621
16622
16623
16624
16626
16627
16628
16629
16630
16631
16632
16634
16635
16636
16659
16660
16662
16664
16665
16713
16714
16715
16724
16725
16727
16728
16729
16730
16731
16732
16735
16736
16737
16738
16742
16755
16758
16760
16764
16765
16766
16770
16771
16772
16773
16776
16777
16786
16788
16789
16794
16798
16805
16806
16807
16808
16809
16811
16818
16819
16820
16823
16824
16828
16829
16830
16831
16832
16833
16834
16835
16836
16866
16869
16870
16871
16872
16873
16878
16879
16880
16881
16882
16885
16886
16887
16890
16891
16892
16893
16894
16899
16900
16901
16902
16914
16922
16923
16925
16926
16927
16928
16931
16949
16950
16951
16955
16968
16969
16974
16979
16983
16984
16985
16986
16987
16988
16989
16990
16991
16992
16993
16994
16995
16996
16997
16998
16999
17000
17001
17002
17004
17005
17006
17007
17009
17010
17011
17012
17014
17016
17017
17018
17019
17020
17022
17023
17024
17025
17027
17028
17029
17030
17040
17041
17042
17043
17044
17045
17048
17049
17050
17051
17052
17053
17054
17055
17056
17057
17058
17059
17060
17061
17062
17063
17064
17065
17066
17067
17068
17069
17070
17071
17072
17073
17074
17075
17076
17077
17078
17079
17080
17081
17082
17083
17084
17085
17086
17087
17088
17089
17090
17091
17092
17093
17094
17095
17096
17097
17098
17099
17100
17101
17102
17103
17104
17105
17106
17107
17109
17112
17117
17118
17119
17120
17121
17165
17167
17168
17169
17170
17171
17172
17176
17177
17178
17179
17180
17181
17183
17184
17185
17186
17187
17188
17189
17190
17191
17192
17193
17194
17195
17196
17197
17198
17199
17200
17201
17202
17203
17204
17205
17206
17207
17208
17209
17210
17211
17212
17213
17214
17220
17224
17225
17226
17243
17245
17248
17249
17250
17251
17253
17254
17263
17265
17277
17278
17287
17288
17289
17290
17291
17294
17305
17307
17336
17364
17365
17366
17368
17394
17395
17396
17397
17400
17401
17402
17403
17404
17405
17406
17407
17409
17410
17411
17412
17413
17414
17416
17419
17422
17426
17428
17429
17430
17431
17432
17434
17435
17436
17441
17467
17468
17469
17490
17494
17513
17514
17515
17517
17518
17519
17522
17559
17560
17563
17564
17570
17571
17572
17574
17575
17583
17584
17585
17587
17588
17589
17590
17591
17593
17599
17600
17604
17629
17630
17631
17632
17634
17635
17638
17639
17640
17641
17646
17647
17648
17649
17651
17652
17658
17660
17661
17683
17684
17685
17686
17692
17693
17694
17695
17696
17697
17698
17699
17703
17704
17706
17707
17715
17720
17721
17723
17724
17725
17727
17731
17732
17755
17756
17758
17759
17769
17770
17771
17788
17789
17792
17793
17794
17795
17796
17797
17799
17800
17802
17803
17804
17805
17806
17807
17808
17809
17810
17811
17812
17813
17814
17815
17818
17819
17821
17824
17825
17826
17827
17828
17830
17831
17832
17833
17835
17836
17847
17849
17850
17852
17857
17858
17859
17860
17861
17866
17867
17869
17871
