0
1
2
3
5
6
7
8
9
11
12
13
14
15
16
17
18
19
20
21
22
23
24
25
26
27
28
29
30
31
32
33
34
35
36
37
38
39
40
41
42
43
44
45
46
47
48
49
50
51
52
53
54
55
56
57
58
59
61
63
64
65
66
67
68
69
70
71
72
73
74
75
76
77
78
79
80
81
82
83
84
85
86
87
88
89
90
91
92
93
94
95
96
97
98
99
100
101
102
103
104
105
106
107
108
109
110
111
112
113
114
115
116
117
119
120
121
122
123
124
125
126
128
129
130
131
132
134
136
137
138
139
140
141
142
143
144
145
146
147
148
149
150
151
152
153
154
155
156
157
158
159
161
162
163
164
165
166
167
168
169
170
171
173
174
176
177
178
179
180
181
184
185
186
187
188
189
190
191
192
193
195
197
199
200
201
203
204
205
206
207
208
209
210
211
213
214
216
217
218
219
220
221
222
223
226
228
232
234
236
237
238
239
240
241
242
243
244
245
247
248
249
250
251
252
253
254
255
256
257
258
259
260
261
262
263
265
266
267
268
269
270
271
272
273
274
276
277
278
279
280
281
282
285
286
287
288
289
290
291
292
294
296
297
298
299
300
301
302
303
304
305
306
307
308
309
310
312
313
314
315
316
317
319
320
321
322
325
327
328
329
330
331
332
334
335
336
337
338
339
340
341
342
343
346
347
348
349
350
352
353
354
355
356
357
358
359
360
361
362
363
364
365
366
367
370
371
372
373
374
375
376
377
378
379
380
381
382
383
384
385
386
387
388
390
391
392
393
394
395
396
397
398
399
400
401
402
403
404
406
407
408
409
410
412
413
414
415
416
417
418
419
420
421
422
423
425
426
427
428
429
430
431
432
433
434
435
436
438
439
440
442
443
444
445
447
448
449
450
451
452
453
455
456
457
458
459
460
461
462
463
464
465
466
467
468
469
470
471
472
474
475
476
477
478
479
480
482
483
485
486
487
488
490
491
492
493
494
495
496
497
500
501
502
503
504
505
507
509
510
511
512
513
515
516
518
519
520
523
524
525
526
527
528
529
530
531
532
533
534
535
536
537
539
540
541
542
543
544
545
546
547
548
549
550
551
552
553
554
555
556
557
558
559
560
561
562
563
565
566
567
568
569
570
571
572
573
574
575
576
577
578
579
580
581
582
583
584
585
586
588
589
590
592
593
594
595
596
597
598
600
602
603
604
605
606
607
608
609
610
611
612
613
614
615
616
617
618
619
620
621
622
624
625
627
630
633
634
635
636
639
640
641
643
644
645
646
647
648
649
650
651
652
653
654
655
656
657
658
659
660
661
663
664
665
666
667
668
669
670
673
674
675
676
677
679
680
681
682
683
684
685
686
687
688
689
690
691
692
693
696
697
698
699
700
701
702
703
704
705
706
707
708
710
711
712
713
714
715
716
717
720
721
722
723
724
725
726
727
728
729
730
731
733
734
735
736
737
738
739
740
742
743
744
745
746
748
749
750
751
752
753
754
755
756
757
769
782
788
793
794
796
808
819
820
831
843
844
860
866
904
905
910
922
923
956
984
985
996
998
1001
1011
1032
1034
1045
1049
1065
1072
1073
1074
1088
1097
1098
1106
1109
1130
1136
1141
1142
1150
1172
1173
1180
1182
1188
1192
1224
1227
1228
1229
1232
1234
1242
1247
1271
1282
1283
1284
1291
1293
1298
1310
1311
1323
1326
1379
1385
1399
1451
1452
1461
1463
1464
1465
1476
