0
1
2
3
4
5
6
7
8
9
25
26
47
50
51
52
53
54
55
62
63
68
70
71
72
73
76
78
79
80
81
82
83
84
85
86
87
88
90
91
92
94
95
104
105
106
107
108
109
111
112
113
115
117
124
125
127
128
134
140
143
144
146
149
151
153
154
158
159
160
161
163
166
167
169
171
172
174
178
184
185
186
187
198
203
204
212
213
218
219
220
221
223
224
225
228
231
238
239
242
243
246
247
248
250
252
257
260
261
262
265
266
274
276
278
279
280
281
284
285
286
287
288
289
292
293
294
295
297
300
301
305
306
307
308
309
311
314
317
318
319
320
323
324
325
326
327
328
329
330
331
332
333
335
336
337
338
339
345
347
349
350
351
357
358
359
360
362
363
365
366
368
369
372
374
375
376
379
380
388
389
394
396
397
398
399
403
405
408
409
410
411
412
417
418
419
421
425
426
428
430
431
432
433
434
435
436
437
438
439
440
441
444
445
446
448
449
455
456
458
460
464
466
472
476
477
478
480
481
482
483
484
485
486
488
490
497
498
500
502
506
509
510
514
515
516
519
520
521
522
523
525
526
527
528
529
530
531
532
537
538
539
540
541
543
544
548
549
550
552
554
555
556
557
558
560
561
562
563
564
569
571
573
575
576
577
578
581
582
583
584
589
590
591
592
593
594
595
597
