0
2
5
6
7
8
16
25
28
29
30
31
32
33
38
39
40
45
46
47
48
52
57
59
63
69
70
75
78
79
84
85
88
89
92
94
100
105
107
108
109
111
112
116
117
118
121
122
123
132
133
141
142
143
144
145
148
149
150
151
152
156
157
158
159
165
166
168
169
173
174
175
176
177
181
182
188
189
191
192
193
194
197
210
211
212
213
216
218
222
232
234
235
236
239
240
243
244
245
246
250
253
254
255
257
258
260
271
284
292
293
295
318
319
320
321
323
324
328
329
330
331
339
340
342
343
348
352
366
367
368
370
375
376
382
383
385
391
397
399
400
401
407
410
414
415
416
419
420
426
427
440
441
443
445
484
490
491
492
493
500
506
507
508
509
511
512
516
517
528
537
541
558
559
560
561
562
563
564
573
580
582
588
594
596
597
598
605
607
612
617
621
634
642
646
649
650
656
657
659
661
668
671
672
706
707
722
724
727
728
729
731
732
733
736
739
740
741
743
744
758
765
771
772
773
786
787
792
796
797
798
799
800
801
802
804
805
806
811
812
814
815
820
852
861
863
864
869
871
873
878
884
885
886
887
888
893
894
895
896
900
902
903
904
905
906
907
908
910
912
913
914
915
916
921
923
924
925
926
927
928
929
930
931
934
941
942
943
944
945
946
947
948
949
950
953
954
957
962
963
966
974
975
976
977
981
982
983
984
987
996
1014
1017
1020
1021
1044
1045
1048
1049
1063
1064
1067
1070
1072
1073
1074
1076
1078
1079
1080
1081
1082
1083
1084
1085
1086
1087
1088
1089
1090
1091
1092
1093
1094
1095
1096
1097
1098
1099
1100
1101
1108
1110
1112
1116
1117
1122
1123
1144
1145
1149
1152
1154
1159
1160
1161
1175
1181
1183
1185
1186
1187
1189
1193
1194
1196
1197
1198
1199
1200
1201
1204
1205
1206
1208
1210
1211
1212
1213
1216
1217
1218
1219
1220
1221
1222
1225
1226
1227
1228
1229
1230
1231
1232
1233
1234
1237
1242
1244
1246
1247
1249
1250
1253
1254
1257
1258
1259
1260
1261
1262
1266
1267
1268
1269
1273
1274
1275
1276
1279
1280
1283
1288
1295
1296
1299
1301
1302
1303
1305
1306
1308
1309
1310
1311
1312
1314
1315
1316
1319
1320
1321
1323
1324
1325
1326
1327
1328
1329
1331
1332
1333
1336
1337
1338
1339
1340
1341
1342
1344
1345
1346
1347
1348
1349
1351
1352
1353
1354
1355
1356
1357
1358
1359
1360
1363
1364
1365
1366
1367
1369
1370
1371
1372
1373
1374
1375
1376
1377
1379
1381
1382
1383
1385
1386
1387
1388
1389
1390
1392
1393
1394
1395
1396
1397
1399
1401
1402
1403
1404
1405
1406
1407
1408
1409
1410
1411
1412
1417
1418
1421
1422
1424
1425
1426
1427
1428
1429
1430
1431
1432
1433
1435
1436
1437
1442
1443
1444
1445
1451
1454
1455
1458
1459
1460
1461
1464
1465
1466
1471
1472
1473
1475
1476
1478
1479
1480
1481
1482
1483
1484
1486
1487
1488
1489
1491
1492
1493
1494
1495
1497
1500
1501
1502
1506
1507
1508
1509
1511
1514
1515
1516
1517
1518
1519
1520
1522
1523
1524
1525
1526
1527
1528
1529
1530
1531
1532
1533
1534
1535
1538
1540
1542
1544
1545
1552
1554
1555
1556
1559
1560
1561
1563
1565
1567
1568
1569
1570
1571
1572
1573
1574
1575
1576
1577
1578
1581
1583
1584
1586
1587
1588
1590
1591
1592
1593
1594
1597
1598
1599
1600
1604
1605
1607
1608
1614
1615
1618
1624
1625
1628
1630
1631
1633
1636
1637
1639
1641
1642
1644
1645
1649
1650
1651
1652
1653
1657
1661
1662
1663
1670
1671
1672
1673
1677
1678
1679
1681
1683
1684
1686
1688
1689
1695
1701
1705
1706
1707
1708
1714
1715
1717
1718
1720
1721
1723
1729
1730
1732
1737
1738
1741
1743
1744
1749
1752
1754
1755
1762
1763
1764
1765
1766
1769
1774
1776
1777
1778
1779
1781
1782
1783
1784
1786
1787
1791
1794
1795
1798
1804
1805
1807
1808
1814
1818
1821
1822
1823
1824
1826
1827
1828
1829
1831
1835
1838
1839
1844
1848
1849
1852
1853
1855
1863
1864
1865
1866
1867
1871
1876
1877
1878
1880
1881
1884
1885
1887
1888
1889
1890
1893
1901
1902
1903
1904
1905
1908
1914
1917
1918
1919
1926
1927
1932
1933
1934
1937
1939
1940
1941
1942
1943
1944
1950
1951
1953
1955
1956
1957
1958
1960
1961
1962
1963
1964
1966
1972
1975
1976
1977
1979
1980
1981
1982
1985
1986
1987
1990
1992
1999
2000
2003
2009
2010
2011
2012
2019
2020
2031
2032
2034
2035
2036
2037
2039
2040
2048
2054
2069
2070
2071
2072
2073
2074
2081
2086
2087
2096
2097
2098
2101
2102
2103
2107
2108
2109
2110
2111
2121
2122
2124
2128
2129
2130
2131
2132
2133
2134
2143
2147
2148
2149
2156
2157
2158
2167
2168
2169
2172
2173
2174
2176
2177
2178
2182
2216
2224
2225
2229
2238
2245
2248
2256
2257
2266
2272
2273
2274
2285
2286
2287
2293
2294
2295
2296
2297
2298
2299
2300
2301
2303
2304
2305
2316
2317
2319
2320
2321
2327
2328
2329
2331
2332
2333
2337
2338
2339
2340
2341
2342
2345
2346
2347
2349
2354
2359
2366
2367
2368
2369
2370
2371
2372
2373
2374
2375
2376
2377
2378
2379
2394
2398
2400
2402
2404
2405
2409
2411
2412
2418
2419
2420
2425
2426
2427
2437
2438
2439
2441
2443
2444
2445
2446
2447
2451
2456
2461
2463
2466
2467
2468
2474
2486
2487
2490
2492
2493
2494
2497
2498
2502
2503
2504
2505
2506
2507
2509
2510
2511
2514
2515
2516
2517
2521
2525
2530
2531
2532
2533
2535
2562
2570
2578
2584
2585
2586
2587
2588
2590
2591
2592
2593
2596
2597
2601
2602
2613
2615
2619
2627
2628
2640
2641
2642
2644
2645
2646
2651
2652
2655
2667
2672
2673
2677
2679
2680
2681
2682
2683
2699
2700
2706
2707
2711
2712
2717
2718
2751
2768
2774
2776
2789
2790
2824
2825
2826
2849
2850
2853
2854
2859
2860
2867
2895
2896
2898
2900
2906
2909
2911
2916
2922
2959
2960
2961
2965
2966
2967
2974
2983
2984
2985
2987
3003
3011
3012
3013
3015
3022
3033
3048
3105
3106
3107
3108
3116
3157
3161
3162
3163
3164
3165
3166
3167
3168
3169
3170
3171
3172
3173
3174
3175
3176
3177
3178
3179
3180
3181
3182
3183
3184
3185
3186
3187
3188
3189
3190
3191
3192
3193
3194
3197
3198
3199
3200
3201
3202
3205
3226
3238
3240
3242
3248
3256
3257
3258
3259
3260
3271
3272
3281
3283
3284
3292
3294
3296
3297
3299
3301
3303
3307
3319
3323
3324
3336
3337
3341
3342
3343
3344
3346
3354
3356
3358
3359
3364
3367
3372
3373
3377
3378
3379
3380
3382
3383
3384
3385
3386
3388
3389
3391
3392
3393
3394
3395
3396
3397
3398
3399
3411
3413
3414
3415
3416
3419
3420
3422
3423
3424
3426
3427
3428
3429
3432
3434
3437
3438
3439
3444
3445
3447
3451
3459
3460
3461
3462
3464
3480
3481
3484
3485
3486
3487
3489
3490
3491
3492
3493
3494
3495
3496
3497
3498
3501
3502
3503
3504
3505
3506
3507
3508
3510
3511
3512
3513
3514
3515
3516
3517
3518
3519
3520
3521
3527
3529
3530
3532
3533
3534
3535
3536
3537
3538
3539
3540
3541
3542
3548
3549
3553
3555
3565
3566
3572
3573
3574
3576
3577
3581
3582
3583
3586
3587
3592
3593
3594
3595
3596
3597
3599
3600
3601
3602
3603
3604
3605
3606
3607
3608
3610
3611
3612
3613
3614
3615
3616
3617
3618
3619
3621
3622
3623
3624
3627
3628
3629
3630
3631
3632
3633
3634
3635
3636
3650
3657
3658
3666
3673
3675
3676
3677
3678
3680
3681
3682
3685
3686
3687
3690
3691
3692
3693
3694
3695
3696
3697
3698
3699
3700
3701
3706
3708
3709
3713
3714
3715
3717
3721
3722
3726
3730
3731
3732
3733
3734
3736
3738
3739
3740
3741
3742
3743
3744
3745
3746
3747
3748
3749
3750
3751
3752
3753
3754
3755
3756
3757
3758
3759
3760
3761
3762
3763
3764
3770
3771
3773
3774
3775
3776
3779
3780
3781
3782
3783
3784
3788
3789
3790
3792
3793
3794
3795
3796
3798
3804
3805
3806
3808
3809
3811
3812
3813
3816
3818
3821
3822
3823
3824
3825
3826
3827
3833
3834
3836
3838
3839
3841
3842
3845
3852
3853
3855
3857
3859
3860
3863
3864
3865
3867
3868
3869
3870
3871
3872
3873
3874
3875
3876
3877
3878
3879
3880
3881
3882
3883
3884
3885
3886
3887
3888
3890
3891
3892
3893
3899
3900
3901
3902
3904
3906
3908
3910
3911
3912
3913
3914
3917
3924
3925
3926
3927
3928
3929
3930
3931
3934
3937
3938
3939
3940
3941
3942
3943
3948
3954
3955
3956
3957
3959
3960
3961
3962
3963
3964
3965
3966
3967
3968
3969
3970
3972
3973
3974
3976
3977
3978
3979
3980
3982
3983
3984
3985
3986
3987
3988
3989
3990
3991
3992
3993
3994
3995
3996
3997
3998
3999
4000
4001
4002
4004
4005
4007
4008
4013
4015
4020
4021
4022
4024
4025
4026
4027
4030
4033
4034
4035
4036
4038
4039
4040
4041
4042
4043
4044
4045
4047
4048
4049
4050
4052
4053
4054
4055
4056
4057
4058
4060
4064
4065
4067
4080
4081
4085
4086
4087
4097
4098
4102
4103
4113
4114
4115
4117
4118
4119
4120
4121
4122
4123
4124
4125
4128
4129
4131
4141
4142
4143
4147
4150
4151
4152
4153
4154
4157
4158
4159
4160
4161
4165
4166
4170
4171
4176
4178
4180
4181
4184
4186
4189
4191
4192
4195
4196
4198
4199
4200
4201
4202
4212
4213
4214
4215
4216
4217
4218
4219
4221
4223
4224
4225
4226
4227
4228
4229
4230
4231
4232
4233
4236
4238
4239
4240
4241
4243
4244
4245
4246
4247
4251
4257
4258
4273
4275
4276
4277
4278
4280
4281
4282
4283
4286
4287
4288
4289
4290
4291
4292
4293
4294
4295
4297
4299
4300
4301
4302
4303
4304
4308
4312
4313
4314
4323
4328
4329
4330
4331
4332
4342
4344
4345
4347
4348
4349
4351
4352
4358
4364
4366
4367
4368
4369
4373
4375
4377
4378
4379
4380
4381
4382
4383
4384
4385
4386
4387
4388
4389
4393
4396
4404
4405
4406
4407
4408
4409
4411
4412
4414
4415
4420
4426
4427
4428
4429
4438
4444
4446
4447
4452
4453
4456
4457
4458
4459
4460
4461
4462
4463
4464
4465
4466
4467
4468
4469
4470
4471
4472
4476
4477
4478
4479
4482
4489
4490
4501
4505
4506
4510
4512
4516
4519
4520
4522
4523
4526
4527
4529
4530
4531
4532
4533
4534
4537
4538
4539
4543
4544
4549
4550
4551
4552
4554
4559
4562
4569
4570
4571
4572
4574
4577
4584
4589
4590
4592
4595
4596
4597
4599
4601
4602
4603
4604
4605
4608
4610
4611
4615
4616
4620
4621
4626
4627
4630
4632
4634
4639
4645
4646
4648
4649
4651
4652
4653
4654
4655
4656
4657
4658
4659
4660
4662
4663
4664
4666
4670
4675
4676
4680
4685
4687
4689
4691
4696
4697
4698
4701
4703
4704
4705
4707
4708
4711
4712
4718
4719
4723
4724
4726
4727
4735
4736
4737
4738
4739
4740
4741
4743
4744
4745
4753
4757
4759
4763
4766
4771
4772
4776
4777
4778
4779
4784
4785
4791
4792
4794
4795
4797
4800
4802
4805
4809
4813
4816
4817
4820
4824
4825
4835
4836
4837
4838
4840
4849
4850
4851
4854
4861
4862
4863
4864
4866
4868
4875
4879
4880
4881
4882
4883
4884
4885
4886
4887
4888
4889
4890
4892
4893
4894
4895
4896
4897
4898
4899
4900
4902
4903
4907
4908
4909
4910
4921
4922
4923
4925
4928
4929
4930
4931
4932
4933
4934
4935
4936
4937
4938
4940
4952
4953
4954
4955
4957
4962
4975
4980
4981
4982
4984
4986
4990
4998
4999
5001
5003
5004
5005
5006
5007
5008
5009
5011
5012
5014
5015
5016
5017
5018
5019
5020
5026
5027
5028
5029
5030
5031
5032
5033
5034
5035
5037
5040
5041
5046
5047
5048
5049
5051
5052
5053
5054
5059
5061
5066
5067
5068
5076
5077
5078
5079
5080
5081
5083
5091
5092
5096
5098
5100
5101
5102
5103
5104
5105
5106
5109
5110
5111
5115
5116
5117
5118
5119
5120
5121
5122
5123
5124
5125
5126
5127
5128
5129
5130
5131
5132
5133
5134
5135
5136
5138
5142
5143
5145
5146
5147
5148
5149
5150
5151
5152
5153
5154
5155
5156
5157
5158
5159
5160
5163
5164
5165
5166
5167
5168
5169
5170
5173
5174
5175
5176
5179
5180
5181
5182
5183
5184
5185
5186
5187
5188
5189
5190
5191
5192
5193
5194
5198
5199
5201
5203
5204
5208
5209
5210
5211
5212
5213
5216
5217
5219
5220
5222
5223
5224
5225
5226
5227
5230
5231
5232
5233
5234
5236
5237
5238
5239
5240
5242
5243
5244
5245
5246
5247
5248
5249
5250
5251
5254
5255
5256
5257
5258
5259
5260
5262
5264
5266
5267
5268
5269
5270
5271
5272
5274
5275
5276
5277
5278
5279
5280
5281
5282
5283
5284
5285
5286
5292
5293
5294
5296
5297
5298
5300
5301
5302
5304
5306
5307
5308
5309
5310
5311
5312
5313
5314
5315
5316
5317
5318
5320
5321
5322
5323
5327
5328
5331
5332
5336
5337
5338
5339
5340
5341
5342
5343
5344
5345
5346
5347
5348
5349
5357
5358
5359
5360
5361
5362
5363
5364
5365
5366
5367
5368
5369
5370
5371
5373
5374
5380
5381
5382
5387
5390
5391
5392
5395
5397
5398
5399
5400
5401
5403
5404
5405
5406
5408
5409
5410
5411
5412
5413
5414
5415
5416
5417
5418
5420
5421
5422
5423
5424
5425
5426
5427
5428
5429
5430
5431
5432
5433
5434
5435
5437
5439
5441
5442
5443
5444
5445
5446
5449
5450
5451
5452
5453
5454
5455
5457
5459
5464
5465
5466
5467
5468
5469
5470
5471
5472
5473
5474
5475
5476
5477
5478
5479
5480
5481
5482
5483
5484
5485
5486
5487
5488
5489
5490
5493
5494
5495
5496
5497
5498
5500
5501
5503
5504
5505
5506
5507
5508
5509
5510
5511
5512
5514
5515
5516
5519
5520
5521
5522
5523
5528
5529
5530
5532
5533
5534
5537
5539
5540
5541
5542
5543
5550
5551
5552
5553
5554
5555
5567
5568
5569
5570
5571
5572
5573
5574
5575
5576
5577
5578
5579
5580
5581
5582
5583
5584
5595
5596
5597
5598
5599
5600
5601
5602
5603
5605
5606
5607
5608
5610
5611
5612
5613
5614
5615
5616
5618
5619
5620
5621
5622
5623
5624
5625
5626
5627
5630
5631
5632
5633
5634
5636
5638
5639
5640
5641
5642
5643
5644
5645
5646
5647
5648
5649
5651
5652
5653
5654
5655
5656
5657
5658
5659
5660
5661
5662
5663
5664
5665
5666
5667
5668
5669
5671
5672
5673
5674
5675
5676
5677
5678
5679
5680
5681
5682
5683
5686
5687
5688
5689
5690
5691
5692
5694
5695
5698
5699
5700
5701
5702
5704
5705
5710
5711
5712
5713
5714
5715
5716
5717
5718
5719
5720
5721
5722
5723
5724
5725
5726
5727
5728
5729
5730
5733
5735
5736
5737
5738
5739
5740
5741
5742
5743
5744
5745
5747
5748
5749
5750
5751
5752
5753
5754
5755
5756
5757
5758
5759
5760
5761
5762
5764
5765
5766
5767
5768
5769
5770
5771
5773
5774
5775
5776
5779
5780
5782
5783
5785
5786
5787
5788
5789
5790
5792
5793
5794
5796
5797
5798
5799
5801
5802
5803
5804
5805
5806
5807
5808
5809
5810
5811
5813
5814
5815
5816
5817
5818
5821
5830
5831
5832
5833
5834
5835
5836
5837
5838
5839
5840
5842
5844
5846
5847
5848
5849
5850
5853
5854
5855
5857
5859
5860
5868
5870
5873
5881
5882
5886
5887
5888
5889
5891
5894
5895
5896
5897
5898
5908
5915
5916
5920
5921
5922
5923
5924
5925
5926
5927
5928
5929
5930
5931
5932
5933
5934
5935
5936
5937
5938
5951
5960
5962
5964
5966
5967
5968
5970
5971
5972
5973
5974
5981
5984
5987
5989
5990
5991
5993
5994
5995
5998
5999
6000
6001
6002
6005
6008
6014
6015
6017
6018
6019
6020
6021
6022
6025
6026
6027
6028
6029
6031
6034
6035
6036
6038
6039
6040
6044
6045
6047
6051
6053
6056
6058
6059
6060
6061
6062
6064
6065
6066
6067
6068
6069
6070
6071
6072
6073
6074
6075
6076
6077
6081
6085
6086
6087
6089
6090
6091
6093
6097
6101
6102
6107
6109
6110
6111
6112
6113
6114
6115
6116
6118
6124
6126
6127
6128
6129
6130
6131
6132
6134
6135
6136
6137
6138
6139
6141
6144
6145
6146
6147
6148
6149
6150
6151
6152
6153
6154
6155
6156
6157
6161
6162
6163
6165
6166
6169
6172
6178
6180
6181
6182
6183
6184
6187
6188
6189
6195
6196
6200
6201
6202
6205
6206
6209
6210
6219
6224
6225
6226
6227
6228
6236
6238
6240
6241
6242
6243
6244
6253
6254
6256
6259
6268
6275
6276
6278
6287
6290
6291
6292
6295
6300
6301
6302
6303
6304
6305
6306
6307
6308
6309
6310
6311
6313
6316
6317
6318
6329
6334
6335
6340
6342
6343
6344
6345
6346
6347
6348
6349
6350
6353
6354
6355
6356
6357
6360
6364
6365
6371
6373
6374
6375
6380
6383
6388
6390
6391
6392
6404
6405
6413
6415
6416
6417
6418
6423
6424
6425
6426
6427
6428
6429
6430
6432
6433
6434
6435
6437
6438
6441
6445
6447
6448
6449
6451
6452
6453
6454
6455
6456
6457
6462
6466
6467
6470
6471
6472
6476
6477
6478
6479
6480
6481
6482
6483
6484
6485
6486
6487
6488
6508
6509
6510
6511
6512
6515
6522
6523
6525
6527
6528
6530
6531
6532
6533
6534
6535
6536
6537
6538
6539
6540
6541
6542
6543
6544
6545
6546
6552
6553
6558
6561
6562
6563
6564
6566
6567
6569
6570
6577
6578
6579
6580
6581
6590
6591
6592
6593
6594
6595
6601
6603
6605
6609
6610
6611
6614
6615
6617
6618
6619
6620
6621
6622
6624
6625
6627
6628
6631
6632
6633
6634
6635
6636
6637
6638
6640
6642
6646
6647
6648
6649
6650
6652
6653
6655
6658
6659
6660
6661
6664
6669
6670
6671
6672
6673
6674
6675
6676
6677
6678
6679
6682
6683
6684
6685
6691
6692
6693
6694
6695
6697
6698
6703
6707
6708
6709
6711
6712
6713
6716
6717
6721
6722
6723
6724
6725
6729
6733
6734
6737
6740
6741
6743
6744
6745
6746
6747
6748
6749
6750
6751
6752
6753
6754
6755
6756
6757
6758
6759
6761
6765
6766
6767
6776
6777
6784
6787
6789
6790
6793
6794
6795
6800
6803
6808
6809
6813
6817
6820
6824
6825
6826
6828
6829
6830
6831
6833
6834
6835
6836
6839
6840
6841
6842
6843
6844
6845
6849
6852
6854
6856
6857
6862
6863
6866
6867
6868
6869
6870
6871
6875
6876
6878
6879
6892
6893
6896
6897
6898
6899
6900
6901
6902
6904
6906
6908
6909
6914
6919
6925
6926
6929
6931
6933
6934
6935
6937
6939
6940
6941
6943
6946
6950
6953
6958
6960
6963
6965
6966
6968
6969
6972
6973
6974
6975
6976
6977
6978
6980
6987
6988
6989
6990
6991
6993
6995
6998
6999
7003
7004
7006
7007
7008
7009
7014
7015
7016
7020
7022
7023
7025
7026
7027
7028
7029
7031
7032
7033
7034
7036
7037
7039
7041
7043
7044
7045
7046
7048
7049
7051
7054
7056
7057
7058
7059
7060
7061
7062
7063
7064
7066
7067
7068
7069
7070
7076
7077
7078
7079
7080
7081
7082
7083
7084
7085
7086
7087
7088
7089
7090
7091
7092
7093
7094
7095
7096
7097
7098
7099
7100
7103
7104
7105
7106
7108
7111
7113
7114
7115
7116
7119
7122
7124
7125
7126
7127
7128
7130
7135
7136
7137
7144
7147
7149
7155
7165
7166
7171
7174
7175
7176
7177
7178
7185
7186
7187
7188
7189
7190
7191
7192
7193
7194
7195
7196
7197
7198
7199
7200
7202
7203
7204
7206
7208
7209
7210
7211
7212
7213
7214
7215
7216
7217
7218
7219
7220
7221
7223
7225
7226
7228
7229
7230
7231
7232
7239
7240
7243
7252
7255
7257
7261
7263
7264
7268
7269
7270
7271
7272
7273
7274
7275
7278
7279
7280
7282
7283
7284
7286
7290
7291
7298
7299
7300
7301
7302
7303
7304
7305
7306
7307
7308
7309
7310
7311
7312
7315
7316
7317
7318
7319
7320
7321
7322
7323
7324
7325
7326
7327
7328
7329
7330
7331
7332
7333
7334
7335
7336
7337
7340
7341
7342
7346
7347
7348
7350
7351
7353
7354
7355
7356
7358
7359
7360
7361
7362
7363
7364
7365
7366
7367
7368
7369
7370
7371
7372
7373
7374
7375
7376
7377
7378
7379
7380
7382
7383
7384
7385
7386
7387
7389
7391
7392
7393
7394
7395
7396
7398
7405
7406
7407
7408
7409
7410
7412
7413
7414
7415
7416
7417
7419
7421
7423
7425
7426
7427
7428
7432
7433
7434
7435
7442
7443
7447
7448
7450
7451
7452
7453
7459
7460
7463
7465
7466
7467
7468
7473
7474
7475
7476
7478
7479
7480
7485
7492
7493
7494
7495
7496
7497
7498
7499
7500
7501
7502
7503
7504
7505
7506
7508
7509
7512
7513
7514
7516
7517
7518
7519
7520
7521
7522
7523
7524
7525
7526
7527
7528
7529
7530
7531
7532
7533
7534
7535
7536
7537
7538
7539
7540
7541
7542
7543
7544
7545
7546
7547
7548
7549
7550
7551
7552
7553
7554
7555
7556
7557
7558
7560
7561
7562
7563
7564
7565
7566
7567
7568
7569
7570
7575
7576
7577
7578
7579
7582
7583
7584
7587
7588
7589
7590
7591
7592
7593
7594
7595
7596
7597
7598
7599
7600
7601
7602
7607
7608
7609
7610
7611
7613
7614
7615
7616
7618
7622
7623
7624
7625
7626
7627
7628
7629
7630
7632
7633
7634
7635
7636
7640
7641
7642
7643
7644
7646
7649
7652
7653
7654
7655
7656
7657
7658
7663
7671
7675
7676
7679
7680
7681
7682
7683
7684
7685
7686
7687
7688
7689
7690
7691
7697
7698
7699
7700
7701
7702
7704
7706
7707
7708
7709
7710
7711
7712
7713
7714
7716
7717
7718
7720
7721
7722
7723
7724
7725
7726
7727
7729
7730
7731
7732
7733
7734
7736
7737
7738
7739
7740
7741
7742
7743
7744
7745
7748
7749
7750
7751
7752
7753
7754
7755
7756
7757
7758
7761
7762
7763
7765
7766
7767
7768
7769
7770
7771
7772
7773
7774
7776
7777
7778
7779
7780
7781
7782
7783
7784
7785
7786
7787
7788
7789
7795
7796
7797
7798
7799
7805
7810
7811
7812
7813
7816
7817
7819
7820
7822
7823
7824
7829
7830
7831
7833
7834
7835
7843
7847
7849
7850
7851
7852
7853
7854
7855
7856
7859
7860
7862
7863
7864
7865
7866
7867
7868
7870
7872
7873
7874
7875
7876
7877
7878
7879
7880
7881
7882
7883
7884
7885
7887
7888
7889
7890
7891
7892
7893
7894
7895
7896
7897
7898
7900
7902
7906
7907
7910
7911
7912
7915
7916
7917
7918
7919
7920
7924
7929
7930
7931
7932
7935
7939
7940
7941
7942
7943
7944
7945
7946
7949
7950
7951
7952
7953
7954
7955
7956
7957
7960
7961
7962
7963
7968
7969
7970
7972
7974
7976
7977
7978
7980
7982
7986
7987
7988
7989
7990
7992
7993
7994
7997
8000
8001
8002
8003
8004
8010
8011
8012
8014
8016
8019
8020
8023
8025
8026
8027
8028
8030
8031
8032
8035
8036
8039
8040
8043
8044
8045
8049
8050
8051
8053
8055
8056
8059
8062
8063
8064
8073
8074
8075
8076
8079
8081
8082
8083
8084
8085
8089
8090
8094
8095
8099
8101
8102
8103
8107
8108
8110
8111
8112
8114
8124
8132
8134
8139
8140
8141
8143
8144
8145
8158
8159
8172
8174
8181
8183
8184
8186
8195
8196
8197
8198
8203
8204
8220
8238
8239
8245
8249
8250
8260
8262
8267
8273
8275
8276
8286
8294
8295
8296
8297
8302
8304
8350
8356
8363
8364
8365
8366
8369
8373
8377
8378
8383
8387
8392
8396
8397
8399
8402
8403
8405
8406
8417
8420
8421
8422
8423
8424
8425
8431
8434
8442
8444
8451
8452
8453
8454
8458
8461
8464
8465
8468
8469
8470
8471
8472
8483
8484
8485
8486
8487
8489
8490
8491
8497
8498
8499
8501
8505
8508
8509
8512
8513
8514
8515
8516
8518
8520
8522
8524
8525
8527
8528
8529
8530
8531
8534
8535
8536
8537
8538
8540
8545
8548
8549
8554
8555
8556
8560
8561
8563
8564
8568
8569
8571
8572
8575
8577
8580
8581
8584
8585
8586
8587
8591
8592
8593
8597
8598
8599
8600
8601
8602
8604
8605
8606
8607
8610
8613
8615
8620
8623
8626
8627
8629
8630
8634
8635
8636
8637
8638
8639
8641
8642
8644
8645
8646
8647
8650
8652
8653
8654
8659
8663
8665
8669
8670
8672
8674
8675
8682
8689
8690
8693
8694
8695
8700
8702
8703
8714
8719
8721
8724
8726
8727
8728
8729
8730
8733
8737
8739
8740
8741
8742
8743
8744
8745
8746
8748
8753
8755
8756
8758
8759
8761
8764
8765
8766
8767
8768
8770
8771
8772
8773
8774
8775
8776
8778
8779
8789
8790
8791
8792
8796
8799
8800
8801
8803
8804
8805
8806
8807
8809
8810
8811
8812
8813
8814
8816
8817
8820
8821
8822
8823
8824
8825
8827
8828
8829
8830
8831
8833
8834
8835
8836
8838
8840
8841
8842
8844
8845
8846
8847
8848
8849
8850
8851
8852
8853
8855
8856
8857
8859
8860
8861
8862
8863
8866
8869
8870
8873
8874
8876
8877
8879
8880
8881
8882
8883
8884
8886
8888
8889
8898
8899
8900
8901
8902
8903
8904
8905
8906
8907
8908
8909
8910
8914
8915
8916
8919
8920
8925
8927
8928
8930
8934
8935
8936
8937
8938
8939
8940
8942
8943
8944
8945
8946
8947
8952
8954
8956
8957
8958
8959
8960
8961
8965
8967
8968
8969
8970
8971
8972
8973
8974
8976
8983
8984
8985
8986
8987
8988
8989
8990
8992
8993
8994
8998
9001
9002
9003
9004
9005
9010
9012
9013
9014
9016
9018
9020
9021
9022
9023
9024
9025
9026
9031
9034
9038
9039
9040
9042
9043
9044
9049
9051
9052
9054
9055
9061
9065
9066
9067
9068
9069
9072
9073
9074
9086
9087
9088
9089
9091
9092
9099
9102
9103
9104
9109
9111
9112
9113
9114
9115
9117
9118
9119
9120
9121
9122
9123
9124
9125
9126
9127
9135
9141
9142
9143
9147
9157
9158
9159
9161
9162
9163
9167
9168
9173
9174
9176
9177
9178
9179
9183
9187
9190
9192
9194
9198
9200
9203
9204
9205
9206
9219
9220
9221
9223
9224
9227
9228
9229
9230
9231
9232
9234
9235
9236
9237
9238
9240
9241
9242
9243
9244
9245
9246
9247
9248
9249
9250
9252
9253
9254
9255
9256
9257
9261
9264
9265
9270
9271
9272
9273
9274
9278
9279
9280
9281
9282
9283
9286
9288
9289
9290
9291
9292
9300
9301
9303
9304
9307
9308
9309
9312
9313
9314
9315
9316
9317
9318
9319
9320
9322
9323
9324
9325
9327
9328
9329
9330
9331
9332
9333
9335
9336
9341
9342
9343
9346
9347
9348
9353
9355
9362
9376
9377
9379
9380
9381
9382
9383
9384
9386
9387
9390
9392
9393
9394
9397
9398
9399
9400
9401
9402
9403
9404
9405
9408
9409
9410
9411
9418
9419
9420
9421
9424
9425
9426
9427
9428
9429
9430
9431
9432
9435
9436
9437
9440
9441
9442
9444
9446
9447
9448
9450
9452
9453
9454
9457
9458
9459
9460
9461
9464
9465
9466
9467
9468
9469
9470
9471
9472
9473
9476
9477
9478
9479
9480
9483
9484
9485
9487
9488
9489
9490
9492
9494
9496
9498
9499
9500
9501
9502
9503
9504
9505
9507
9508
9509
9510
9511
9512
9513
9514
9515
9517
9518
9519
9520
9521
9522
9525
9526
9529
9530
9531
9533
9534
9535
9536
9537
9538
9539
9540
9541
9542
9543
9544
9545
9546
9547
9548
9549
9550
9551
9552
9553
9554
9555
9556
9557
9558
9559
9560
9561
9562
9563
9564
9565
9566
9567
9568
9569
9570
9571
9572
9573
9574
9578
9580
9581
9582
9583
9585
9586
9587
9588
9591
9593
9594
9596
9597
9598
9599
9600
9601
9603
9604
9605
9606
9609
9610
9611
9612
9613
9614
9616
9617
9618
9619
9620
9621
9622
9623
9624
9625
9627
9629
9630
9632
9633
9634
9635
9645
9646
9647
9648
9649
9650
9652
9653
9654
9655
9656
9657
9658
9664
9665
9666
9667
9668
9673
9674
9676
9677
9680
9681
9682
9683
9684
9685
9686
9687
9688
9689
9690
9692
9693
9695
9697
9698
9699
9700
9702
9704
9706
9707
9708
9709
9713
9714
9715
9716
9717
9718
9719
9720
9721
9723
9724
9725
9726
9727
9731
9732
9733
9734
9735
9736
9739
9740
9742
9744
9745
9746
9747
9748
9749
9750
9751
9752
9754
9755
9756
9757
9758
9761
9765
9766
9767
9769
9770
9771
9772
9773
9774
9775
9776
9781
9783
9785
9786
9787
9788
9789
9790
9791
9792
9793
9794
9796
9797
9798
9799
9800
9802
9803
9804
9805
9810
9812
9813
9817
9818
9819
9823
9825
9826
9828
9829
9832
9833
9834
9835
9839
9841
9844
9847
9848
9849
9857
9858
9863
9866
9867
9869
9871
9874
9875
9876
9877
9878
9879
9880
9881
9882
9883
9884
9885
9886
9887
9888
9889
9892
9894
9896
9898
9901
9902
9904
9909
9913
9918
9922
9923
9924
9925
9926
9928
9929
9930
9931
9932
9933
9935
9938
9939
9940
9941
9942
9943
9944
9945
9946
9947
9948
9949
9950
9951
9952
9953
9955
9956
9957
9958
9959
9960
9961
9962
9963
9965
9966
9968
9971
9972
9973
9978
9979
9980
9981
9982
9983
9984
9985
9987
9988
9989
9990
9991
9992
9993
9994
9995
9996
9997
9998
9999
10000
10001
10002
10003
10005
10006
10007
10008
10009
10012
10013
10014
10015
10016
10017
10018
10019
10020
10021
10022
10023
10024
10025
10026
10027
10028
10029
10030
10031
10032
10033
10034
10035
10036
10037
10038
10039
10040
10041
10042
10043
10045
10047
10048
10049
10050
10051
10052
10053
10060
10062
10063
10064
10065
10069
10072
10073
10074
10076
10077
10078
10079
10080
10081
10082
10083
10084
10085
10086
10090
10091
10092
10093
10094
10095
10096
10097
10098
10099
10100
10101
10104
10106
10108
10111
10113
10114
10115
10116
10117
10118
10119
10120
10121
10122
10123
10124
10125
10126
10127
10128
10129
10136
10137
10138
10151
10152
10153
10154
10155
10157
10158
10160
10161
10162
10164
10165
10166
10171
10175
10176
10177
10178
10181
10182
10183
10184
10186
10188
10189
10192
10197
10198
10200
10204
10209
10211
10212
10215
10218
10220
10221
10222
10225
10226
10227
10228
10229
10230
10231
10233
10234
10235
10237
10238
10239
10242
10245
10248
10249
10250
10252
10253
10257
10261
10264
10265
10266
10275
10277
10278
10279
10280
10283
10284
10291
10292
10293
10298
10302
10306
10307
10314
10332
10334
10337
10340
10341
10342
10344
10345
10347
10348
10353
10364
10366
10367
10368
10373
10374
10375
10379
10389
10392
10393
10396
10397
10406
10407
10408
10410
10415
10416
10417
10418
10419
10420
10421
10422
10423
10432
10433
10435
10441
10446
10448
10450
10451
10453
10454
10457
10465
10466
10473
10475
10476
10477
10484
10487
10489
10502
10505
10507
10508
10510
10511
10513
10514
10515
10516
10518
10519
10520
10524
10525
10526
10534
10539
10540
10544
10545
10552
10553
10554
10558
10559
10560
10561
10562
10563
10564
10565
10567
10568
10569
10571
10572
10573
10576
10577
10578
10579
10580
10584
10587
10588
10589
10590
10591
10592
10593
10594
10596
10597
10598
10599
10601
10602
10603
10604
10605
10606
10607
10611
10612
10613
10614
10616
10625
10626
10627
10631
10632
10633
10634
10635
10636
10637
10638
10639
10640
10642
10645
10646
10648
10654
10655
10663
10666
10667
10668
10669
10671
10672
10673
10674
10675
10676
10677
10678
10679
10680
10682
10683
10684
10687
10688
10689
10692
10693
10695
10697
10698
10699
10700
10701
10706
10707
10708
10709
10710
10711
10712
10714
10715
10716
10717
10719
10721
10727
10728
10729
10732
10733
10734
10735
10739
10743
10744
10745
10746
10747
10748
10751
10752
10753
10755
10756
10757
10761
10762
10763
10764
10765
10766
10767
10768
10769
10770
10771
10772
10773
10774
10775
10776
10777
10780
10781
10782
10788
10789
10790
10794
10795
10796
10797
10802
10803
10805
10810
10812
10813
10814
10815
10817
10818
10819
10822
10838
10842
10844
10846
10848
10849
10850
10855
10856
10861
10862
10863
10865
10866
10867
10868
10869
10871
10872
10873
10874
10875
10877
10878
10879
10881
10882
10883
10884
10885
10886
10889
10890
10891
10892
10893
10894
10895
10896
10898
10899
10900
10902
10903
10904
10905
10906
10907
10908
10909
10910
10911
10912
10915
10916
10917
10918
10919
10920
10921
10923
10924
10925
10926
10927
10928
10929
10930
10931
10932
10933
10934
10935
10936
10937
10938
10940
10941
10942
10944
10946
10947
10951
10953
10956
10957
10958
10959
10960
10963
10964
10965
10966
10970
10971
10972
10973
10974
10975
10976
10979
10980
10981
10982
10983
10984
10985
10988
10989
10991
10992
10993
10994
10996
11000
11001
11002
11003
11004
11005
11006
11007
11008
11010
11012
11013
11014
11015
11016
11019
11020
11021
11022
11023
11025
11028
11030
11033
11034
11035
11036
11037
11038
11041
11042
11043
11044
11054
11055
11056
11057
11058
11060
11061
11062
11063
11064
11065
11066
11067
11068
11069
11070
11071
11072
11073
11078
11079
11080
11089
11090
11091
11092
11094
11098
11103
11104
11106
11107
11108
11111
11112
11113
11114
11119
11120
11121
11123
11124
11125
11126
11127
11129
11130
11131
11132
11134
11135
11136
11140
11144
11146
11148
11150
11151
11156
11157
11158
11160
11161
11162
11163
11164
11166
11167
11168
11169
11170
11171
11172
11173
11174
11175
11179
11180
11181
11182
11183
11184
11185
11186
11187
11189
11190
11193
11195
11196
11199
11201
11203
11204
11205
11207
11208
11209
11210
11212
11213
11215
11216
11218
11219
11225
11226
11227
11228
11229
11234
11236
11237
11238
11239
11240
11242
11244
11245
11247
11248
11249
11250
11251
11252
11253
11254
11256
11257
11259
11260
11261
11263
11264
11265
11267
11268
11269
11270
11271
11277
11279
11281
11283
11284
11286
11293
11295
11296
11299
11302
11303
11305
11308
11310
11313
11315
11317
11318
11320
11329
11330
11331
11333
11334
11336
11337
11338
11342
11347
11348
11349
11350
11369
11370
11373
11374
11383
11384
11385
11386
11390
11391
11398
11403
11404
11405
11407
11408
11409
11412
11414
11415
11416
11417
11420
11422
11423
11424
11428
11429
11432
11433
11434
11435
11439
11440
11441
11442
11443
11444
11447
11448
11457
11458
11459
11464
11467
11470
11471
11473
11474
11477
11478
11480
11485
11486
11494
11496
11505
11507
11510
11511
11512
11516
11517
11518
11519
11520
11522
11523
11524
11528
11529
11531
11533
11535
11538
11539
11540
11544
11546
11547
11550
11560
11564
11569
11570
11571
11572
11575
11578
11579
11580
11581
11582
11583
11585
11586
11587
11588
11592
11593
11594
11598
11599
11600
11601
11602
11603
11605
11609
11610
11611
11612
11614
11620
11621
11624
11625
11626
11627
11629
11630
11632
11633
11634
11636
11638
11639
11642
11644
11645
11646
11647
11648
11649
11650
11651
11652
11653
11656
11658
11662
11663
11664
11665
11666
11667
11668
11669
11670
11671
11672
11673
11675
11676
11679
11680
11681
11684
11686
11687
11688
11690
11691
11693
11694
11695
11696
11697
11699
11703
11704
11705
11706
11708
11709
11710
11711
11714
11715
11716
11717
11722
11728
11729
11732
11735
11737
11738
11741
11742
11743
11744
11746
11747
11752
11753
11754
11757
11759
11762
11764
11765
11771
11772
11773
11775
11777
11780
11781
11782
11783
11784
11785
11791
11793
11796
11799
11800
11807
11818
11819
11820
11824
11831
11834
11837
11842
11850
11854
11870
11872
11874
11875
11876
11877
11879
11893
11895
11899
11902
11904
11906
11907
11908
11910
11912
11913
11914
11915
11916
11917
11918
11920
11921
11923
11931
11932
11933
11939
11945
11948
11949
11953
11954
11955
11956
11957
11960
11963
11966
11970
11972
11973
11974
11975
11976
11977
11978
11979
11981
11982
11983
11984
11985
11986
11987
11988
11999
12000
12009
12010
12014
12015
12019
12020
12021
12022
12023
12024
12026
12027
12028
12031
12032
12033
12034
12035
12036
12040
12044
12048
12051
12053
12054
12057
12058
12059
12065
12067
12085
12086
12089
12090
12096
12098
12101
12113
12114
12118
12119
12120
12121
12122
12123
12124
12125
12126
12128
12130
12131
12133
12134
12135
12137
12143
12145
12146
12149
12150
12151
12157
12158
12160
12161
12167
12168
12169
12170
12172
12173
12178
12181
12182
12189
12195
12200
12203
12204
12205
12209
12210
12213
12220
12221
12225
12227
12230
12231
12233
12236
12239
12240
12241
12243
12244
12245
12247
12249
12255
12256
12258
12260
12261
12263
12264
12265
12268
12269
12271
12272
12273
12274
12275
12276
12277
12279
12283
12285
12286
12292
12293
12295
12298
12299
12305
12307
12308
12310
12311
12316
12317
12318
12319
12320
12321
12327
12330
12331
12332
12333
12334
12335
12337
12340
12344
12346
12351
12352
12353
12356
12358
12359
12361
12362
12365
12366
12369
12372
12373
12374
12376
12377
12378
12382
12383
12385
12387
12388
12392
12395
12402
12407
12410
12411
12412
12414
12422
12423
12425
12427
12429
12430
12431
12433
12434
12435
12436
12437
12440
12443
12444
12445
12446
12447
12448
12449
12450
12451
12452
12453
12454
12455
12456
12460
12463
12464
12469
12471
12473
12474
12475
12476
12477
12478
12479
12480
12481
12483
12484
12491
12501
12507
12508
12509
12512
12513
12516
12517
12518
12519
12520
12521
12522
12523
12524
12527
12528
12529
12530
12532
12533
12534
12535
12536
12537
12538
12539
12540
12541
12542
12543
12544
12545
12546
12547
12548
12549
12550
12554
12556
12557
12558
12559
12561
12564
12565
12569
12570
12571
12572
12573
12574
12575
12576
12577
12578
12581
12582
12583
12584
12586
12587
12588
12589
12590
12591
12592
12595
12597
12599
12600
12601
12602
12603
12607
12608
12609
12610
12611
12612
12613
12614
12616
12617
12618
12619
12620
12622
12624
12625
12626
12627
12628
12630
12631
12635
12638
12644
12645
12646
12648
12653
12657
12660
12661
12665
12666
12667
12668
12669
12673
12674
12676
12677
12678
12680
12681
12683
12685
12691
12693
12695
12696
12700
12701
12702
12705
12706
12708
12709
12713
12714
12716
12717
12720
12725
12726
12727
12728
12729
12730
12731
12732
12733
12734
12735
12736
12737
12738
12739
12743
12744
12749
12751
12753
12754
12755
12756
12757
12758
12762
12763
12764
12765
12767
12769
12771
12772
12773
12774
12775
12776
12780
12781
12783
12787
12789
12790
12791
12792
12794
12800
12801
12802
12803
12804
12806
12809
12810
12812
12813
12815
12816
12817
12818
12819
12820
12822
12823
12824
12826
12827
12829
12830
12834
12836
12838
12839
12840
12841
12844
12847
12852
12853
12856
12860
12861
12864
12865
12866
12870
12872
12875
12876
12878
12879
12880
12881
12882
12883
12884
12885
12886
12887
12888
12889
12890
12891
12892
12893
12894
12895
12896
12897
12900
12901
12903
12910
12911
12912
12913
12925
12926
12927
12928
12929
12930
12931
12932
12943
12944
12972
12976
12982
12986
12990
12992
12993
12994
12995
12998
12999
13000
13002
13003
13006
13007
13008
13009
13010
13013
13014
13015
13016
13017
13018
13020
13023
13024
13025
13026
13027
13031
13033
13034
13036
13037
13039
13040
13042
13043
13044
13046
13047
13051
13054
13055
13058
13061
13062
13063
13068
13072
13075
13076
13081
13082
13084
13085
13087
13095
13105
13114
13115
13117
13118
13119
13120
13122
13123
13128
13129
13132
13136
13139
13140
13141
13142
13143
13144
13145
13146
13147
13148
13149
13150
13151
13152
13153
13155
13156
13157
13158
13159
13160
13161
13164
13167
13168
13170
13171
13172
13173
13174
13175
13176
13177
13178
13179
13180
13182
13184
13185
13186
13187
13188
13189
13190
13191
13192
13193
13195
13196
13197
13198
13199
13200
13201
13202
13203
13204
13205
13206
13207
13211
13212
13215
13216
13217
13218
13219
13220
13222
13223
13224
13225
13226
13228
13229
13230
13231
13232
13233
13234
13235
13236
13237
13238
13239
13240
13241
13242
13243
13244
13245
13246
13247
13248
13249
13250
13255
13256
13258
13259
13260
13261
13262
13263
13264
13265
13266
13274
13275
13276
13277
13279
13280
13284
13285
13286
13289
13292
13293
13294
13295
13296
13297
13298
13299
13302
13304
13305
13308
13309
13315
13317
13321
13323
13324
13328
13333
13334
13335
13337
13343
13344
13347
13348
13349
13350
13356
13357
13358
13362
13366
13367
13368
13371
13379
13380
13381
13387
13388
13394
13398
13399
13401
13402
13409
13414
13415
13416
13420
13423
13424
13426
13428
13429
13433
13435
13436
13437
13439
13440
13444
13445
13446
13450
13452
13454
13455
13456
13457
13460
13461
13462
13464
13465
13466
13469
13470
13471
13476
13477
13479
13480
13481
13482
13483
13484
13485
13486
13488
13489
13490
13491
13492
13493
13494
13495
13496
13497
13498
13503
13504
13505
13508
13509
13510
13511
13512
13514
13521
13523
13524
13525
13526
13528
13529
13533
13534
13535
13536
13537
13538
13539
13540
13541
13542
13543
13544
13545
13546
13547
13548
13549
13551
13558
13559
13562
13563
13564
13565
13566
13567
13577
13579
13580
13581
13582
13583
13584
13587
13588
13589
13592
13594
13597
13600
13601
13603
13604
13606
13608
13609
13612
13613
13614
13618
13620
13621
13636
13642
13643
13646
13647
13648
13649
13650
13654
13657
13659
13660
13662
13665
13668
13669
13670
13671
13672
13673
13679
13680
13681
13683
13684
13686
13687
13688
13689
13690
13691
13692
13693
13694
13699
13700
13702
13704
13706
13708
13709
13711
13712
13714
13716
13717
13721
13722
13724
13725
13726
13731
13733
13734
13735
13736
13737
13738
13739
13745
13746
13749
13750
13751
13752
13753
13769
13772
13775
13776
13777
13778
13779
13780
13784
13790
13796
13797
13798
13799
13800
13802
13803
13804
13806
13807
13810
13815
13817
13818
13819
13821
13822
13823
13824
13825
13826
13827
13828
13829
13830
13831
13832
13833
13834
13835
13837
13838
13840
13843
13844
13846
13847
13848
13849
13850
13851
13852
13853
13854
13855
13856
13860
13862
13863
13864
13865
13868
13873
13874
13875
13877
13881
13884
13885
13886
13887
13888
13891
13892
13893
13894
13895
13896
13898
13899
13901
13902
13904
13906
13907
13908
13909
13910
13914
13915
13917
13919
13920
13921
13929
13936
13939
13941
13942
13944
13945
13946
13951
13952
13955
13956
13957
13962
13964
13965
13966
13967
13968
13969
13970
13971
13972
13973
13974
13975
13978
13979
13982
13983
13984
13985
13986
13987
13989
13990
13991
13992
13993
13995
13996
13997
13998
13999
14000
14007
14010
14013
14016
14023
14024
14026
14032
14034
14035
14038
14040
14041
14042
14043
14047
14048
14052
14053
14064
14065
14067
14068
14070
14085
14087
14089
14092
14094
14099
14100
14103
14104
14105
14112
14113
14114
14115
14117
14118
14119
14121
14123
14124
14125
14129
14130
14133
14134
14135
14136
14141
14142
14143
14144
14145
14147
14148
14150
14151
14153
14154
14156
14157
14159
14160
14161
14162
14163
14164
14167
14168
14169
14170
14171
14172
14173
14181
14182
14183
14184
14185
14186
14187
14189
14191
14194
14195
14196
14199
14200
14205
14207
14210
14211
14212
14213
14214
14215
14216
14217
14220
14221
14227
14228
14229
14232
14233
14234
14235
14236
14237
14239
14240
14241
14242
14243
14252
14253
14254
14255
14257
14258
14259
14261
14262
14263
14270
14271
14274
14276
14283
14289
14291
14292
14293
14302
14305
14307
14308
14309
14310
14311
14312
14313
14314
14317
14320
14321
14322
14326
14329
14330
14336
14337
14338
14339
14341
14346
14349
14350
14353
14355
14356
14358
14360
14364
14365
14366
14370
14371
14376
14378
14379
14380
14383
14384
14385
14393
14402
14403
14404
14405
14407
14408
14409
14414
14415
14416
14417
14418
14420
14421
14425
14426
14436
14438
14439
14440
14441
14442
14444
14446
14448
14450
14452
14453
14461
14463
14469
14473
14476
14477
14478
14479
14480
14481
14482
14483
14484
14485
14486
14487
14488
14489
14496
14498
14499
14501
14502
14503
14504
14505
14506
14508
14509
14521
14522
14525
14526
14533
14536
14542
14543
14544
14546
14547
14548
14549
14566
14568
14570
14572
14573
14574
14575
14580
14582
14583
14584
14585
14589
14591
14594
14595
14602
14606
14608
14609
14610
14611
14612
14613
14614
14615
14616
14617
14623
14625
14628
14636
14637
14638
14639
14640
14642
14644
14646
14648
14649
14650
14651
14652
14653
14661
14668
14671
14672
14673
14674
14679
14680
14683
14684
14685
14686
14687
14691
14693
14694
14695
14696
14698
14699
14700
14702
14703
14704
14706
14707
14708
14709
14710
14711
14712
14713
14714
14717
14721
14722
14723
14724
14725
14727
14730
14731
14732
14734
14737
14738
14745
14746
14756
14757
14758
14760
14763
14765
14771
14772
14774
14775
14776
14784
14785
14788
14790
14792
14794
14796
14797
14798
14800
14801
14802
14803
14804
14805
14806
14810
14811
14812
14813
14814
14815
14816
14817
14818
14819
14820
14821
14822
14823
14825
14826
14829
14831
14842
14843
14844
14846
14847
14848
14849
14850
14851
14852
14856
14857
14858
14862
14863
14867
14868
14870
14871
14875
14877
14878
14881
14882
14883
14884
14885
14886
14887
14888
14890
14891
14892
14893
14894
14895
14896
14898
14899
14904
14906
14910
14913
14914
14916
14919
14920
14922
14923
14924
14926
14928
14933
14934
14935
14939
14946
14954
14959
14970
14978
14980
14983
14987
14989
14990
14993
14994
14995
14996
14997
14998
14999
15001
15002
15006
15020
15021
15022
15023
15024
15025
15030
15032
15036
15041
15042
15043
15047
15052
15053
15057
15058
15059
15060
15062
15064
15065
15066
15068
15073
15075
15077
15078
15079
15082
15089
15090
15092
15093
15109
15110
15111
15112
15114
15115
15118
15120
15124
15126
15128
15132
15133
15138
15139
15141
15142
15143
15148
15150
15151
15153
15154
15157
15158
15159
15160
15161
15162
15163
15164
15165
15167
15169
15173
15174
15178
15180
15182
15190
15191
15192
15194
15196
15199
15200
15201
15202
15203
15204
15205
15209
15210
15211
15214
15215
15216
15218
15222
15223
15224
15225
15226
15227
15228
15230
15232
15233
15234
15238
15239
15240
15241
15242
15243
15244
15246
15248
15250
15251
15254
15255
15258
15261
15262
15264
15265
15266
15267
15269
15271
15274
15275
15276
15278
15283
15285
15286
15290
15294
15296
15297
15299
15300
15302
15303
15304
15305
15306
15308
15309
15310
15311
15312
15314
15315
15317
15318
15319
15320
15321
15322
15323
15325
15326
15327
15328
15329
15331
15332
15333
15334
15335
15337
15339
15342
15347
15349
15350
15363
15365
15366
15373
15375
15376
15378
15380
15383
15385
15386
15387
15390
15392
15394
15395
15396
15397
15399
15400
15401
15402
15403
15407
15408
15409
15411
15412
15413
15417
15419
15424
15425
15426
15427
15428
15429
15430
15431
15432
15433
15434
15435
15436
15437
15439
15440
15441
15442
15443
15444
15447
15448
15451
15454
15457
15459
15460
15467
15469
15470
15471
15477
15478
15480
15481
15482
15484
15485
15487
15491
15498
15499
15509
15514
15517
15519
15521
15522
15525
15526
15527
15528
15530
15532
15534
15538
15539
15540
15541
15542
15544
15547
15549
15550
15551
15555
15556
15558
15561
15579
15580
15582
15583
15585
15588
15590
15594
15598
15599
15600
15601
15602
15603
15604
15605
15607
15611
15612
15613
15614
15616
15621
15622
15623
15625
15626
15627
15634
15635
15636
15637
15638
15641
15642
15643
15644
15645
15646
15647
15649
15651
15652
15653
15654
15655
15657
15658
15659
15660
15661
15663
15665
15666
15667
15669
15670
15673
15674
15675
15676
15677
15679
15680
15681
15682
15683
15684
15685
15686
15687
15688
15689
15690
15691
15692
15693
15694
15697
15698
15699
15700
15701
15705
15706
15708
15709
15710
15711
15712
15713
15714
15715
15716
15717
15718
15719
15722
15723
15724
15729
15732
15735
15736
15741
15742
15743
15760
15764
15765
15766
15773
15774
15778
15779
15780
15787
15789
15790
15791
15792
15796
15801
15812
15821
15822
15829
15830
15838
15843
15850
15852
15856
15858
15859
15860
15861
15862
15863
15865
15867
15871
15872
15881
15885
15886
15887
15889
15891
15892
15893
15895
15898
15900
15905
15909
15913
15918
15920
15925
15927
15932
15935
15936
15939
15943
15944
15945
15947
15948
15949
15950
15954
15958
15959
15962
15963
15966
15967
15969
15973
15974
15982
15983
15984
15985
16021
16029
16030
16038
16042
16043
16044
16045
16046
16047
16048
16058
16064
16065
16068
16076
16077
16078
16086
16094
16098
16100
16101
16102
16109
16116
16121
16122
16128
16129
16131
16132
16134
16135
16137
16138
16139
16140
16143
16146
16147
16148
16157
16161
16162
16164
16169
16170
16172
16173
16176
16182
16183
16184
16185
16187
16188
16194
16196
16197
16198
16205
16207
16210
16211
16212
16213
16215
16216
16217
16218
16222
16223
16228
16231
16232
16235
16236
16238
16239
16242
16243
16245
16246
16247
16249
16250
16252
16253
16255
16256
16257
16258
16261
16263
16264
16265
16268
16269
16288
16289
16291
16294
16295
16296
16303
16304
16305
16306
16309
16310
16312
16314
16315
16316
16317
16319
16320
16322
16323
16324
16325
16328
16329
16330
16331
16332
16333
16334
16335
16336
16337
16345
16346
16347
16348
16351
16352
16353
16355
16356
16358
16360
16362
16363
16365
16368
16369
16370
16371
16372
16376
16377
16378
16380
16381
16382
16383
16384
16385
16386
16388
16390
16391
16397
16398
16405
16406
16408
16411
16415
16417
16423
16426
16427
16428
16432
16443
16444
16447
16448
16449
16450
16451
16452
16453
16455
16457
16458
16460
16461
16462
16466
16467
16468
16469
16470
16471
16473
16474
16475
16476
16478
16479
16480
16481
16482
16483
16484
16485
16486
16487
16488
16489
16490
16496
16498
16503
16505
16506
16516
16517
16518
16519
16520
16522
16526
16527
16530
16531
16534
16537
16538
16539
16544
16545
16554
16555
16556
16557
16558
16559
16560
16563
16565
16567
16569
16571
16573
16581
16584
16585
16587
16588
16589
16590
16593
16599
16600
16601
16602
16603
16604
16606
16607
16608
16609
16610
16611
16614
16615
16616
16617
16618
16620
16622
16624
16626
16627
16628
16629
16631
16632
16634
16635
16637
16638
16639
16640
16644
16645
16651
16655
16657
16658
16659
16660
16661
16667
16668
16669
16670
16672
16677
16678
16683
16685
16686
16688
16692
16697
16698
16700
16701
16703
16704
16705
16707
16708
16709
16710
16711
16712
16713
16714
16715
16716
16717
16718
16719
16721
16723
16740
16745
16746
16748
16749
16750
16751
16752
16753
16756
16759
16760
16763
16767
16768
16771
16772
16775
16778
16779
16780
16781
16782
16786
16787
16788
16789
16790
16797
16798
16801
16802
16807
16808
16811
16813
16814
16815
16816
16817
16818
16819
16823
16825
16826
16831
16832
16834
16835
16836
16837
16839
16841
16842
16843
16844
16847
16848
16849
16850
16851
16852
16853
16854
16855
16856
16857
16858
16859
16864
16865
16866
16868
16870
16871
16872
16873
16874
16880
16883
16884
16885
16886
16889
16890
16895
16896
16897
16898
16903
16909
16911
16912
16921
16924
16928
16931
16936
16937
16941
16946
16952
16953
16954
16956
16959
16961
16963
16964
16967
16968
16981
16989
16993
16994
16996
17001
17002
17004
17009
17011
17012
17018
17024
17026
17027
17036
17037
17039
17040
17041
17042
17043
17047
17049
17051
17052
17054
17068
17074
17076
17080
17081
17082
17083
17084
17085
17086
17088
17089
17090
17091
17092
17096
17097
17099
17101
17102
17103
17104
17105
17106
17107
17108
17109
17110
17111
17112
17113
17114
17117
17118
17119
17120
17121
17122
17124
17125
17126
17127
17128
17129
17130
17131
17132
17134
17135
17136
17137
17138
17139
17140
17141
17144
17146
17147
17148
17149
17150
17151
17152
17154
17158
17159
17160
17161
17162
17163
17164
17165
17166
17169
17170
17171
17172
17173
17176
17184
17190
17194
17196
17197
17199
17201
17202
17205
17208
17210
17211
17212
17213
17214
17215
17216
17217
17219
17221
17222
17223
17224
17225
17226
17227
17228
17229
17230
17231
17232
17233
17234
17235
17236
17238
17239
17240
17241
17242
17243
17244
17245
17246
17247
17248
17249
17250
17251
17252
17253
17254
17255
17256
17257
17258
17261
17262
17263
17264
17265
17268
17269
17271
17272
17273
17275
17276
17277
17278
17281
17282
17284
17285
17289
17293
17294
17295
17296
17297
17300
17301
17302
17304
17305
17306
17311
17312
17313
17314
17315
17316
17317
17318
17321
17322
17323
17324
17325
17326
17327
17328
17329
17330
17331
17332
17333
17335
17336
17337
17338
17339
17340
17341
17346
17347
17348
17349
17350
17351
17352
17353
17354
17355
17356
17357
17359
17361
17362
17363
17364
17365
17366
17367
17368
17369
17371
17372
17373
17374
17376
17377
17378
17379
17380
17381
17382
17383
17384
17385
17386
17387
17388
17389
17390
17391
17392
17393
17394
17395
17398
17399
17400
17402
17403
17404
17405
17406
17407
17408
17409
17410
17411
17412
17414
17416
17417
17418
17419
17420
17421
17422
17423
17424
17425
17426
17429
17430
17431
17433
17434
17435
17436
17438
17440
17441
17442
17443
17444
17445
17446
17447
17448
17449
17450
17451
17452
17454
17455
17456
17457
17458
17459
17460
17461
17462
17463
17464
17466
17467
17469
17470
17471
17472
17473
17474
17475
17476
17477
17478
17480
17482
17483
17484
17485
17486
17487
17488
17489
17490
17492
17494
17495
17498
17500
17501
17502
17503
17504
17508
17511
17517
17518
17519
17521
17522
17523
17524
17525
17526
17527
17528
17530
17531
17532
17539
17548
17549
17553
17556
17557
17558
17559
17565
17566
17567
17568
17569
17570
17571
17572
17573
17574
17576
17577
17578
17579
17582
17583
17585
17586
17591
17594
17595
17596
17597
17598
17599
17600
17601
17603
17604
17606
17607
17608
17609
17610
17611
17612
17613
17614
17615
17616
17618
17619
17620
17621
17624
17626
17627
17631
17635
17636
17640
17642
17643
17644
17645
17646
17647
17649
17652
17654
17655
17657
17658
17661
17663
17664
17665
17667
17669
17670
17672
17673
17678
17679
17680
17682
17685
17687
17688
17689
17694
17695
17697
17701
17707
17710
17711
17712
17713
17716
17718
17719
17720
17722
17723
17724
17725
17730
17731
17733
17734
17738
17753
17754
17756
17757
17764
17768
17774
17781
17783
17785
17786
17790
17794
17803
17805
17808
17809
17810
17813
17814
17815
17822
17832
17835
17842
17848
17851
17860
17868
17870
17876
17882
17886
17887
17889
17896
17901
17904
17913
17914
17915
17921
17925
17931
17932
17936
17938
17939
17949
17973
17988
17993
17994
17995
17997
17998
17999
18003
18004
18005
18006
18008
18009
18010
18012
18013
18014
18016
18017
18018
18020
18023
18026
18027
18029
18034
18038
18039
18047
18050
18052
18062
18063
18066
18075
18077
18078
18084
18085
18087
18090
18091
18092
18095
18097
18100
18105
18111
18114
18118
18124
18128
18130
18137
18140
18141
18144
18145
18146
18148
18151
18153
18154
18155
18157
18158
18163
18165
18167
18169
18170
18177
18180
18186
18212
18213
18218
18221
18222
18224
18225
18227
18238
18239
18243
18246
18248
18277
18282
18289
18291
18292
18293
18294
18299
18304
18311
18315
18316
18318
18323
18328
18329
18330
18348
18352
18354
18358
18360
18361
18362
18364
18365
18366
18368
18370
18375
18376
18377
18383
18384
18386
18387
18388
18389
18390
18392
18393
18394
18396
18397
18398
18399
18400
18401
18404
18405
18406
18407
18411
18413
18415
18420
18421
18423
18424
18427
18428
18429
18430
18432
18433
18434
18435
18436
18437
18438
18439
18440
18441
18442
18446
18451
18452
18453
18454
18455
18456
18458
18459
18460
18461
18462
18464
18465
18466
18467
18469
18470
18471
18474
18475
18476
18477
18478
18479
18483
18485
18489
18490
18491
18492
18493
18496
18498
18499
18500
18501
18502
18503
18504
18506
18507
18509
18511
18512
18513
18514
18515
18516
18517
18520
18524
18525
18526
18527
18528
18529
18530
18531
18535
18536
18538
18539
18540
18541
18542
18544
18547
18548
18549
18550
18551
18553
18554
18555
18557
18558
18560
18564
18565
18566
18567
18568
18569
18571
18573
18576
18577
18584
18585
18589
18591
18593
18594
18598
18600
18603
18604
18605
18606
18610
18612
18614
18616
18617
18618
18622
18625
18626
18627
18628
18629
18631
18632
18637
18640
18642
18643
18644
18645
18646
18647
18648
18650
18653
18655
18657
18659
18661
18662
18663
18665
18666
18667
18668
18669
18670
18672
18673
18674
18676
18677
18680
18681
18685
18686
18687
18688
18689
18695
18696
18698
18701
18702
18703
18704
18705
18706
18707
18708
18709
18710
18712
18713
18715
18716
18717
18718
18719
18720
18726
18727
18728
18729
18730
18731
18732
18733
18734
18735
18736
18737
18738
18739
18742
18743
18744
18745
18747
18749
18750
18751
18761
18762
18764
18765
18766
18767
18769
18770
18776
18779
18780
18786
18787
18789
18790
18791
18792
18793
18796
18800
18801
18804
18806
18807
18808
18809
18810
18814
18815
18820
18821
18822
18823
18826
18827
18828
18829
18830
18833
18834
18835
18837
18838
18839
18840
18842
18844
18845
18848
18849
18850
18852
18855
18856
18858
18859
18862
18865
18866
18868
18869
18870
18871
18875
18876
18882
18883
18884
18889
18890
18891
18894
18897
18898
18899
18901
18902
18903
18905
18906
18907
18908
18909
18912
18914
18916
18918
18921
18922
18923
18924
18925
18926
18930
18933
18934
18935
18937
18943
18946
18955
18959
18962
18963
18965
18968
18969
18970
18971
18972
18973
18975
18977
18978
18979
18980
18981
18982
18983
18984
18985
18987
18989
18992
18993
18997
18998
19002
19003
19005
19008
19010
19011
19013
19014
19015
19016
19017
19018
19019
19020
19021
19022
19025
19026
19027
19028
19029
19030
19031
19036
19039
19050
19051
19053
19054
19055
19057
19061
19064
19065
19066
19067
19071
19072
19075
19076
19078
19080
19081
19083
19085
19087
19088
19090
19091
19092
19093
19095
19096
19097
19098
19099
19100
19102
19104
19105
19106
19109
19110
19112
19113
19114
19116
19117
19118
19119
19120
19121
19122
19124
19125
19126
19127
19128
19129
19131
19132
19135
19136
19137
19139
19141
19143
19147
19150
19151
19152
19153
19154
19155
19156
19157
19158
19160
19161
19162
19163
19164
19165
19166
19167
19168
19169
19170
19171
19172
19175
19176
19177
19178
19179
19181
19182
19183
19184
19185
19186
19187
19188
19189
19191
19192
19193
19194
19195
19196
19197
19198
19200
19201
19202
19203
19204
19205
19206
19208
19210
19211
19212
19213
19214
19215
19217
19220
19223
19224
19226
19227
19229
19231
19232
19234
19236
19237
19238
19239
19240
19241
19243
19244
19245
19247
19250
19252
19254
19258
19259
19260
19262
19263
19265
19272
19279
19280
19281
19282
19286
19289
19291
19292
19293
19296
19300
19301
19302
19303
19304
19308
19310
19311
19312
19313
19314
19315
19319
19323
19324
19325
19326
19327
19328
19335
19337
19340
19341
19344
19347
19348
19350
19351
19357
19361
19363
19364
19365
19369
19370
19372
19374
19379
19383
19388
19401
19402
19403
19406
19407
19409
19410
19411
19412
19413
19414
19415
19418
19419
19426
19428
19430
19431
19432
19434
19435
19436
19437
19438
19441
19452
19454
19456
19460
19463
19464
19465
19468
19470
19471
19479
19485
19488
19491
19494
19496
19502
19503
19505
19506
19507
19509
19512
19513
19514
19515
19516
19517
19523
19526
19527
19528
19529
19532
19534
19535
19542
19546
19547
19548
19554
19555
19556
19557
19559
19560
19561
19563
19569
19571
19576
19579
19582
19583
19584
19585
19586
19591
19594
19596
19597
19598
19599
19600
19601
19603
19604
19607
19608
19610
19611
19612
19624
19626
19627
19629
19630
19634
19635
19638
19639
19641
19644
19645
19650
19655
19656
19659
19660
19661
19662
19663
19666
19667
19668
19669
19670
19675
19676
19677
19678
19679
19680
19681
19682
19683
19684
19685
19691
19692
19694
19696
19698
19699
19700
19701
19703
19704
19705
19706
19707
19708
19710
19711
19712
19713
19717
19719
19720
19721
19723
19731
19732
19733
19736
19737
19742
19748
19751
19752
19754
19756
19757
19758
19760
19761
19762
19767
19768
19770
19771
19772
19778
19780
19782
19784
19785
19786
19787
19788
19789
19791
19795
19796
19797
19798
19799
19800
19801
19805
19806
19807
19808
19810
19811
19812
19813
19814
19818
19819
19820
19822
19823
19824
19825
19826
19827
19832
19833
19834
19836
19837
19838
19839
19840
19841
19844
19845
19856
19857
19859
19860
19864
19865
19867
19871
19872
19873
19877
19878
19879
19881
19884
19885
19886
19887
19888
19890
19891
19892
19898
19900
19904
19908
19909
19914
19916
19917
19918
19921
19923
19925
19926
19929
19930
19933
19934
19935
19937
19938
19940
19941
19942
19943
19944
19945
19948
19949
19950
19951
19952
19953
19955
19956
19958
19959
19960
19962
19963
19964
19965
19974
19976
19980
19982
19983
19989
19992
19993
19995
20003
20007
20008
20011
20013
20015
20016
20017
20018
20019
20020
20023
20028
20029
20030
20031
20033
20037
20039
20044
20046
20047
20048
20049
20050
20054
20056
20061
20062
20064
20065
20067
20068
20069
20072
20073
20074
20075
20076
20077
20078
20082
20095
20098
20099
20100
20103
20105
20106
20109
20111
20114
20124
20125
20128
20130
20131
20132
20133
20134
20135
20136
20138
20140
20141
20146
20148
20153
20154
20157
20160
20161
20162
20163
20166
20167
20168
20170
20171
20173
20174
20175
20178
20179
20180
20181
20184
20185
20186
20187
20188
20189
20190
20191
20193
20197
20200
20203
20204
20205
20208
20209
20210
20211
20212
20215
20216
20217
20218
20219
20220
20222
20223
20224
20225
20226
20227
20228
20229
20230
20231
20234
20235
20236
20237
20238
20239
20240
20241
20242
20243
20244
20247
20248
20252
20255
20256
20257
20258
20259
20260
20261
20262
20264
20268
20269
20271
20272
20274
20276
20278
20280
20281
20283
20284
20285
20286
20288
20289
20290
20291
20292
20293
20294
20296
20297
20298
20299
20300
20302
20303
20304
20306
20307
20309
20310
20312
20313
20314
20315
20316
20324
20325
20326
20327
20328
20329
20331
20334
20336
20337
20338
20341
20344
20345
20346
20348
20349
20350
20351
20352
20353
20354
20355
20356
20360
20361
20362
20364
20366
20368
20369
20370
20371
20373
20377
20378
20379
20381
20382
20386
20387
20389
20392
20393
20394
20395
20399
20401
20402
20406
20407
20408
20409
20411
20412
20413
20414
20415
20416
20417
20419
20420
20421
20422
20424
20426
20427
20428
20429
20430
20432
20433
20436
20438
20440
20441
20442
20444
20447
20448
20449
20450
20451
20452
20453
20454
20456
20457
20458
20459
20460
20463
20466
20467
20468
20469
20470
20472
20473
20474
20477
20478
20479
20482
20483
20484
20494
20496
20497
20498
20499
20500
20501
20502
20504
20506
20507
20508
20509
20510
20512
20513
20514
20515
20516
20518
20521
20523
20529
20530
20531
20533
20534
20535
20536
20539
20541
20542
20544
20545
20546
20549
20550
20551
20554
20556
20557
20558
20560
20561
20565
20569
20571
20572
20577
20578
20579
20580
20582
20583
20584
20585
20587
20588
20589
20590
20593
