0
9
10
12
13
14
15
16
20
21
22
23
24
25
26
27
29
30
38
39
40
44
45
46
47
52
53
54
58
60
61
67
68
69
70
72
73
74
75
78
79
80
81
84
86
89
90
91
92
95
96
97
98
99
100
104
105
106
109
110
111
112
114
115
118
119
121
125
126
129
130
134
137
138
143
144
145
146
147
148
149
152
153
154
155
156
158
160
163
165
166
169
170
172
174
178
179
180
188
189
190
191
192
193
196
199
200
201
202
208
209
210
211
213
214
215
217
218
219
220
221
222
226
227
230
231
232
233
234
235
236
237
239
240
241
242
243
244
245
246
247
250
251
252
253
256
257
258
259
260
261
266
268
271
272
273
274
275
276
277
278
279
282
283
284
285
286
287
288
289
290
291
292
293
294
299
300
301
303
304
309
310
312
313
314
315
316
317
318
319
320
321
322
323
324
325
326
328
331
332
333
335
337
338
339
340
345
346
347
349
350
351
353
354
355
359
360
363
365
366
368
369
370
371
372
373
375
376
377
379
380
381
389
390
391
394
395
396
397
398
399
400
402
403
406
407
408
410
412
413
414
415
416
419
422
423
424
425
428
429
430
431
432
433
434
437
441
442
444
447
448
449
450
454
458
459
460
461
462
463
464
467
470
471
472
473
474
475
476
477
478
480
481
482
483
484
485
487
488
489
490
491
492
493
497
498
500
501
503
504
507
508
509
510
511
512
513
514
517
519
520
521
522
523
524
525
526
529
530
531
533
534
535
536
537
539
543
544
545
546
547
549
550
551
552
553
554
555
556
560
561
564
565
566
567
568
569
571
572
575
576
577
578
579
580
581
582
583
584
585
586
588
592
593
594
595
596
597
598
599
600
601
602
603
604
605
606
607
608
609
610
611
612
613
614
615
616
617
618
619
620
621
622
623
624
625
626
627
628
629
632
633
634
635
641
642
643
644
645
646
647
649
650
653
654
655
656
657
661
664
665
666
669
670
671
672
674
675
676
677
680
681
682
683
684
685
686
687
690
691
692
693
695
696
697
698
699
700
701
702
703
704
705
706
707
708
709
710
714
718
719
720
721
722
723
724
725
726
727
728
730
731
732
733
734
735
737
739
740
741
742
743
745
746
747
748
749
750
756
757
758
759
760
761
763
765
766
767
770
771
773
774
776
777
778
780
781
782
783
785
786
787
788
789
790
791
792
793
794
796
797
798
799
800
801
802
803
804
806
807
808
809
810
811
812
813
816
817
818
819
823
828
829
830
831
832
833
834
836
837
841
842
843
844
845
846
847
848
849
850
851
852
853
854
855
856
857
858
859
860
861
862
863
864
865
866
867
868
869
870
872
873
874
877
878
879
880
881
883
884
885
886
887
888
891
892
894
896
897
901
905
906
908
909
913
916
917
918
919
920
921
922
923
924
925
926
927
928
931
932
933
934
937
938
939
940
941
945
946
947
948
949
950
951
952
953
954
955
956
957
960
961
962
963
965
966
968
974
976
977
980
981
982
983
986
987
991
992
993
994
997
998
999
1000
1001
1002
1003
1005
1006
1007
1008
1009
1010
1011
1012
1013
1014
1015
1016
1017
1018
1019
1020
1021
1022
1023
1024
1025
1026
1027
1028
1030
1031
1032
1033
1034
1035
1036
1037
1039
1041
1042
1043
1044
1045
1047
1048
1049
1050
1052
1053
1057
1058
1059
1060
1061
1062
1063
1069
1077
1078
1081
1097
1098
1099
1100
1102
1112
1113
1115
1118
1119
1120
1131
1136
1137
1139
1140
1141
1142
1145
1146
1147
1149
1150
1151
1152
1153
1154
1155
1160
1161
1162
1163
1166
1169
1171
1172
1175
1176
1177
1178
1179
1180
1182
1184
1185
1186
1187
1188
1189
1190
1191
1192
1193
1194
1195
1196
1197
1198
1199
1200
1201
1202
1204
1205
1207
1208
1210
1212
1213
1214
1215
1216
1217
1218
1219
1220
1221
1222
1224
1225
1226
1227
1228
1229
1232
1233
1235
1237
1240
1241
1242
1243
1244
1245
1246
1247
1249
1250
1251
1252
1253
1254
1258
1260
1261
1263
1264
1269
1271
1296
1297
1298
1299
1300
1301
1302
1305
1309
1310
1311
1314
1315
1316
1317
1318
1319
1320
1321
1324
1325
1327
1328
1329
1330
1331
1332
1333
1334
1335
1336
1337
1338
1339
1340
1341
1342
1343
1344
1345
1349
1350
1351
1352
1353
1354
1356
1357
1359
1360
1361
1362
1364
1365
1366
1367
1368
1369
1371
1372
1373
1374
1375
1376
1377
1378
1379
1380
1383
1384
1386
1388
1389
1390
1391
1392
1393
1394
1396
1397
1398
1399
1402
1403
1404
1405
1406
1407
1409
1410
1411
1414
1415
1416
1417
1418
1419
1420
1421
1423
1424
1425
1426
1427
1432
1433
1435
1436
1437
1438
1439
1440
1441
1442
1443
1448
1456
1458
1459
1460
1461
1462
1463
1466
1467
1468
1470
1475
1476
1482
1484
1485
1490
1491
1492
1493
1501
1502
1504
1505
1506
1507
1508
1510
1512
1515
1516
1520
1521
1522
1523
1526
1527
1528
1536
1537
1538
1539
1540
1541
1542
1543
1546
1547
1548
1549
1550
1553
1554
1555
1556
1561
1562
1565
1566
1568
1569
1570
1571
1572
1573
1574
1576
1578
1579
1580
1581
1582
1583
1584
1585
1586
1587
1588
1594
1597
1598
1599
1601
1606
1607
1608
1612
1613
1614
1615
1616
1617
1618
1621
1622
1630
1635
1643
1655
1662
1663
1664
1670
1672
1673
1684
1685
1689
1703
1704
1705
1706
1707
1721
1722
1723
1728
1729
1749
1750
1752
1754
1758
1759
1762
1763
1765
1766
1767
1778
1785
1792
1799
1806
1814
1819
1820
1821
1826
1829
1831
1838
1854
1856
1860
1863
1864
1865
1866
1868
1870
1871
1873
1874
1877
1878
1884
1886
1897
1898
1899
1900
1901
1916
1917
1922
1923
1924
1927
1930
1931
1932
1934
1935
1938
1939
1940
1942
1943
1944
1945
1946
1950
1952
1955
1958
1961
1963
1966
1967
1971
1972
1978
1979
1980
1983
1989
1990
1991
1992
1993
1994
1997
2008
2011
2014
2015
2016
2018
2019
2020
2021
2022
2023
2024
2025
2027
2028
2029
2030
2031
2032
2034
2035
2036
2041
2042
2044
2045
2048
2051
2055
2056
2057
2060
2061
2062
2064
2066
2067
2070
2071
2072
2073
2074
2075
2076
2077
2078
2079
2080
2082
2083
2086
2087
2089
2091
2093
2095
2096
2097
2098
2099
2100
2101
2102
2103
2105
2106
2109
2110
2111
2112
2113
2114
2115
2120
2127
2129
2134
2138
2139
2141
2142
2143
2144
2146
2147
2149
2150
2151
2152
2153
2154
2156
2157
2159
2161
2162
2163
2164
2165
2170
2171
2172
2173
2174
2180
2184
2186
2187
2188
2189
2191
2193
2194
2196
2197
2198
2201
2202
2203
2204
2205
2208
2209
2210
2211
2212
2214
2215
2216
2217
2218
2219
2220
2221
2222
2223
2229
2233
2234
2235
2236
2239
2240
2242
2244
2245
2246
2248
2249
2251
2254
2255
2258
2259
2260
2261
2262
2263
2266
2268
2269
2270
2271
2272
2273
2275
2276
2277
2278
2279
2280
2282
2283
2284
2285
2286
2287
2288
2293
2294
2296
2297
2298
2299
2300
2302
2303
2305
2306
2307
2309
2310
2311
2312
2313
2314
2315
2316
2317
2318
2319
2320
2321
2322
2323
2324
2325
2326
2327
2328
2329
2330
2331
2332
2333
2334
2335
2336
2337
2338
2339
2340
2345
2346
2347
2348
2353
2354
2355
2357
2358
2359
2360
2361
2362
2363
2364
2372
2373
2374
2375
2376
2378
2379
2380
2381
2386
2387
2388
2389
2390
2392
2394
2400
2401
2402
2403
2404
2407
2409
2410
2411
2412
2417
2418
2419
2420
2421
2423
2424
2426
2429
2430
2431
2432
2433
2434
2435
2436
2438
2439
2441
2442
2443
2444
2445
2448
2449
2450
2451
2452
2455
2457
2458
2459
2464
2469
2470
2472
2473
2474
2475
2476
2477
2478
2479
2480
2481
2485
2488
2489
2490
2491
2492
2497
2498
2499
2500
2502
2505
2506
2507
2508
2509
2510
2511
2512
2513
2514
2517
2525
2526
2529
2530
2535
2536
2537
2538
2541
2542
2543
2544
2545
2546
2548
2549
2550
2553
2554
2555
2556
2563
2564
2565
2566
2567
2568
2570
2571
2572
2576
2577
2578
2579
2580
2581
2582
2587
2588
2592
2594
2600
2601
2602
2603
2604
2605
2606
2608
2609
2610
2613
2615
2616
2617
2625
2626
2627
2628
2629
2630
2631
2634
2635
2636
2640
2641
2642
2643
2649
2650
2651
2652
2653
2654
2656
2661
2665
2669
2670
2671
2673
2674
2675
2676
2677
2678
2679
2680
2681
2682
2683
2684
2685
2686
2687
2688
2689
2690
2691
2692
2693
2694
2695
2696
2697
2698
2699
2704
2705
2706
2707
2708
2709
2712
2713
2714
2718
2720
2721
2722
2723
2726
2727
2728
2730
2732
2733
2734
2735
2737
2738
2740
2741
2742
2743
2744
2745
2746
2750
2751
2752
2753
2754
2755
2756
2763
2766
2767
2768
2769
2770
2772
2775
2777
2778
2782
2783
2784
2785
2786
2800
2804
2805
2806
2807
2808
2809
2810
2811
2818
2819
2820
2821
2822
2826
2831
2839
2840
2841
2844
2846
2847
2848
2849
2853
2854
2855
2856
2857
2858
2859
2860
2863
2864
2865
2866
2867
2881
2882
2884
2885
2886
2887
2888
2889
2890
2891
2892
2893
2894
2895
2896
2897
2899
2900
2901
2903
2905
2906
2907
2909
2911
2912
2913
2914
2915
2916
2917
2923
2924
2925
2926
2927
2928
2929
2930
2935
2943
2944
2946
2947
2948
2949
2952
2957
2960
2961
2962
2963
2964
2967
2968
2969
2970
2975
2976
2977
2978
2979
2983
2986
2987
2988
2989
2990
2991
2992
2993
2995
2996
2997
3004
3010
3011
3012
3014
3015
3016
3017
3018
3020
3021
3022
3024
3026
3034
3037
3039
3040
3041
3042
3043
3044
3045
3046
3047
3048
3049
3050
3051
3054
3055
3056
3057
3063
3064
3067
3068
3069
3076
3078
3080
3081
3084
3087
3088
3089
3090
3091
3093
3094
3095
3096
3097
3104
3111
3112
3113
3114
3115
3116
3117
3119
3120
3121
3123
3124
3126
3127
3128
3129
3130
3131
3132
3133
3134
3139
3141
3142
3143
3144
3145
3146
3148
3149
3150
3151
3152
3153
3155
3156
3159
3160
3161
3162
3163
3164
3170
3175
3176
3179
3180
3181
3184
3185
3186
3187
3188
3189
3190
3191
3193
3195
3197
3198
3203
3204
3205
3207
3208
3209
3210
3212
3213
3214
3218
3219
3220
3221
3222
3223
3224
3225
3226
3227
3228
3232
3237
3238
3239
3244
3246
3247
3248
3249
3250
3253
3254
3255
3256
3257
3258
3259
3260
3262
3263
3264
3265
3266
3267
3270
3271
3272
3274
3281
3283
3284
3285
3286
3287
3288
3289
3290
3291
3294
3295
3297
3298
3299
3300
3301
3302
3306
3310
3311
3312
3313
3314
3315
3318
3319
3320
3321
3322
3323
3324
3325
3326
3327
3328
3329
3330
3331
3332
3333
3334
3335
3336
3337
3338
3339
3340
3341
3342
3343
3344
3345
3346
3347
3348
3349
3351
3352
3353
3354
3355
3356
3357
3358
3359
3360
3361
3362
3363
3364
3365
3366
3368
3370
3371
3372
3373
3375
3376
3377
3378
3379
3380
3382
3383
3384
3385
3386
3387
3388
3389
3390
3391
3392
3393
3394
3395
3396
3397
3398
3399
3400
3401
3402
3403
3404
3405
3406
3407
3408
3411
3412
3413
3414
3416
3417
3418
3419
3420
3421
3422
3423
3427
3428
3429
3430
3431
3432
3433
3434
3435
3436
3437
3438
3439
3440
3441
3442
3443
3444
3445
3446
3447
3448
3451
3452
3455
3456
3457
3458
3459
3460
3463
3464
3465
3466
3467
3469
3471
3472
3473
3474
3475
3476
3477
3478
3479
3480
3481
3482
3483
3484
3485
3486
3487
3488
3489
3490
3491
3492
3493
3494
3495
3496
3497
3500
3504
3515
3516
3517
3518
3520
3521
3523
3524
3526
3527
3528
3529
3530
3531
3532
3533
3534
3535
3536
3537
3538
3539
3543
3547
3548
3549
3550
3551
3552
3555
3556
3557
3558
3559
3560
3561
3562
3563
3567
3569
3570
3573
3574
3575
3576
3577
3578
3580
3581
3582
3586
3587
3590
3591
3594
3595
3596
3597
3599
3600
3601
3602
3603
3604
3606
3607
3608
3609
3610
3611
3612
3613
3614
3615
3616
3617
3621
3623
3624
3625
3626
3627
3628
3630
3631
3632
3633
3637
3638
3639
3641
3642
3643
3644
3645
3646
3647
3648
3649
3650
3651
3652
3653
3654
3656
3657
3658
3659
3660
3661
3662
3663
3664
3665
3666
3667
3668
3669
3670
3671
3672
3673
3674
3678
3679
3680
3681
3682
3683
3684
3685
3686
3687
3688
3689
3690
3691
3692
3693
3694
3695
3696
3697
3698
3699
3700
3701
3702
3703
3704
3705
3706
3707
3708
3709
3710
3711
3716
3717
3718
3719
3720
3721
3722
3724
3725
3726
3727
3728
3729
3730
3731
3732
3733
3734
3735
3736
3737
3738
3739
3740
3741
3742
3743
3744
3745
3746
3747
3748
3749
3750
3751
3752
3753
3754
3755
3756
3757
3758
3759
3760
3761
3762
3763
3765
3766
3767
3802
3803
3810
3811
3819
3825
3828
3830
3831
3834
3835
3836
3837
3838
3839
3840
3841
3842
3843
3844
3845
3846
3848
3849
3850
3851
3853
3854
3855
3856
3857
3859
3860
3861
3862
3863
3864
3865
3870
3871
3872
3874
3875
3876
3877
3878
3880
3883
3884
3885
3886
3887
3888
3889
3890
3892
3895
3896
3898
3899
3900
3901
3903
3905
3906
3907
3910
3912
3914
3916
3917
3918
3920
3921
3923
3924
3925
3926
3927
3928
3929
3930
3931
3933
3934
3935
3938
3939
3940
3941
3942
3943
3944
3945
3946
3947
3950
3953
3954
3955
3956
3957
3962
3964
3965
3966
3967
3972
3980
3981
3982
3984
3985
3987
3988
3989
3990
3995
3996
3997
4004
4005
4008
4014
4027
4028
4029
4030
4031
4032
4033
4034
4035
4036
4037
4038
4039
4040
4041
4045
4046
4051
4052
4053
4056
4057
4062
4063
4064
4067
4071
4072
4075
4076
4077
4078
4079
4080
4083
4084
4087
4088
4091
4092
4095
4096
4098
4099
4100
4103
4105
4108
4109
4112
4113
4114
4115
4116
4122
4123
4124
4125
4126
4127
4128
4129
4130
4131
4134
4136
4137
4138
4140
4142
4143
4144
4145
4146
4147
4148
4149
4150
4151
4166
4167
4168
4169
4170
4171
4172
4173
4174
4175
4178
4179
4184
4219
4220
4221
4222
4223
4224
4227
4228
4231
4232
4233
4245
4246
4247
4251
4252
4253
4259
4260
4262
4263
4264
4265
4266
4267
4268
4269
4270
4271
4274
4275
4276
4277
4278
4282
4283
4286
4287
4292
4293
4296
4297
4298
4299
4310
4317
4318
4321
4323
4324
4325
4326
4327
4342
4343
4360
4361
4370
4376
4377
4382
4388
4389
4390
4391
4396
4401
4420
4429
4436
4437
4440
4441
4443
4444
4446
4453
4456
4497
4504
4519
4534
4538
4539
4551
4559
4562
4565
4573
4585
4591
4607
4614
4615
4616
4617
4618
4619
4620
4624
4626
4628
4639
4656
4658
4664
4666
4667
4668
4669
4670
4671
4673
4674
4695
4699
4705
4727
4730
4733
4738
4740
4741
4752
4753
4755
4756
4759
4762
4766
4776
4786
4787
4788
4793
4794
4795
4796
4797
4798
4799
4800
4801
4802
4807
4808
4809
4810
4811
4815
4816
4817
4818
4819
4820
4821
4822
4823
4827
4828
4832
4836
4837
4838
4839
4840
4841
4842
4843
4847
4857
4858
4861
4863
4864
4865
4866
4867
4868
4869
4876
4877
4878
4879
4880
4894
4895
4896
4897
4898
4901
4902
4906
4907
4908
4909
4910
4911
4913
4918
4919
4921
4924
4925
4926
4927
4930
4931
4932
4933
4934
4935
4940
4941
4945
4950
4951
4952
4953
4954
4955
4958
4959
4960
4966
4967
4970
4971
4973
4974
4975
4976
4978
4979
4980
4989
4991
5007
5008
5009
5010
5011
5012
5013
5014
5023
5029
5030
5033
5037
5038
5039
5041
5042
5043
5044
5045
5048
5049
5050
5051
5052
5053
5054
5055
5056
5057
5058
5059
5061
5062
5063
5064
5065
5066
5069
5082
5092
5093
5094
5095
5097
5098
5104
5105
5106
5109
5110
5111
5113
5114
5117
5118
5119
5120
5127
5128
5137
5138
5140
5141
5146
5153
5154
5155
5156
5157
5158
5160
5162
5164
5165
5166
5167
5171
5172
5179
5180
5181
5200
5201
5204
5205
5208
5209
5210
5211
5213
5214
5220
5221
5224
5227
5228
5229
5236
5238
5239
5247
5248
5249
5251
5252
5253
5254
5256
5257
5258
5259
5260
5262
5265
5271
5272
5274
5275
5291
5292
5293
5294
5299
5300
5302
5303
5304
5305
5307
5310
5311
5312
5313
5314
5315
5316
5317
5319
5321
5322
5323
5324
5326
5327
5330
5332
5334
5337
5343
5344
5347
5354
5355
5366
5367
5372
5374
5375
5376
5379
5380
5382
5383
5384
5385
5386
5387
5390
5391
5392
5393
5394
5396
5397
5398
5399
5400
5403
5404
5405
5406
5407
5408
5410
5411
5413
5414
5416
5418
5422
5426
5427
5428
5432
5437
5439
5440
5442
5446
5447
5449
5451
5452
5453
5456
5457
5458
5459
5463
5464
5465
5468
5469
5470
5472
5475
5476
5477
5478
5480
5482
5483
5486
5488
5491
5492
5493
5494
5495
5496
5502
5503
5504
5505
5506
5508
5509
5510
5511
5515
5516
5517
5518
5521
5522
5523
5524
5525
5526
5527
5528
5529
5530
5531
5532
5535
5541
5556
5560
5563
5564
5565
5566
5567
5569
5570
5571
5572
5573
5574
5575
5576
5577
5578
5581
5582
5583
5585
5587
5588
5589
5590
5592
5593
5595
5596
5597
5599
5600
5604
5605
5606
5607
5611
5614
5616
5618
5620
5621
5622
5623
5626
5629
5632
5633
5636
5637
5638
5639
5640
5641
5642
5643
5644
5645
5646
5647
5648
5649
5650
5653
5654
5656
5657
5665
5666
5667
5668
5669
5670
5671
5672
5673
5682
5683
5684
5689
5690
5691
5694
5695
5696
5697
5699
5700
5705
5710
5711
5712
5713
5714
5716
5717
5718
5719
5720
5722
5723
5725
5726
5727
5728
5729
5734
5735
5736
5737
5738
5739
5740
5741
5742
5744
5745
5746
5749
5750
5751
5752
5753
5754
5756
5758
5763
5764
5765
5766
5767
5768
5770
5771
5773
5774
5775
5776
5777
5778
5782
5783
5785
5788
5789
5790
5791
5793
5794
5795
5799
5800
5801
5802
5803
5804
5805
5807
5808
5814
5816
5817
5820
5821
5822
5823
5824
5828
5829
5832
5845
5847
5848
5849
5850
5852
5853
5854
5877
5880
5881
5882
5887
5888
5889
5892
5893
5894
5895
5896
5900
5902
5903
5919
5920
5924
5926
5927
5934
5953
5954
5955
5959
5967
5968
5969
5971
5972
5978
5986
5989
5993
5994
5998
6011
6012
6014
6016
6017
6018
6030
6054
6055
6061
6074
6092
6157
6169
6176
6181
6187
6195
6196
6216
6226
6247
6262
6263
6269
6270
6271
6272
6273
6277
6281
6287
6301
6306
6308
6311
6312
6313
6314
6317
6318
6319
6337
6341
6378
6379
6381
6404
6441
6448
6476
6477
6498
6502
6510
6511
6512
6520
6521
6523
6524
6525
6531
6532
6534
6535
6536
6537
6543
6544
6545
6546
6547
6548
6549
6550
6551
6552
6553
6574
6575
6576
6577
6578
6579
6580
6581
6591
6615
6616
6623
6625
6659
6681
6690
6691
6694
6697
6722
6723
6724
6760
6779
6783
6793
6810
6811
6812
6817
6831
6833
6839
6842
6843
6846
6851
6852
6853
6854
6855
6856
6857
6859
6861
6862
6864
6865
6866
6867
6868
6870
6883
6889
6890
6891
6892
6893
6894
6895
6896
6897
6899
6900
6901
6902
6903
6904
6907
6908
6909
6929
6930
6931
6932
6933
6934
6935
6936
6937
6938
6939
6940
6942
6943
6944
6945
6949
6950
6952
6956
6966
6967
6968
6969
6970
6971
6973
6974
6976
6977
6979
6983
6987
6988
6995
6997
6998
7000
7001
7004
7005
7007
7014
7021
7023
7024
7028
7029
7030
7034
7035
7036
7039
7041
7042
7043
7045
7047
7048
7052
7054
7056
7057
7071
7072
7075
7076
7077
7081
7085
7087
7088
7089
7092
7093
7096
7097
7098
7099
7101
7110
7112
7113
7114
7115
7116
7117
7118
7120
7128
7135
7137
7138
7148
7153
7154
7155
7159
7160
7161
7162
7163
7165
7166
7169
7170
7171
7172
7174
7180
7181
7185
7186
7187
7188
7189
7194
7198
7199
7206
7207
7208
7209
7210
7211
7212
7215
7216
7217
7218
7225
7227
7228
7229
7234
7242
7243
7244
7245
7246
7247
7248
7250
7253
7254
7255
7256
7257
7259
7260
7261
7262
7264
7265
7266
7267
7268
7269
7274
7275
7276
7277
7278
7279
7280
7281
7283
7284
7288
7289
7291
7292
7293
7294
7295
7296
7297
7298
7309
7312
7317
7318
7319
7320
7321
7323
7324
7325
7329
7333
7334
7335
7336
7338
7341
7342
7343
7348
7349
7355
7356
7357
7358
7359
7360
7366
7367
7369
7373
7374
7375
7376
7378
7379
7381
7382
7383
7384
7385
7386
7390
7391
7392
7393
7394
7397
7398
7399
7400
7403
7404
7405
7406
7409
7411
7418
7419
7420
7421
7426
7429
7430
7431
7432
7437
7440
7441
7444
7445
7447
7451
7459
7460
7461
7462
7465
7473
7490
7491
7492
7493
7494
7495
7496
7497
7498
7499
7500
7501
7502
7503
7504
7505
7506
7507
7508
7514
7518
7519
7520
7521
7527
7530
7548
7549
7550
7551
7552
7559
7560
7562
7563
7571
7577
7589
7590
7591
7592
7594
7599
7600
7601
7602
7603
7605
7607
7609
7610
7611
7613
7615
7616
7620
7622
7623
7631
7632
7634
7635
7644
7646
7648
7649
7650
7651
7659
7661
7667
7668
7672
7673
7685
7686
7691
7692
7693
7694
7695
7703
7704
7705
7706
7708
7709
7710
7711
7713
7714
7715
7719
7720
7723
7724
7725
7726
7727
7728
7731
7732
7733
7734
7735
7742
7743
7748
7749
7750
7751
7753
7755
7756
7757
7759
7760
7761
7762
7763
7764
7765
7767
7770
7773
7774
7775
7793
7795
7796
7801
7802
7803
7804
7805
7806
7811
7812
7815
7816
7817
7818
7821
7822
7824
7825
7827
7830
7831
7835
7836
7837
7838
7840
7841
7843
7844
7845
7846
7847
7848
7849
7850
7851
7853
7854
7855
7857
7858
7860
7861
7862
7865
7866
7868
7871
7876
7877
7878
7881
7882
7887
7891
7892
7893
7894
7895
7896
7897
7899
7900
7904
7905
7906
7907
7908
7910
7911
7912
7915
7918
7921
7924
7925
7926
7927
7928
7932
7933
7934
7938
7940
7942
7943
7944
7945
7949
7953
7954
7955
7956
7957
7962
7963
7973
7974
7975
7976
7977
7979
7981
7983
7984
7985
7987
7989
7992
7994
7995
7996
7997
7998
8001
8002
8003
8004
8006
8008
8012
8014
8018
8019
8020
8021
8023
8024
8025
8027
8028
8031
8032
8033
8034
8035
8037
8038
8043
8046
8049
8050
8058
8061
8062
8064
8065
8066
8067
8068
8069
8081
8082
8085
8086
8087
8095
8096
8097
8098
8106
8109
8113
8114
8115
8120
8121
8127
8137
8139
8140
8141
8142
8144
8154
8162
8163
8164
8165
8166
8178
8179
8192
8193
8196
8197
8202
8205
8206
8207
8208
8210
8215
8219
8227
8236
8237
8238
8239
8240
8241
8242
8243
8245
8246
8250
8251
8254
8256
8257
8258
8259
8261
8262
8263
8264
8266
8269
8270
8271
8272
8274
8275
8282
8283
8284
8285
8286
8309
8329
8335
8336
8337
8338
8339
8340
8341
8342
8345
8346
8348
8349
8350
8351
8352
8353
8354
8355
8357
8358
8360
8362
8363
8364
8365
8366
8369
8371
8372
8375
8376
8377
8378
8379
8380
8390
8391
8395
8397
8398
8399
8401
8403
8404
8405
8408
8409
8410
8411
8412
8413
8417
8427
8430
8431
8437
8438
8452
8463
8464
8468
8469
8470
8471
8472
8473
8474
8476
8477
8481
8482
8485
8491
8521
8523
8530
8532
8533
8536
8537
8538
8539
8553
8555
8557
8559
8564
8565
8566
8575
8576
8577
8578
8579
8582
8583
8584
8592
8593
8598
8599
8601
8609
8610
8611
8612
8617
8618
8619
8625
8626
8628
8629
8630
8631
8632
8649
8708
8713
8714
8715
8723
8732
8745
8754
8762
8802
8803
8804
8814
8815
8835
8837
8847
8857
8889
8901
8915
8925
8931
8933
8934
8935
8942
8946
8949
8950
8960
8974
8977
8978
8982
8983
8984
8986
8988
8990
8999
9003
9011
9013
9031
9047
9050
9055
9056
9063
9064
9069
9070
9076
9078
9090
9100
9101
9106
9107
9108
9109
9114
9116
9118
9124
9134
9139
9141
9142
9150
9151
9153
9154
9155
9156
9160
9162
9164
9165
9168
9169
9172
9173
9182
9185
9186
9188
9189
9192
9196
9197
9198
9199
9201
9202
9203
9205
9206
9207
9208
9209
9212
9213
9214
9215
9216
9221
9222
9223
9224
9226
9227
9228
9229
9231
9232
9233
9234
9235
9236
9237
9238
9239
9240
9250
9251
9252
9255
9256
9258
9262
9263
9264
9266
9271
9272
9273
9274
9275
9276
9277
9278
9281
9282
9283
9284
9285
9286
9287
9288
9289
9290
9291
9292
9293
9294
9295
9296
9297
9303
9304
9307
9308
9310
9318
9319
9320
9321
9322
9325
9327
9328
9329
9332
9333
9334
9337
9338
9339
9341
9342
9343
9344
9345
9346
9350
9352
9358
9359
9362
9363
9364
9366
9367
9368
9369
9370
9371
9377
9378
9379
9381
9382
9383
9384
9385
9386
9387
9402
9408
9409
9410
9411
9412
9413
9414
9415
9416
9417
9418
9420
9422
9423
9424
9425
9426
9427
9428
9429
9430
9431
9435
9440
9441
9442
9443
9444
9445
9446
9447
9448
9451
9452
9455
9458
9459
9460
9462
9463
9464
9465
9466
9467
9468
9469
9470
9472
9474
9475
9477
9478
9482
9484
9486
9487
9488
9489
9490
9491
9492
9493
9499
9502
9505
9506
9507
9508
9509
9510
9511
9512
9513
9514
9515
9516
9517
9518
9519
9520
9521
9522
9523
9524
9525
9526
9527
9528
9529
9530
9531
9532
9533
9534
9535
9536
9537
9540
9541
9542
9543
9544
9546
9547
9548
9549
9550
9553
9554
9555
9556
9557
9558
9559
9560
9561
9563
9565
9566
9567
9568
9570
9571
9572
9573
9574
9576
9577
9581
9582
9583
9584
9585
9588
9589
9591
9592
9596
9597
9599
9600
9602
9603
9604
9605
9610
9611
9612
9613
9614
9615
9616
9617
9618
9619
9620
9621
9622
9623
9624
9625
9626
9627
9628
9629
9630
9631
9632
9633
9634
9635
9636
9637
9638
9639
9640
9641
9642
9643
9645
9646
9647
9648
9649
9650
9651
9652
9653
9655
9656
9658
9659
9661
9662
9665
9666
9669
9670
9671
9672
9674
9675
9676
9678
9679
9680
9681
9684
9685
9686
9687
9689
9690
9691
9692
9693
9695
9697
9698
9699
9701
9702
9703
9704
9708
9710
9714
9715
9718
9727
9728
9730
9731
9732
9734
9735
9736
9737
9739
9740
9748
9750
9751
9752
9757
9758
9759
9760
9761
9762
9764
9767
9768
9769
9770
9771
9772
9773
9774
9777
9778
9779
9781
9782
9783
9784
9785
9786
9792
9793
9794
9795
9796
9797
9799
9802
9803
9804
9807
9808
9813
9814
9824
9825
9828
9834
9835
9836
9837
9838
9839
9842
9843
9844
9845
9847
9848
9849
9851
9852
9853
9854
9855
9858
9861
9862
9863
9864
9865
9866
9867
9869
9870
9873
9874
9875
9879
9880
9888
9890
9891
9897
9899
9900
9901
9904
9905
9907
9908
9909
9910
9913
9922
9924
9926
9929
9933
9934
9937
9942
9953
9954
9955
9956
9958
9959
9962
9966
9967
9971
9979
9981
9982
9986
9990
9992
9994
9998
9999
10002
10005
10006
10007
10012
10014
10016
10017
10019
10020
10021
10028
10030
10031
10034
10035
10040
10042
10043
10044
10045
10046
10047
10049
10053
10054
10055
10056
10057
10058
10060
10061
10063
10066
10067
10068
10069
10070
10075
10077
10081
10082
10083
10084
10085
10090
10092
10093
10094
10095
10096
10098
10099
10100
10101
10102
10104
10105
10106
10107
10108
10109
10113
10116
10117
10118
10119
10120
10121
10124
10125
10126
10127
10128
10129
10130
10131
10132
10133
10134
10135
10136
10137
10138
10139
10140
10141
10142
10143
10144
10147
10148
10149
10150
10151
10152
10153
10154
10159
10160
10161
10162
10163
10164
10165
10166
10167
10168
10169
10170
10171
10173
10179
10180
10181
10182
10183
10184
10185
10186
10187
10191
10193
10194
10195
10196
10198
10199
10200
10201
10204
10205
10206
10207
10208
10210
10211
10212
10213
10214
10215
10216
10217
10218
10219
10220
10221
10224
10231
10232
10233
10234
10235
10239
10240
10243
10246
10248
10249
10250
10251
10252
10257
10259
10260
10261
10262
10264
10266
10267
10268
10271
10272
10274
10275
10276
10279
10281
10286
10288
10289
10290
10291
10292
10293
10294
10295
10296
10297
10298
10299
10300
10304
10305
10306
10307
10309
10310
10311
10314
10317
10321
10322
10331
10332
10333
10335
10336
10347
10348
10354
10356
10361
10366
10377
10380
10382
10383
10384
10385
10386
10387
10388
10392
10393
10395
10397
10398
10399
10401
10403
10404
10407
10408
10410
10412
10415
10416
10417
10420
10425
10426
10427
10428
10430
10431
10432
10433
10437
10438
10439
10440
10441
10443
10445
10446
10448
10452
10453
10457
10458
10459
10462
10463
10464
10468
10469
10471
10472
10473
10474
10482
10483
10484
10487
10488
10489
10490
10491
10495
10497
10498
10499
10500
10501
10503
10504
10505
10506
10507
10508
10509
10512
10515
10517
10518
10520
10521
10522
10525
10526
10531
10532
10534
10535
10536
10537
10538
10539
10541
10550
10554
10555
10556
10557
10559
10563
10564
10565
10566
10567
10575
10576
10577
10578
10579
10580
10584
10585
10587
10588
10589
10590
10591
10592
10593
10594
10597
10598
10599
10600
10603
10606
10607
10610
10611
10612
10613
10616
10617
10619
10620
10621
10622
10624
10627
10628
10631
10632
10633
10634
10635
10636
10637
10638
10643
10647
10651
10654
10658
10659
10665
10666
10667
10668
10674
10676
10679
10680
10683
10684
10687
10699
10700
10701
10702
10704
10713
10714
10717
10726
10730
10732
10733
10742
10746
10747
10748
10750
10751
10758
10759
10760
10762
10766
10771
10779
10781
10782
10785
10788
10789
10791
10792
10793
10794
10796
10797
10800
10803
10804
10806
10807
10808
10809
10810
10811
10812
10817
10818
10821
10823
10825
10826
10828
10829
10832
10833
10835
10836
10837
10838
10840
10841
10843
10844
10847
10848
10849
10850
10851
10852
10854
10888
10889
10890
10891
10894
10897
10898
10900
10901
10902
10903
10910
10925
10926
10927
10929
10930
10935
10936
10937
10939
10940
10943
10944
10945
10946
10947
10952
10953
10958
10959
10960
10961
10962
10963
10964
10965
10966
10967
10969
10970
10971
10973
10974
10976
10977
10981
10982
10983
10984
10986
10993
11005
11006
11007
11009
11010
11013
11014
11015
11016
11017
11021
11024
11025
11026
11028
11032
11033
11034
11035
11036
11037
11038
11039
11040
11049
11053
11054
11056
11066
11068
11069
11070
11072
11073
11075
11076
11077
11079
11084
11085
11086
11087
11088
11089
11091
11094
11095
11100
11101
11106
11107
11108
11109
11112
11113
11114
11115
11116
11124
11125
11126
11127
11128
11129
11130
11131
11132
11133
11137
11138
11139
11140
11146
11147
11148
11149
11150
11151
11152
11153
11154
11157
11158
11159
11160
11161
11162
11163
11164
11165
11166
11167
11168
11169
11170
11172
11173
11174
11175
11176
11177
11188
11189
11190
11191
11193
11194
11195
11209
11210
11212
11217
11218
11223
11225
11226
11230
11231
11232
11246
11250
11251
11260
11261
11267
11282
11291
11292
11299
11303
11304
11305
11308
11309
11310
11313
11315
11316
11317
11323
11326
11328
11329
11330
11331
11332
11333
11334
11335
11336
11337
11338
11339
11350
11356
11380
11381
11387
11405
11410
11411
11419
11450
11452
11459
11461
11488
11495
11543
11544
11545
11547
11552
11555
11557
11558
11560
11563
11564
11570
11574
11576
11583
11594
11596
11604
11605
11606
11607
11608
11609
11610
11611
11612
11619
11620
11624
11639
11645
11648
11661
11664
11666
11668
11671
11673
11675
11679
11680
11681
11682
11696
11697
11700
11709
11710
11713
11715
11731
11732
11734
11735
11736
11744
11746
11749
11752
11754
11755
11756
11757
11758
11762
11763
11765
11766
11768
11769
11770
11771
11772
11773
11774
11775
11778
11780
11781
11782
11783
11784
11785
11786
11787
11788
11789
11790
11791
11792
11793
11794
11795
11796
11797
11798
11799
11800
11801
11803
11805
11808
11811
11812
11819
11820
11824
11826
11828
11829
11830
11831
11832
11836
11837
11838
11843
11844
11845
11846
11848
11851
11852
11853
11857
11859
11861
11864
11867
11868
11869
11870
11875
11877
11878
11879
11881
11883
11884
11885
11887
11888
11889
11890
11891
11895
11896
11897
11898
11899
11900
11901
11904
11905
11906
11907
11908
11910
11911
11914
11915
11918
11919
11920
11921
11923
11924
11925
11927
11928
11947
11949
11951
11953
11957
11962
11964
11965
11966
11967
11969
11970
11971
11975
11976
11977
11978
11979
11980
11986
11987
11988
11989
11993
11995
11996
11997
11998
11999
12001
12002
12003
12004
12005
12007
12008
12009
12010
12011
12012
12016
12017
12019
12020
12025
12026
12029
12031
12036
12039
12040
12046
12047
12050
12051
12052
12053
12054
12055
12057
12058
12060
12061
12062
12063
12064
12065
12066
12067
12068
12069
12070
12071
12072
12073
12074
12075
12076
12077
12078
12079
12080
12081
12082
12083
12084
12086
12087
12088
12089
12090
12091
12092
12093
12094
12095
12096
12097
12098
12099
12100
12101
12102
12103
12104
12105
12106
12107
12108
12109
12110
12111
12112
12113
12114
12115
12116
12117
12118
12119
12120
12121
12123
12124
12125
12126
12127
12128
12130
12131
12132
12133
12135
12136
12137
12138
12139
12140
12143
12144
12146
12147
12148
12149
12150
12151
12153
12154
12158
12159
12160
12161
12162
12163
12167
12168
12169
12173
12177
12183
12184
12188
12189
12190
12191
12194
12195
12196
12197
12200
12201
12202
12203
12204
12206
12207
12208
12209
12215
12216
12217
12218
12219
12220
12221
12222
12228
12231
12237
12238
12239
12242
12243
12247
12248
12249
12250
12251
12252
12253
12254
12255
12261
12262
12264
12265
12268
12269
12270
12271
12273
12274
12275
12277
12287
12288
12289
12290
12293
12294
12298
12308
12309
12310
12311
12312
12314
12315
12317
12319
12320
12321
12322
12324
12327
12340
12344
12349
12350
12352
12353
12354
12355
12357
12358
12359
12369
12372
12375
12376
12378
12379
12380
12381
12384
12388
12390
12391
12392
12393
12395
12397
12398
12400
12401
12403
12404
12407
12411
12412
12420
12424
12428
12429
12430
12431
12432
12433
12435
12436
12443
12445
12446
12448
12449
12450
12451
12452
12456
12457
12458
12459
12460
12461
12463
12464
12469
12470
12471
12472
12473
12474
12475
12476
12477
12481
12482
12483
12486
12487
12488
12489
12490
12491
12495
12496
12497
12498
12502
12503
12504
12506
12507
12511
12512
12513
12514
12516
12520
12521
12522
12523
12524
12525
12526
12527
12528
12529
12530
12531
12532
12533
12534
12535
12536
12537
12538
12539
12540
12542
12545
12546
12550
12553
12557
12558
12567
12569
12570
12572
12574
12576
12577
12578
12583
12584
12585
12587
12588
12589
12590
12591
12592
12598
12599
12600
12603
12604
12610
12611
12612
12613
12614
12615
12616
12617
12622
12623
12625
12626
12627
12628
12638
12639
12643
12644
12645
12648
12651
12652
12653
12654
12656
12657
12658
12659
12661
12663
12666
12669
12672
12673
12674
12675
12676
12677
12681
12682
12688
12693
12694
12695
12696
12697
12698
12699
12700
12701
12702
12704
12706
12707
12709
12710
12711
12712
12713
12714
12716
12717
12719
12722
12725
12733
12738
12739
12744
12745
12746
12747
12748
12749
12751
12752
12753
12754
12757
12758
12762
12763
12776
12777
12778
12784
12788
12792
12793
12799
12800
12801
12802
12803
12804
12813
12826
12827
12829
12833
12835
12836
12837
12838
12839
12840
12841
12853
12862
12863
12866
12868
12871
12876
12877
12878
12879
12880
12889
12900
12904
12909
12913
12915
12929
12937
12939
12942
12943
12944
12945
12949
12950
12956
12959
12960
12961
12964
12978
12997
12998
13006
13018
13019
13024
13025
13026
13027
13029
13030
13031
13032
13033
13043
13044
13050
13053
13054
13062
13070
13077
13083
13098
13099
13102
13106
13116
13117
13125
13171
13176
13177
13182
13184
13185
13186
13201
13202
13203
13211
13220
13223
13230
13231
13236
13241
13246
13252
13253
13254
13256
13262
13263
13266
13268
13270
13271
13272
13273
13274
13276
13277
13278
13280
13281
13282
13285
13286
13287
13291
13292
13294
13295
13302
13304
13305
13306
13307
13312
13313
13314
13315
13318
13319
13320
13321
13322
13323
13325
13326
13328
13329
13330
13331
13332
13333
13334
13335
13336
13337
13338
13339
13340
13341
13342
13343
13344
13346
13347
13352
13359
13361
13373
13374
13377
13378
13379
13381
13382
13388
13389
13390
13391
13393
13394
13395
13396
13397
13398
13399
13400
13401
13406
13407
13408
13409
13410
13412
13413
13414
13415
13419
13420
13421
13424
13425
13426
13429
13439
13442
13454
13456
13457
13460
13464
13465
13466
13474
13475
13476
13477
13478
13479
13483
13484
13486
13487
13488
13489
13510
13515
13516
13529
13539
13540
13549
13552
13553
13560
13561
13562
13563
13572
13575
13579
13580
13600
13603
13605
13608
13613
13614
13620
13622
13625
13626
13628
13631
13632
13633
13636
13637
13638
13639
13640
13641
13642
13643
13644
13649
13650
13652
13653
13656
13657
13659
13660
13661
13662
13663
13664
13665
13666
13667
13668
13669
13670
13671
13672
13674
13675
13676
13677
13678
13681
13683
13684
13685
13686
13687
13688
13689
13690
13691
13692
13693
13694
13695
13696
13697
13698
13699
13700
13701
13702
13703
13704
13705
13706
13707
13708
13709
13710
13711
13712
13714
13715
13716
13717
13718
13721
13722
13723
13724
13725
13727
13728
13729
13730
13731
13732
13733
13734
13737
13738
13739
13740
13741
13742
13743
13744
13745
13746
13749
13750
13751
13752
13755
13756
13757
13758
13759
13760
13761
13763
13765
13766
13769
13770
13772
13773
13774
13775
13777
13778
13780
13783
13784
13785
13788
13790
13791
13792
13793
13794
13795
13796
13797
13798
13799
13800
13801
13802
13807
13808
13811
13816
13817
13818
13820
13822
13824
13825
13828
13829
13830
13833
13836
13837
13838
13839
13840
13841
13842
13843
13844
13845
13846
13847
13848
13850
13851
13852
13853
13854
13856
13861
13862
13863
13864
13865
13866
13867
13868
13870
13871
13872
13873
13874
13875
13876
13877
13878
13879
13880
13881
13882
13890
13891
13892
13893
13894
13898
13899
13900
13901
13902
13903
13904
13905
13908
13909
13910
13911
13912
13913
13914
13915
13916
13917
13918
13921
13922
13923
13924
13925
13926
13927
13928
13929
13930
13931
13932
13933
13935
13936
13937
13938
13939
13940
13941
13942
13943
13944
13945
13946
13947
13948
13950
13953
13954
13955
13956
13957
13958
13959
13960
13961
13962
13963
13964
13965
13966
13967
13968
13969
13970
13971
13972
13973
13975
13976
13977
13983
13984
13985
13986
13989
13990
13991
13992
13993
13995
13996
13999
14000
14005
14006
14007
14008
14010
14011
14012
14013
14015
14016
14019
14020
14022
14023
14024
14025
14026
14027
14028
14029
14030
14031
14032
14036
14037
14038
14039
14040
14041
14042
14043
14044
14045
14046
14048
14049
14050
14051
14052
14053
14055
14056
14058
14059
14061
14062
14063
14064
14065
14066
14067
14071
14073
14075
14078
14080
14083
14084
14085
14086
14087
14088
14089
14090
14091
14092
14094
14097
14098
14099
14100
14101
14102
14103
14104
14105
14106
14107
14108
14109
14110
14111
14115
14116
14117
14118
14123
14126
14128
14137
14138
14140
14142
14143
14144
14145
14146
14147
14150
14151
14152
14153
14154
14155
14156
14157
14158
14159
14160
14161
14165
14166
14167
14168
14169
14170
14171
14172
14173
14174
14175
14179
14180
14181
14184
14185
14187
14190
14191
14192
14193
14194
14195
14196
14197
14198
14200
14201
14202
14203
14204
14205
14206
14207
14208
14209
14210
14211
14212
14213
14214
14215
14216
14217
14218
14219
14220
14221
14222
14223
14224
14225
14226
14230
14231
14232
14233
14235
14239
14240
14241
14242
14243
14246
14247
14248
14249
14250
14252
14253
14255
14259
14260
14261
14263
14264
14265
14266
14267
14268
14269
14270
14271
14272
14274
14275
14277
14278
14280
14281
14282
14284
14285
14287
14288
14289
14290
14291
14293
14294
14295
14301
14302
14304
14305
14306
14307
14313
14314
14315
14317
14318
14319
14320
14321
14323
14324
14326
14329
14330
14331
14332
14333
14339
14343
14350
14351
14356
14358
14372
14373
14375
14376
14377
14383
14389
14393
14398
14401
14403
14407
14408
14412
14414
14415
14416
14417
14418
14420
14428
14429
14433
14435
14436
14440
14441
14454
14457
14458
14459
14464
14471
14474
14478
14480
14484
14489
14490
14495
14496
14502
14503
14506
14507
14508
14511
14515
14516
14518
14519
14520
14522
14523
14526
14532
14538
14542
14543
14544
14545
14546
14547
14548
14550
14551
14552
14553
14554
14555
14556
14558
14559
14560
14563
14564
14565
14566
14567
14568
14572
14574
14575
14577
14578
14584
14585
14587
14588
14589
14590
14592
14594
14595
14597
14598
14602
14603
14606
14607
14608
14609
14611
14612
14613
14616
14618
14619
14620
14621
14622
14623
14624
14626
14627
14628
14629
14630
14633
14634
14635
14636
14637
14640
14641
14642
14643
14644
14645
14646
14647
14648
14649
14652
14653
14654
14655
14656
14657
14658
14660
14661
14662
14663
14665
14666
14667
14668
14669
14670
14671
14672
14673
14674
14675
14676
14677
14678
14679
14680
14681
14682
14683
14685
14686
14688
14689
14690
14691
14692
14693
14694
14695
14696
14697
14698
14699
14700
14701
14703
14704
14705
14706
14707
14708
14709
14710
14711
14712
14713
14715
14717
14718
14720
14721
14722
14723
14724
14725
14727
14728
14729
14730
14731
14732
14734
14735
14737
14738
14739
14740
14741
14743
14745
14746
14747
14748
14749
14750
14751
14752
14753
14756
14757
14759
14760
14761
14763
14777
14778
14779
14780
14781
14783
14784
14785
14786
14788
14791
14792
14795
14796
14797
14798
14799
14800
14803
14804
14805
14806
14807
14808
14809
14810
14811
14817
14821
14823
14826
14827
14828
14829
14830
14832
14833
14834
14835
14842
14844
14846
14847
14848
14849
14851
14862
14865
14866
14867
14868
14869
14870
14871
14872
14873
14874
14877
14878
14880
14882
14883
14884
14885
14887
14888
14891
14892
14893
14894
14895
14901
14902
14903
14904
14905
14906
14907
14908
14909
14910
14911
14913
14914
14918
14920
14921
14922
14923
14924
14925
14929
14930
14932
14934
14936
14937
14938
14940
14941
14942
14943
14945
14946
14949
14950
14951
14952
14953
14959
14960
14963
14964
14965
14966
14967
14970
14971
14972
14973
14974
14976
14985
14986
14993
14994
14995
14996
14997
14998
15000
15001
15002
15003
15004
15007
15008
15011
15012
15013
15014
15015
15016
15017
15019
15022
15024
15025
15026
15027
15028
15030
15031
15032
15033
15045
15052
15053
15054
15056
15057
15058
15060
15061
15064
15065
15066
15067
15069
15070
15071
15075
15076
15077
15078
15079
15081
15083
15084
15085
15086
15087
15088
15089
15090
15091
15092
15093
15094
15095
15096
15097
15098
15099
15100
15101
15102
15105
15106
15109
15110
15117
15127
15128
15129
15130
15133
15134
15135
15139
15140
15147
15149
15152
15156
15158
15159
15160
15161
15162
15163
15164
15167
15168
15169
15170
15174
15175
15176
15177
15178
15179
15180
15181
15184
15187
15189
15190
15191
15196
15200
15201
15202
15203
15208
15209
15210
15211
15216
15217
15218
15219
15221
15223
15226
15227
15231
15233
15236
15237
15240
15241
15242
15243
15244
15247
15248
15257
15259
15260
15263
15267
15272
15273
15277
15278
15279
15280
15281
15282
15283
15286
15288
15291
15296
15297
15300
15308
15309
15310
15312
15313
15314
15316
15317
15318
15319
15320
15322
15323
15326
15327
15328
15329
15330
15331
15332
15334
15335
15336
15337
15338
15339
15340
15346
15347
15348
15349
15354
15357
15358
15359
15362
15364
15365
15367
15368
15370
15371
15382
15384
15385
15386
15388
15390
15391
15394
15398
15399
15402
15403
15409
15410
15411
15413
15414
15415
15416
15418
15419
15420
15421
15422
15423
15425
15426
15428
15429
15430
15431
15432
15433
15436
15437
15438
15439
15440
15441
15442
15443
15444
15447
15454
15455
15456
15457
15458
15459
15460
15462
15463
15467
15468
15469
15470
15473
15475
15478
15480
15481
15482
15483
15485
15486
15487
15491
15492
15493
15494
15495
15496
15500
15501
15503
15505
15506
15511
15512
15523
15524
15525
15526
15533
15534
15535
15536
15537
15538
15539
15541
15542
15543
15547
15548
15551
15552
15553
15554
15555
15556
15557
15559
15562
15563
15564
15565
15568
15569
15570
15571
15572
15573
15574
15575
15576
15577
15578
15579
15580
15581
15582
15584
15585
15586
15587
15588
15589
15590
15591
15595
15596
15597
15599
15600
15602
15603
15605
15606
15607
15609
15610
15612
15614
15615
15617
15618
15620
15625
15630
15633
15636
15647
15648
15650
15651
15653
15654
15655
15659
15660
15661
15662
15664
15665
15666
15667
15671
15672
15673
15674
15677
15678
15683
15691
15694
15695
15696
15697
15698
15699
15700
15701
15703
15704
15705
15706
15707
15708
15710
15713
15714
15715
15716
15717
15718
15723
15724
15725
15726
15729
15730
15731
15732
15733
15734
15738
15739
15746
15747
15748
15749
15750
15751
15752
15753
15754
15757
15759
15760
15761
15781
15783
15786
15787
15789
15790
15801
15802
15803
15804
15806
15807
15817
15818
15823
15829
15830
15834
15839
15846
15847
15848
15849
15851
15852
15853
15854
15855
15861
15862
15863
15864
15868
15871
15872
15874
15876
15877
15883
15884
15885
15889
15890
15891
15894
15898
15899
15900
15901
15903
15908
15910
15911
15915
15916
15918
15919
15920
15921
15923
15925
15927
15928
15933
15934
15936
15937
15939
15940
15942
15943
15945
15946
15947
15948
15949
15950
15952
15953
15954
15957
15958
15959
15960
15965
15966
15967
15968
15969
15971
15972
15973
15974
15978
15979
15980
15984
15985
15988
15991
15993
15995
15998
15999
16000
16001
16002
16003
16004
16005
16006
16007
16008
16009
16012
16014
16015
16018
16019
16020
16021
16022
16023
16026
16027
16028
16029
16030
16031
16036
16037
16038
16039
16040
16041
16042
16043
16045
16048
16049
16051
16052
16053
16054
16055
16056
16057
16058
16059
16062
16063
16064
16066
16067
16068
16069
16070
16071
16072
16073
16074
16076
16077
16078
16081
16083
16084
16088
16089
16090
16091
16092
16093
16094
16095
16096
16097
16098
16099
16100
16102
16103
16107
16109
16111
16112
16114
16115
16117
16118
16121
16122
16124
16126
16128
16129
16130
16131
16132
16133
16134
16135
16136
16137
16141
16142
16143
16145
16146
16147
16148
16149
16150
16151
16152
16153
16154
16155
16156
16157
16158
16159
16160
16161
16162
16163
16164
16165
16166
16167
16168
16170
16171
16172
16173
16174
16175
16176
16177
16180
16181
16182
16187
16190
16192
16193
16196
16197
16199
16201
16202
16203
16204
16205
16206
16208
16210
16212
16213
16214
16215
16216
16217
16219
16220
16221
16222
16223
16224
16231
16232
16236
16237
16239
16241
16242
16243
16244
16248
16249
16250
16257
16258
16259
16260
16267
16268
16279
16280
16288
16293
16294
16298
16305
16314
16337
16343
16348
16349
16350
16351
16357
16358
16362
16363
16367
16368
16369
16370
16371
16372
16374
16375
16377
16380
16381
16385
16404
16406
16408
16410
16411
16412
16413
16414
16415
16418
16419
16424
16425
16426
16427
16429
16430
16431
16432
16433
16434
16435
16436
16438
16439
16446
16449
16450
16451
16452
16453
16454
16456
16457
16458
16463
16464
16465
16466
16467
16468
16469
16470
16471
16472
16473
16474
16475
16476
16477
16478
16479
16480
16481
16482
16483
16484
16485
16486
16487
16488
16489
16492
16493
16494
16495
16496
16497
16506
16507
16508
16509
16511
16512
16513
16514
16515
16516
16517
16518
16520
16521
16522
16523
16524
16525
16526
16527
16528
16529
16530
16531
16532
16533
16534
16535
16536
16537
16538
16539
16540
16541
16542
16543
16544
16545
16546
16547
16548
16550
16551
16552
16553
16554
16559
16560
16561
16563
16564
16565
16566
16567
16569
16573
16578
16579
16581
16582
16583
16584
16585
16587
16588
16589
16590
16593
16594
16595
16596
16597
16603
16604
16605
16606
16608
16609
16611
16612
16613
16614
16615
16616
16617
16618
16619
16620
16621
16622
16623
16624
16625
16626
16627
16628
16629
16630
16631
16633
16634
16635
16636
16637
16638
16639
16640
16641
16642
16643
16644
16645
16647
16649
16650
16651
16652
16655
16656
16658
16659
16660
16661
16662
16665
16666
16669
16672
16673
16674
16675
16680
16681
16683
16684
16685
16686
16687
16697
16698
16701
16704
16707
16709
16710
16713
16714
16715
16718
16719
16720
16723
16724
16728
16730
16731
16732
16733
16737
16738
16739
16740
16741
16749
16750
16751
16752
16753
16754
16755
16756
16757
16758
16759
16760
16761
16762
16763
16764
16765
16768
16769
16770
16771
16772
16773
16774
16775
16776
16777
16778
16779
16780
16781
16782
16783
16784
16785
16786
16787
16788
16790
16792
16793
16794
16795
16796
16797
16798
16799
16800
16802
16803
16804
16806
16807
16808
16809
16810
16811
16813
16814
16815
16816
16817
16818
16819
16820
16821
16822
16823
16824
16825
16826
16827
16828
16830
16831
16832
16835
16836
16837
16839
16841
16842
16846
16847
16849
16850
16851
16852
16853
16854
16856
16857
16858
16859
16862
16863
16864
16865
16866
16867
16868
16869
16870
16871
16874
16875
16876
16877
16878
16879
16880
16881
16883
16884
16885
16886
16887
16888
16889
16890
16892
16895
16900
16902
16904
16905
16906
16907
16908
16909
16910
16916
16919
16920
16924
16925
16926
16927
16928
16929
16933
16936
16938
16939
16940
16941
16942
16947
16948
16949
16950
16952
16953
16955
16957
16959
16960
16961
16963
16964
16965
16966
16967
16968
16969
16970
16971
16972
16973
16974
16975
16976
16977
16978
16979
16980
16981
16982
16983
16984
16985
16986
16987
16988
16989
16990
16991
16992
16994
16997
16998
17001
17002
17003
17007
17008
17009
17010
17014
17015
17016
17022
17023
17027
17028
17029
17030
17031
17032
17033
17035
17038
17039
17040
17041
17043
17044
17045
17056
17057
17058
17059
17061
17062
17063
17064
17066
17067
17068
17069
17070
17071
17074
17079
17085
17089
17100
17116
17120
17127
17152
17165
17173
17179
17181
17182
17184
17185
17186
17187
17188
17189
17190
17191
17192
17193
17194
17195
17196
17198
17199
17200
17201
17202
17203
17204
17205
17206
17207
17208
17209
17210
17211
17212
17214
17215
17217
17219
17220
17221
17223
17224
17225
17226
17227
17229
17230
17232
17233
17234
17235
17236
17237
17242
17243
17244
17245
17246
17247
17248
17249
17250
17251
17252
17253
17254
17256
17257
17258
17259
17260
17261
17262
17263
17264
17265
17266
17268
17270
17271
17275
17281
17282
17287
17290
17294
17298
17299
17306
17307
17308
17310
17314
17315
17316
17317
17320
17321
17322
17323
17324
17325
17326
17327
17328
17329
17332
17334
17335
17337
17338
17342
17343
17344
17346
17347
17348
17350
17351
17352
17355
17356
17357
17359
17360
17361
17362
17363
17364
17365
17366
17367
17368
17369
17370
17371
17372
17373
17374
17375
17376
17377
17378
17379
17380
17381
17382
17383
17384
17385
17387
17388
17389
17390
17391
17394
17395
17396
17398
17399
17400
17401
17402
17403
17404
17406
17407
17408
17409
17410
17411
17414
17416
17417
17418
17419
17420
17423
17424
17425
17426
17427
17428
17429
17430
17431
17432
17434
17435
17436
17440
17442
17443
17444
17445
17446
17447
17449
17450
17451
17452
17454
17455
17456
17457
17458
17459
17460
17461
17462
17463
17467
17468
17469
17470
17471
17472
17473
17474
17475
17476
17477
17478
17479
17480
17481
17482
17483
17487
17488
17490
17493
17494
17495
17496
17497
17498
17501
17502
17503
17505
17506
17507
17510
17511
17512
17513
17514
17515
17516
17517
17518
17520
17521
17522
17523
17524
17528
17529
17530
17533
17536
17537
17541
17544
17545
17547
17548
17552
17553
17558
17559
17564
17565
17566
17571
17575
17584
17591
17592
17593
17596
17599
17600
17601
17604
17610
17613
17625
17626
17627
17629
17634
17635
17641
17643
17644
17645
17650
17655
17657
17658
17659
17660
17661
17682
17683
17684
17685
17686
17689
17690
17697
17698
17699
17700
17701
17702
17703
17704
17705
17707
17714
17715
17718
17722
17723
17725
17726
17728
17729
17732
17734
17738
17739
17743
17744
17748
17749
17752
17755
17756
17759
17760
17761
17763
17764
17766
17767
17768
17770
17771
17784
17785
17786
17789
17791
17794
17796
17797
17799
17803
17807
17808
17809
17818
17828
17829
17830
17832
17833
17836
17842
17851
17852
17853
17856
17860
17861
17862
17863
17865
17870
17874
17876
17877
17880
17887
17888
17889
17890
17891
17892
17893
17894
17895
17896
17897
17898
17900
17901
17903
17904
17907
17914
17915
17916
17918
17920
17921
17922
17926
17927
17928
17935
17939
17942
17943
17945
17946
17950
17954
17975
17976
17991
17993
17995
17996
17997
18002
18003
18005
18006
18007
18008
18012
18014
18015
18016
18025
18026
18030
18039
18041
18049
18059
18060
18061
18062
18064
18065
18068
18069
18070
18071
18074
18076
18077
18084
18085
18086
18090
18091
18095
18097
18098
18117
18118
18131
18138
18139
18140
18141
18144
18146
18148
18149
18151
18152
18154
18155
18159
18162
18163
18164
18165
18166
18168
18170
18173
18174
18175
18176
18178
18188
18194
18195
18196
18197
18198
18199
18204
18205
18211
18212
18213
18214
18215
18216
18217
18218
18219
18220
18222
18225
18227
18229
18230
18234
18235
18236
18237
18241
18244
18245
18246
18247
18251
18252
18253
18256
18257
18258
18259
18260
18261
18262
18263
18264
18265
18266
18267
18268
18269
18270
18271
18272
18273
18274
18275
18276
18279
18280
18281
18282
18283
18284
18285
18286
18287
18288
18289
18290
18291
18292
18293
18294
18295
18296
18297
18303
18304
18305
18306
18307
18309
18310
18311
18312
18313
18314
18315
18317
18318
18319
18320
18321
18323
18324
18325
18326
18327
18328
18329
18333
18334
18336
18337
18338
18341
18343
18346
18347
18349
18350
18351
18352
18354
18355
18356
18357
18363
18364
18368
18369
18372
18377
18381
18388
18389
18397
18398
18399
18400
18402
18403
18404
18405
18408
18409
18410
18421
18422
18423
18424
18425
18426
18427
18429
18430
18438
18441
18443
18444
18446
18447
18450
18451
18454
18455
18456
18457
18458
18459
18460
18463
18464
18465
18468
18474
18481
18485
18487
18496
18501
18502
18506
18510
18517
18518
18519
18523
18524
18528
18529
18531
18532
18533
18535
18536
18537
18542
18544
18545
18546
18547
18548
18549
18551
18552
18553
18554
18555
18556
18557
18561
18562
18563
18564
18565
18566
18567
18568
18570
18571
18572
18575
18577
18578
18579
18580
18582
18584
18585
18587
18588
18589
18590
18591
18592
18594
18595
18596
18597
18598
18600
18601
18602
18606
18607
18608
18609
18610
18611
18613
18614
18617
18620
18621
18622
18633
18634
18635
18636
18638
18639
18643
18645
18646
18648
18649
18650
18652
18653
18654
18655
18656
18659
18660
18664
18665
18666
18667
18674
18675
18676
18678
18681
18687
18692
18693
18696
18698
18699
18700
18704
18706
18708
18709
18710
18712
18713
18715
18716
18717
18720
18721
18722
18723
18724
18725
18726
18727
18728
18729
18732
18733
18734
18735
18738
18739
18740
18741
18742
18743
18744
18746
18747
18748
18749
18750
18751
18752
18753
18754
18755
18756
18760
18761
18763
18764
18766
18767
18770
18771
18774
18776
18779
18782
18783
18785
18786
18789
18790
18791
18792
18793
18794
18796
18797
18798
18799
18802
18803
18804
18805
18806
18807
18808
18809
18810
18811
18812
18813
18814
18815
18816
18817
18818
18819
18826
18827
18828
18830
18831
18833
18834
18835
18836
18849
18853
18854
18855
18856
18858
18860
18861
18862
18863
18864
18865
18866
18871
18872
18877
18879
18881
18889
18891
18892
18893
18894
18895
18897
18898
18899
18901
18902
18903
18905
18906
18907
18913
18921
18922
18926
18927
18930
18937
18953
18954
18956
18957
18960
18961
18962
18963
18964
18967
18968
18978
18984
18985
18986
18988
18989
18990
18991
18994
18995
18996
18997
18998
19000
19012
19014
19025
19026
19027
19028
19034
19035
19036
19052
19056
19057
19061
19062
19064
19082
19093
19094
19095
19096
19101
19102
19104
19105
19111
19123
19124
19125
19127
19132
19140
19141
19148
19149
19150
19151
19154
19155
19157
19161
19164
19170
19171
19174
19175
19178
19179
19185
19194
19195
19198
19199
19202
19203
19205
19208
19212
19213
19214
19217
19218
19221
19222
19226
19228
19230
19234
19242
19243
19259
19262
19263
19264
19265
19267
19272
19278
19292
19293
19294
19295
19297
19298
19300
19301
19303
19309
19310
19311
19313
19316
19317
19324
19325
19327
19338
19339
19340
19341
19345
19346
19349
19350
19352
19356
19360
19369
19370
19375
19377
19378
19379
19382
19383
19384
19385
19386
19387
19388
19389
19390
19391
19392
19393
19394
19395
19396
19397
19398
19399
19400
19402
19404
19405
19406
19407
19408
19409
19410
19411
19412
19413
19415
19416
19417
19420
19423
19425
19426
19427
19429
19430
19431
19433
19436
19437
19444
19445
19447
19450
19453
19454
19455
19456
19458
19459
19460
19462
19463
19466
19467
19468
19469
19471
19472
19473
19474
19475
19476
19477
19478
19479
19480
19481
19482
19483
19484
19485
19486
19487
19488
19489
19490
19491
19493
19494
19495
19496
19497
19498
19499
19500
19505
19508
19509
19513
19514
19515
19516
19517
19519
19523
19524
19528
19529
19530
19531
19533
19534
19537
19538
19539
19540
19541
19542
19545
19546
19548
19550
19552
19554
19555
19557
19558
19561
19562
19566
19567
19568
19573
19574
19579
19580
19581
19583
19586
19587
19588
19589
19591
19592
19593
19594
19595
19601
19602
19605
19606
19607
19609
19610
19611
19614
19615
19616
19617
19618
19619
19620
19621
19622
19623
19624
19625
19626
19627
19628
19630
19631
19633
19634
19635
19636
19637
19638
19640
19641
19642
19643
19644
19645
19646
19647
19648
19651
19652
19653
19654
19655
19656
19657
19658
19659
19660
19661
19663
19664
19665
19666
19667
19668
19669
19671
19672
19675
19676
19677
19679
19680
19682
19683
19684
19685
19687
19688
19689
19690
19691
19692
19693
19694
19695
19696
19697
19698
19699
19700
19701
19702
19707
19710
19711
19713
19715
19717
19719
19721
19723
19724
19725
19728
19730
19731
19734
19738
19740
19743
19753
19762
19764
19766
19767
19768
19775
19779
19780
19781
19786
19787
19791
19793
19794
19799
19800
19801
19805
19806
19812
19813
19814
19815
19818
19827
19829
19830
19838
19844
19851
19858
19860
19868
19870
19871
19874
19878
19880
19881
19882
19887
19891
19896
19897
19898
19899
19900
19902
19903
19904
19905
19907
19908
19910
19911
19912
19913
19914
19915
19916
19917
19918
19919
19921
19922
19923
19924
19925
19926
19928
19929
19930
19931
19932
19934
19935
19936
19937
19938
19939
19940
19941
19944
19945
19948
19950
19951
19952
19953
19954
19956
19959
19960
19961
19965
19966
19968
19969
19972
19973
19974
19975
19983
19984
19986
19987
19988
19989
19990
19992
19993
19994
19996
19997
20001
20003
20007
20008
20009
20010
20012
20013
20016
20017
20018
20019
20020
20021
20022
20026
20027
20028
20030
20031
20032
20033
20035
20036
20037
20040
20041
20042
20043
20044
20046
20047
20050
20051
20052
20053
20054
20055
20056
20057
20058
20060
20061
20062
20063
20064
20065
20067
20068
20070
20071
20072
20074
20077
20078
20079
20080
20082
20086
20087
20088
20089
20091
20092
20094
20095
20096
20097
20098
20099
20100
20101
20102
20103
20104
20105
20106
20107
20108
20109
20110
20111
20112
20113
20114
20115
20116
20117
20118
20119
20120
20121
20122
20123
20124
20125
20126
20129
20130
20131
20132
20133
20134
20135
20136
20137
20138
20139
20140
20141
20143
20144
20145
20146
20147
20148
20149
20151
20152
20153
20154
20155
20156
20157
20159
20160
20162
20164
20165
20169
20172
20176
20177
20180
20181
20184
20185
20186
20187
20188
20189
20190
20191
20192
20194
20195
20196
20197
20198
20199
20201
20202
20204
20208
20209
20210
20213
20214
20215
20218
20221
20222
20223
20226
20227
20228
20231
20233
20239
20241
20245
20246
20247
20248
20250
20255
20256
20257
20258
20259
20260
20261
20262
20263
20264
20265
20266
20267
20275
20276
20277
20278
20279
20283
20288
20289
20290
20292
20294
20295
20296
20297
20298
20299
20300
20301
20302
20303
20304
20305
20306
20307
20309
20310
20311
20312
20313
20314
20316
20317
20318
20319
20320
20321
20322
20323
20324
20325
20326
20327
20328
20329
20331
20332
20333
20334
20335
20336
20337
20338
20339
20340
20341
20342
20343
20344
20345
20346
20347
20348
20349
20352
20353
20355
20356
20357
20358
20359
20361
20362
20363
20364
20365
20366
20367
20368
20369
20370
20371
20372
20373
20374
20375
20376
20377
20378
20379
20380
20381
20382
20383
20384
20385
20386
20387
20388
20389
20391
20392
20394
20396
20397
20398
20399
20401
20403
20405
20406
20407
20408
20409
20410
20411
20412
20414
20415
20417
20418
20419
20420
20421
20422
20423
20424
20426
20427
20428
20430
20431
20432
20434
20435
20439
20440
20441
20443
20448
20454
20455
20456
20458
20460
20461
20462
20468
20471
20472
20477
20479
20480
20481
20482
20485
20487
20488
20489
20490
20491
20492
20493
20494
20498
20499
20500
20501
20502
20503
20504
20505
20506
20507
20508
20509
20510
20511
20512
20513
20514
20515
20516
20517
20518
20521
20522
20523
20525
20526
20527
20528
20529
20531
20532
20533
20534
20535
20536
20537
20538
20539
20540
20541
20544
20545
20546
20547
20548
20549
20550
20551
20552
20553
20554
20555
20556
20557
20558
20559
20560
20561
20562
20564
20565
20567
20568
20569
20570
20575
20576
20578
20579
20580
20582
20583
20584
20585
20586
20589
20590
20591
20592
20593
20594
20595
20596
20597
20598
20600
20601
20609
20611
20612
20613
20614
20615
20616
20620
20621
20622
20623
20625
20628
20632
20633
20634
20635
20637
20639
20640
20641
20642
20644
20645
20652
20653
20654
20655
20657
20660
20661
20667
20670
20672
20684
20685
20687
20688
20695
20696
20697
20699
20704
20706
20714
20715
20717
20718
20719
20721
20726
20728
20738
20743
20756
20757
20759
20760
20761
20763
20769
20770
20771
20772
20773
20774
20777
20778
20779
20780
20781
20782
20783
20784
20785
20786
20787
20790
20791
20792
20794
20795
20800
20801
20802
20803
20804
20805
20806
20807
20808
20809
20810
20811
20812
20813
20814
20815
20817
20821
20823
20825
20826
20831
20832
20833
20834
20838
20839
20840
20841
20849
20850
20851
20854
20856
20857
20862
20863
20864
20865
20866
20867
20868
20872
20873
20874
20876
20877
20878
20879
20880
20881
20882
20883
20885
20891
20892
20894
20895
20896
20897
20899
20900
20901
20905
20906
20907
20908
20910
20911
20912
20913
20916
20917
20920
20921
20922
20923
20924
20925
20926
20927
20930
20931
20932
20933
20934
20935
20936
20940
20944
20945
20946
20947
20948
20950
20952
20953
20965
20967
20968
20969
20970
20971
20973
20974
20975
20976
20977
20978
20979
20980
20981
20983
20984
20985
20986
20987
20991
20993
20994
21003
21010
21011
21012
21014
21021
21023
21028
21030
21032
21041
21042
21043
21044
21045
21046
21048
21050
21055
21056
21057
21059
21060
21061
21062
21065
21066
21067
21068
21071
21072
21077
21078
21079
21082
21083
21084
21085
21088
21093
21094
21095
21096
21097
21098
21099
21100
21101
21102
21104
21105
21106
21107
21108
21109
21110
21111
21112
21113
21114
21115
21116
21117
21119
21120
21123
21124
21125
21126
21127
21128
21130
21131
21132
21133
21135
21139
21140
21143
21144
21145
21147
21148
21149
21152
21157
21158
21167
21168
21169
21170
21171
21172
21175
21176
21178
21179
21180
21181
21183
21184
21185
21186
21187
21191
21192
21193
21194
21195
21196
21197
21200
21201
21203
21205
21207
21209
21210
21213
21217
21218
21219
21220
21221
21222
21223
21224
21228
21230
21231
21232
21233
21234
21235
21236
21237
21238
21240
21241
21242
21243
21244
21249
21250
21253
21254
21255
21256
21257
21258
21259
21260
21261
21262
21263
21264
21265
21266
21267
21268
21269
21270
21271
21272
21273
21274
21275
21278
21279
21280
21281
21282
21284
21285
21286
21287
21288
21289
21290
21291
21292
21293
21294
21295
21297
21298
21299
21300
21301
21303
21304
21308
21309
21310
21311
21312
21313
21314
21315
21318
21322
21323
21324
21325
21327
21328
21331
21332
21335
21336
21337
21338
21339
21340
21341
21342
21343
21344
21352
21353
21355
21356
21357
21358
21360
21361
21364
21365
21367
21369
21372
21373
21374
21375
21376
21377
21378
21379
21380
21389
21390
21391
21392
21394
21396
21400
21405
21411
21412
21417
21419
21424
21425
21432
21433
21440
21441
21442
21443
21444
21445
21446
21450
21451
21452
21453
21454
21456
21457
21458
21460
21461
21463
21464
21465
21466
21467
21468
21470
21471
21472
21473
21474
21475
21476
21477
21478
21479
21481
21482
21483
21484
21485
21486
21487
21488
21489
21490
21491
21492
21493
21494
21495
21496
21497
21498
21499
21500
21501
21502
21503
21504
21505
21506
21507
21508
21509
21510
21512
21513
21515
21516
21520
21521
21523
21524
21528
21529
21530
21536
21537
21538
21540
21541
21542
21543
21547
21548
21550
21551
21552
21553
21554
21555
21559
21560
21561
21563
21564
21565
21573
21574
21575
21576
21577
21578
21579
21582
21583
21590
21598
21602
21603
21604
21605
21606
21607
21611
21613
21614
21617
21618
21620
21622
21625
21627
21630
21635
21636
21647
21658
21659
21661
21662
21668
21675
21686
21688
21691
21719
21721
21723
21728
21733
21734
21739
21746
21751
21753
21762
21763
21782
21804
21806
21807
21817
21821
21825
21826
21829
21836
21839
21840
21848
21850
21851
21876
21877
21879
21882
21885
21887
21889
21891
21893
21894
21895
21897
21898
21900
21901
21902
21907
21909
21910
21911
21912
21913
21927
21933
21936
21937
21956
21957
21958
21961
21965
21967
21968
21971
21977
21980
21988
21989
21994
21995
21996
21997
21999
22004
22006
22007
22010
22011
22017
22018
22021
22041
22042
22045
22047
22048
22049
22050
22051
22052
22053
22054
22057
22062
22066
22067
22068
22073
22074
22078
22080
22081
22082
22083
22084
22088
22091
22092
22093
22096
22099
22107
22109
22112
22115
22116
22120
22121
22122
22124
22127
22128
22133
22134
22136
22137
22140
22144
22145
22146
22149
22151
22154
22155
22156
22159
22160
22162
22164
22165
22176
22177
22180
22181
22183
22186
22191
22192
22194
22195
22197
22203
22204
22206
22207
22208
22209
22210
22211
22212
22213
22215
22217
22218
22219
22220
22222
22223
22224
22225
22227
22228
22229
22230
22235
22242
22243
22244
22245
22246
22250
22254
22255
22256
22257
22258
22259
22262
22267
22269
22270
22271
22272
22273
22274
22275
22276
22279
22280
22281
22282
22283
22285
22286
22287
22288
22289
22291
22292
22293
22295
22296
22297
22299
22300
22305
22309
22310
22311
22312
22313
22314
22316
22317
22318
22319
22320
22324
22325
22326
22327
22328
22329
22331
22333
22335
22337
22338
22339
22343
22344
22345
22346
22347
22348
22349
22350
22351
22352
22353
22354
22355
22356
22357
22358
22359
22360
22361
22362
22363
22364
22365
22366
22367
22368
22370
22371
22372
22373
22375
22377
22378
22379
22380
22383
22385
22386
22388
22389
22390
22391
22394
22395
22397
22398
22400
22401
22404
22405
22406
22407
22409
22410
22411
22414
22415
22416
22417
22418
22419
22421
22422
22423
22424
22425
22426
22427
22428
22429
22430
22431
22432
22435
22436
22437
22438
22440
22445
22446
22447
22448
22449
22450
22451
22452
22453
22454
22455
22457
22458
22460
22461
22462
22463
22464
22467
22468
22469
22472
22473
22474
22475
22476
22477
22478
22483
22484
22485
22486
22487
22494
22496
22497
22499
22500
22502
22506
22507
22508
22509
22512
22513
22514
22515
22516
22517
22518
22519
22520
22521
22523
22524
22525
22526
22527
22529
22531
22532
22536
22541
22542
22543
22544
22545
22546
22547
22548
22551
22552
22555
22556
22557
22558
22559
22560
22561
22565
22566
22567
22569
22575
22577
22579
22580
22585
22586
22587
22588
22589
22590
22591
22593
22594
22595
22596
22598
22602
22604
22605
22606
22607
22608
22609
22610
22611
22612
22613
22618
22622
22628
22629
22636
22637
22638
22645
22649
22650
22651
22652
22653
22655
22657
22658
22661
22662
22667
22668
22671
22676
22680
22681
22683
22684
22685
22686
22687
22690
22698
22699
22700
22709
22710
22713
22718
22719
22720
22721
22722
22723
22725
22726
22727
22730
22731
22734
22735
22738
22740
22741
22742
22743
22745
22746
22747
22749
22758
22760
22764
22777
22799
22805
22806
22808
22812
22813
22818
22821
22826
22830
22831
22833
22835
22836
22837
22838
22839
22840
22842
22843
22844
22845
22846
22853
22857
22858
22860
22866
22889
22890
22892
22893
22896
22899
22903
22904
22905
22906
22907
22920
22924
22933
22938
22950
22958
22961
22962
22964
22965
22966
22976
22980
22982
22983
22986
22987
22994
23000
23004
23005
23006
23009
23010
23014
23015
23016
23017
23025
23028
23032
23034
23036
23040
23041
23047
23050
23051
23052
23053
23054
23057
23058
23061
23062
23064
23065
23066
23069
23073
23076
23079
23082
23084
23086
23087
23088
23090
23092
23093
23094
23095
23096
23098
23099
23100
23101
23103
23104
23105
23106
23107
23108
23109
23110
23111
23112
23113
23114
23115
23116
23117
23120
23121
23122
23123
23124
23125
23126
23129
23130
23131
23133
23134
23135
23138
23139
23140
23141
23142
23143
23144
23145
23146
23147
23149
23150
23151
23152
23153
23154
23155
23157
23158
23162
23163
23164
23165
23166
23168
23170
23171
23172
23173
23174
23176
23177
23178
23179
23180
23181
23182
23185
23187
23188
23192
23194
23199
23200
23202
23203
23206
23207
23210
23212
23213
23214
23215
23216
23217
23219
23220
23221
23222
23223
23224
23225
23226
23227
23228
23229
23230
23231
23232
23233
23234
23235
23236
23237
23238
23240
23241
23242
23243
23244
23245
23246
23247
23248
23249
23250
23251
23252
23253
23254
23255
23256
23257
23258
23261
23262
23264
23265
23268
23269
23270
23271
23272
23273
23274
23275
23279
23280
23282
23283
23284
23285
23287
23288
23291
23292
23293
23294
23295
23298
23299
23300
23301
23302
23303
23304
23307
23313
23316
23318
23319
23332
23336
23337
23338
23339
23341
23342
23352
23356
23373
23374
23377
23380
23381
23382
23389
23390
23391
23402
23403
23405
23408
23420
23426
23433
23438
23439
23443
23445
23446
23449
23451
23452
23453
23455
23457
23461
23462
23468
23470
23480
23481
23487
23488
23494
23495
23501
23502
23503
23504
23508
23509
23511
23512
23513
23514
23515
23516
23517
23518
23519
23521
23522
23523
23524
23525
23526
23527
23528
23529
23531
23532
23533
23535
23536
23537
23538
23539
23541
23542
23544
23545
23546
23547
23548
23549
23550
23551
23552
23554
23555
23557
23558
23559
23561
23563
23564
23565
23567
23568
23570
23571
23572
23573
23574
23575
23576
23577
23578
23579
23580
23583
23584
23585
23586
23587
23588
23589
23590
23591
23592
23593
23595
23596
23597
23598
23599
23600
23601
23602
23603
23604
23605
23606
23607
23608
23609
23614
23615
23616
23617
23618
23619
23621
23622
23623
23624
23625
23626
23628
23629
23630
23631
23632
23635
23637
23648
23649
23650
23652
23653
23654
23657
23659
23661
23663
23664
23665
23666
23669
23670
23673
23674
23675
23676
23677
23679
23680
23681
23682
23683
23685
23686
23690
23692
23693
23694
23695
23697
23698
23699
23700
23701
23702
23703
23704
23705
23707
23709
23710
23711
23713
23715
23716
23717
23719
23721
23722
23723
23726
23730
23731
23733
23735
23740
23741
23742
23744
23745
23746
23747
23748
23749
23750
23754
23755
23756
23757
23758
23759
23760
23761
23762
23765
23766
23767
23771
23772
23773
23774
23777
23780
23781
23782
23785
23786
23787
23788
23791
23792
23793
23794
23795
23796
23797
23798
23799
23800
23801
23802
23803
23804
23805
23806
23807
23808
23810
23811
23812
23813
23815
23816
23817
23818
23819
23820
23821
23822
23823
23824
23825
23826
23827
23828
23829
23830
23832
23833
23834
23835
23839
23843
23844
23845
23846
23851
23859
23865
23866
23868
23869
23872
23873
23874
23877
23878
23879
23880
23881
23882
23883
23885
23886
23887
23889
23890
23894
23895
23896
23897
23898
23899
23900
23901
23902
23904
23905
23908
23909
23910
23911
23912
23913
23914
23915
23916
23917
23918
23919
23920
23921
23922
23923
23924
23925
23928
23929
23931
23932
23933
23934
23935
23936
23937
23938
23939
23940
23941
23942
23943
23944
23946
23947
23948
23949
23951
23953
23954
23955
23956
23957
23958
23959
23960
23961
23962
23964
23965
23966
23967
23968
23969
23970
23972
23973
23974
23976
23977
23978
23980
23981
23982
23983
23984
23985
23986
23987
23988
23996
23997
23998
23999
24002
24003
24011
24013
24017
24018
24020
24022
24023
24024
24025
24028
24029
24030
24031
24032
24033
24034
24035
24036
24037
24038
24039
24040
24042
24044
24045
24046
24047
24048
24050
24051
24052
24053
24054
24056
24057
24058
24059
24060
24061
24062
24063
24064
24068
24069
24070
24071
24072
24073
24074
24075
24076
24077
24078
24079
24080
24081
24082
24084
24085
24086
24087
24088
24089
24090
24092
24093
24094
24095
24096
24097
24098
24099
24100
24101
24102
24103
24104
24106
24107
24108
24109
24110
24111
24112
24113
24114
24115
24116
24118
24120
24121
24122
24123
24126
24128
24129
24130
24131
24134
24135
24136
24137
24140
24141
24145
24146
24147
24148
24149
24152
24153
24154
24155
24159
24161
24163
24164
24168
24169
24170
24175
24176
24177
24178
24179
24180
24184
24186
24188
24191
24192
24193
24199
24202
24203
24204
24205
24208
24209
24210
24211
24212
24214
24215
24216
24217
24222
24223
24224
24225
24226
24227
24229
24234
24235
24236
24237
24238
24247
24249
24251
24254
24255
24256
24257
24258
24261
24263
24265
24266
24267
24268
24270
24271
24273
24274
24275
24276
24277
24278
24279
24280
24281
24282
24283
24284
24285
24286
24287
24288
24289
24290
24291
24292
24293
24294
24295
24296
24297
24299
24301
24302
24304
24305
24306
24307
24308
24309
24311
24316
24317
24318
24319
24322
24323
24324
24325
24326
24327
24328
24329
24330
24331
24332
24334
24335
24336
24341
24342
24343
24344
24345
24346
24347
24348
24349
24350
24351
24352
24355
24356
24357
24358
24359
24360
24363
24364
24365
24367
24368
24369
24370
24371
24372
24373
24374
24375
24376
24377
24379
24380
24381
24383
24384
24385
24388
24389
24390
24391
24394
24396
24397
24400
24401
24405
24406
24407
24408
24411
24412
24414
24415
24416
24417
24418
24419
24422
24423
24424
24425
24426
24428
24430
24432
24433
24435
24436
24437
24438
24440
24442
24443
24444
24446
24447
24448
24449
24450
24451
24452
24453
24454
24455
24457
24458
24459
24460
24461
24462
24463
24464
24465
24466
24470
24471
24472
24473
24474
24475
24476
24477
24478
24479
24480
24481
24484
24485
24486
24487
24492
24493
24497
24499
24502
24511
24512
24513
24514
24515
24516
24519
24520
24521
24522
24523
24525
24527
24528
24529
24530
24531
24532
24533
24534
24535
24537
24538
24539
24541
24543
24546
24547
24554
24572
24573
24580
24586
24591
24596
24598
24603
24618
24633
24642
24646
24655
24656
24657
24660
24668
24669
24673
24675
24682
24684
24686
24693
24704
24705
24708
24709
24710
24711
24713
24715
24719
24720
24722
24730
24731
24732
24734
24738
24744
24756
24758
24761
24764
24772
24774
24775
24777
24779
24781
24783
24785
24787
24795
24797
24798
24801
24805
24806
24807
24813
24814
24815
24816
24817
24822
24823
24834
24844
24845
24846
24847
24848
24863
24864
24868
24869
24870
24871
24874
24879
24880
24881
24883
24884
24885
24886
24891
24894
24895
24896
24897
24898
24899
24900
24901
24904
24906
24907
24908
24917
24918
24921
24922
24923
24925
24926
24931
24939
24941
24942
24944
24954
24955
24959
24961
24964
24966
24969
24970
24974
24976
24977
24980
24983
24984
24985
24986
24988
24989
24997
24998
24999
25003
25005
25007
25011
25014
25018
25019
25020
25021
25022
25025
25029
25033
25039
25040
25042
25044
25046
25047
25049
25050
25052
25053
25054
25062
25065
25070
25071
25073
25074
25075
25077
25078
25079
25080
25082
25083
25084
25085
25086
25087
25088
25089
25091
25092
25094
25095
25097
25098
25099
25100
25101
25102
25103
25104
25105
25108
25109
25112
25113
25114
25115
25116
25117
25118
25120
25121
25122
25123
25124
25125
25126
25128
25129
25130
25131
25132
25133
25135
25136
25137
25139
25140
25142
25143
25144
25145
25146
25147
25149
25150
25151
25152
25153
25155
25156
25158
25159
25160
25161
25163
25164
25166
25167
25168
25170
25171
25172
25173
25174
25175
25177
25178
25181
25182
25184
25185
25186
25187
25188
25195
25197
25198
25210
25216
25217
25218
25221
25222
25223
25226
25228
25229
25230
25232
25234
25235
25237
25248
25249
25250
25251
25257
25258
25259
25261
25262
25263
25264
25266
25267
25268
25269
25271
25272
25273
25274
25276
25277
25280
25281
25282
25284
25285
25286
25287
25288
25289
25290
25291
25292
25293
25297
25299
25300
25301
25302
25303
25304
25305
25306
25307
25308
25309
25310
25311
25312
25313
25314
25315
25316
25317
25318
25319
25320
25321
25323
25326
25327
25330
25332
25333
25334
25335
25337
25338
25339
25340
25342
25345
25346
25347
25350
25352
25355
25356
25359
25360
25363
25365
25368
25370
25372
25376
25377
25403
25421
25422
25423
25425
25426
25431
25433
25436
25437
25445
25450
25481
25490
25492
25500
25507
25510
25513
25516
25519
25521
25524
25526
25528
25529
25533
25535
25536
25539
25541
25542
25544
25549
25550
25551
25552
25553
25554
25557
25558
25564
25565
25566
25567
25568
25570
25571
25572
25573
25574
25575
25578
25580
25581
25582
25584
25585
25586
25587
25590
25591
25592
25593
25594
25595
25600
25601
25602
25604
25605
25607
25611
25612
25614
25615
25624
25627
25628
25636
25637
25638
25642
25649
25652
25654
25655
25658
25659
25660
25664
25666
25667
25668
25669
25670
25674
25676
25677
25682
25683
25685
25689
25690
25691
25698
25699
25700
25701
25707
25709
25710
25711
25715
25716
25717
25718
25723
25726
25728
25732
25737
25739
25745
25746
25749
25750
25751
25752
25759
25768
25769
25770
25771
25772
25773
25775
25776
25777
25779
25782
25785
25786
25788
25789
25796
25798
25800
25804
25805
25810
25811
25814
25816
25817
25820
25821
25823
25825
25826
25827
25828
25829
25830
25831
25832
25836
25838
25839
25841
25846
25847
25848
25849
25850
25851
25853
25854
25859
25860
25862
25867
25868
25869
25870
25871
25872
25873
25875
25876
25877
25881
25882
25883
25884
25885
25889
25891
25892
25893
25897
25899
25900
25901
25902
25903
25904
25905
25907
25908
25909
25910
25912
25913
25914
25915
25916
25918
25919
25921
25922
25924
25926
25927
25928
25929
25930
25931
25932
25934
25935
25937
25938
25939
25941
25942
25945
25946
25947
25948
25950
25952
25953
25954
25955
25958
25959
25960
25961
25962
25964
25965
25966
25967
25968
25969
25971
25972
25973
25975
25976
25977
25980
25981
25982
25983
25985
25987
25994
25997
26000
26002
26003
26005
26006
26007
26009
26010
26011
26013
26014
26015
26016
26021
26023
26024
26026
26027
26028
26029
26032
26033
26034
26038
26039
26040
26041
26042
26045
26046
26047
26048
26049
26050
26052
26053
26057
26058
26059
26060
26061
26062
26063
26064
26065
26066
26067
26068
26070
26073
26074
26075
26078
26079
26081
26082
26083
26086
26091
26092
26094
26095
26097
26098
26099
26100
26102
26104
26105
26106
26109
26110
26111
26113
26114
26115
26116
26117
26120
26121
26122
26124
26128
26129
26131
26132
26133
26134
26135
26136
26137
26139
26140
26141
26142
26143
26145
26151
26152
26153
26154
26155
26156
26157
26158
26159
26160
26161
26162
26163
26164
26165
26166
26167
26168
26169
26172
26173
26175
26176
26180
26181
26185
26186
26193
26194
26195
26196
26197
26198
26200
26201
26202
26203
26204
26207
26209
26210
26211
26213
26218
26221
26222
26224
26225
26227
26228
26230
26231
26232
26233
26238
26239
26240
26241
26242
26243
26244
26246
26253
26254
26257
26258
26259
26260
26265
26266
26270
26271
26272
26274
26275
26276
26277
26278
26280
26281
26283
26286
26288
26289
26290
26294
26298
26299
26300
26301
26302
26303
26306
26307
26308
26312
26313
26314
26315
26316
26318
26320
26322
26331
26332
26333
26341
26342
26343
26348
26354
26355
26356
26358
26360
26367
26368
26369
26370
26374
26381
26382
26386
26387
26388
26389
26390
26391
26392
26393
26397
26400
26401
26407
26408
26409
26413
26414
26415
26416
26420
26421
26422
26424
26425
26431
26435
26437
26438
26439
26441
26443
26444
26445
26447
26448
26449
26454
26455
26457
26461
26462
26463
26467
26469
26470
26473
26474
26478
26488
26489
26496
26499
26503
26508
26509
26511
26512
26513
26514
26515
26517
26519
26520
26521
26523
26526
26527
26529
26530
26531
26534
26535
26538
26540
26541
26542
26543
26544
26545
26546
26547
26549
26550
26551
26554
26555
26557
26559
26566
26567
26569
26570
26571
26572
26576
26577
26579
26580
26581
26583
26585
26586
26587
26588
26589
26591
26592
26593
26598
26599
26600
26602
26604
26605
26606
26607
26609
26610
26611
26613
26617
26618
26624
26625
26628
26629
26630
26631
26632
26634
26635
26636
26637
26638
26640
26641
26642
26643
26644
26645
26646
26647
26648
26650
26651
26652
26654
26655
26656
26657
26659
26661
26662
26663
26665
26666
26667
26668
26669
26670
26671
26672
26673
26674
26675
26676
26678
26679
26680
26681
26683
26685
26686
26688
26694
26695
26697
26698
26701
26703
26704
26705
26706
26707
26708
26711
26712
26713
26714
26715
26716
26717
26718
26719
26723
26724
26734
26736
26737
26739
26740
26741
26742
26744
26745
26746
26747
26751
26752
26753
26754
26755
26756
26757
26758
26759
26761
26762
26763
26764
26765
26766
26767
26768
26772
26773
26775
26776
26777
26778
26779
26780
26781
26782
26783
26784
26785
26786
26787
26789
26790
26791
26792
26793
26794
26796
26797
26798
26799
26801
26802
26807
26808
26812
26815
26821
26822
26827
26828
26829
26834
26835
26836
26841
26842
26844
26845
26846
26847
26852
26853
26854
26855
26857
26860
26862
26868
26869
26873
26876
26877
26879
26880
26882
26883
26888
26895
26896
26897
26908
26909
26911
26912
26913
26916
26917
26918
26930
26932
26933
26934
26935
26936
26937
26938
26940
26941
26944
26946
26948
26950
26953
26955
26958
26960
26968
26969
26970
26971
26973
26974
26975
26976
26981
26982
26983
26984
26985
26987
26990
26993
26994
26997
26999
27003
27004
27006
27007
27008
27009
27018
27019
27020
27021
27022
27023
27024
27026
27027
27028
27033
27034
27035
27036
27037
27041
27051
27053
27056
27057
27058
27061
27063
27066
27068
27069
27070
27071
27074
27077
27079
27080
27081
27082
27086
27089
27090
27091
27096
27097
27099
27103
27104
27105
27106
27107
27109
27110
27112
27113
27114
27115
27116
27117
27120
27123
27124
27131
27135
27136
27138
27139
27140
27142
27143
27144
27145
27148
27149
27151
27155
27157
27158
27159
27160
27161
27163
27164
27168
27169
27170
27171
27179
27181
27183
27189
27190
27192
27193
27194
27196
27199
27200
27202
27203
27204
27208
27209
27213
27214
27215
27219
27221
27223
27224
27225
27226
27227
27229
27230
27234
27239
27241
27248
27249
27252
27255
27256
27259
27260
27261
27263
27267
27268
27270
27271
27273
27274
27276
27277
27284
27285
27287
27289
27290
27291
27292
27293
27295
27296
27297
27298
27299
27301
27302
27303
27304
27305
27306
27307
27308
27309
27310
27311
27313
27314
27315
27322
27324
27325
27326
27330
27331
27333
27334
27335
27336
27339
27341
27342
27343
27344
27345
27346
27348
27350
27351
27352
27353
27354
27355
27356
27358
27359
27360
27363
27364
27365
27368
27370
27371
27372
27373
27374
27379
27380
27381
27382
27383
27384
27386
27387
27388
27393
27397
27398
27400
27401
27402
27403
27404
27406
27407
27408
27409
27410
27411
27412
27413
27414
