0
1
6
7
10
18
19
20
22
23
24
25
26
29
30
33
34
35
38
40
45
48
51
56
57
58
59
60
61
62
64
65
66
67
68
69
70
71
72
73
74
75
76
77
78
79
80
81
82
83
84
85
86
87
88
89
90
91
92
93
94
95
96
97
98
99
100
101
102
103
104
105
106
107
108
109
110
111
120
121
122
123
124
125
126
127
128
129
130
131
132
133
134
135
136
137
138
139
140
141
142
143
144
145
146
147
148
149
150
151
152
153
154
155
156
157
158
159
160
161
162
163
164
165
166
167
168
169
170
171
172
178
179
191
192
193
195
196
197
199
204
205
211
213
215
216
218
219
221
222
223
224
225
226
227
228
230
232
233
235
236
237
238
239
240
241
242
243
244
245
246
248
249
250
251
252
253
254
255
256
257
258
259
260
266
267
268
270
280
281
282
284
285
286
288
289
290
291
292
293
294
295
298
299
300
301
302
303
304
305
306
308
312
316
317
318
320
321
322
325
328
334
335
343
344
354
356
357
359
360
361
362
363
364
365
366
367
373
376
377
381
382
383
384
385
386
387
388
389
391
392
393
394
395
396
397
398
399
400
401
402
403
404
405
407
409
410
411
412
413
415
416
418
419
420
421
422
431
435
436
437
438
439
440
441
442
443
444
445
446
447
448
449
450
451
453
454
455
457
460
461
468
472
473
474
475
476
478
480
481
483
484
485
486
487
488
489
497
498
499
500
513
514
515
516
517
519
520
522
523
525
526
527
528
530
532
534
535
536
540
542
543
544
546
547
548
549
550
551
554
557
558
559
565
566
570
571
572
574
576
577
578
579
580
588
589
590
591
592
596
597
598
599
600
601
602
603
604
605
606
607
608
609
610
611
612
613
614
627
628
629
632
636
637
643
653
673
675
699
704
705
706
707
708
709
710
711
712
714
715
717
718
719
720
721
722
723
724
725
726
727
728
730
731
732
734
735
736
737
738
739
740
741
743
744
745
746
747
748
753
761
766
772
773
774
777
778
779
780
783
784
785
786
790
791
793
796
797
816
819
823
824
825
828
829
830
831
832
834
835
836
837
838
842
843
847
852
853
854
855
856
857
858
859
860
861
862
863
864
865
866
876
878
879
880
881
882
883
893
894
898
899
911
922
930
932
934
942
943
944
950
957
966
977
985
988
989
990
1004
1005
1009
1015
1023
1030
1037
1038
1039
1040
1041
1042
1043
1044
1046
1047
1048
1049
1050
1051
1052
1053
1054
1056
1057
1058
1059
1060
1061
1062
1064
1065
1066
1068
1070
1071
1072
1073
1074
1075
1076
1077
1078
1079
1082
1088
1089
1095
1098
1100
1102
1104
1114
1121
1122
1127
1128
1130
1131
1132
1140
1145
1146
1160
1166
1167
1168
1169
1170
1171
1172
1173
1179
1182
1183
1184
1185
1186
1187
1188
1189
1190
1191
1192
1193
1197
1205
1206
1207
1208
1216
1220
1224
1225
1226
1227
1228
1229
1230
1231
1232
1233
1234
1235
1236
1238
1239
1240
1241
1242
1243
1244
1245
1246
1247
1249
1250
1251
1252
1257
1263
1264
1266
1267
1269
1271
1272
1273
1275
1276
1278
1279
1280
1281
1283
1284
1291
1292
1293
1295
1296
1297
1298
1302
1311
1316
1317
1318
1319
1320
1322
1324
1325
1327
1328
1329
1330
1331
1332
1333
1334
1335
1336
1337
1338
1339
1340
1341
1342
1343
1344
1345
1346
1347
1348
1349
1350
1351
1352
1353
1354
1355
1356
1357
1358
1360
1361
1366
1368
1369
1370
1371
1372
1378
1379
1380
1381
1383
1384
1385
1389
1399
1404
1405
1406
1407
1408
1409
1423
1426
1427
1428
1429
1430
1431
1442
1443
1444
1445
1446
1448
1450
1454
1456
1457
1459
1460
1461
1462
1463
1464
1476
1480
1483
1484
1485
1486
1489
1491
1492
1494
1495
1498
1500
1505
1506
1507
1508
1509
1511
1514
1517
1519
1520
1522
1523
1524
1529
1530
1538
1539
1544
1545
1546
1547
1548
1549
1552
1554
1555
1556
1557
1558
1559
1560
1561
1562
1563
1564
1565
1566
1570
1571
1572
1573
1574
1575
1576
1577
1578
1579
1583
1584
1585
1586
1588
1590
1592
1595
1598
1600
1601
1602
1604
1605
1606
1607
1609
1610
1611
1612
1613
1614
1615
1617
1618
1619
1620
1621
1622
1623
1625
1626
1627
1628
1629
1630
1631
1633
1634
1635
1636
1637
1638
1639
1640
1646
1647
1648
1652
1653
1654
1655
1656
1657
1658
1666
1669
1675
1676
1677
1685
1687
1693
1694
1698
1699
1700
1701
1702
1703
1705
1706
1707
1709
1710
1712
1713
1716
1717
1718
1720
1722
1723
1727
1728
1730
1731
1732
1734
1735
1736
1737
1738
1739
1740
1741
1742
1743
1744
1745
1747
1749
1750
1751
1752
1753
1754
1755
1757
1758
1759
1760
1765
1766
1767
1768
1769
1770
1771
1772
1773
1774
1775
1776
1777
1778
1779
1780
1781
1782
1783
1784
1788
1790
1791
1794
1795
1796
1797
1798
1800
1801
1802
1804
1805
1806
1807
1808
1809
1810
1814
1815
1816
1824
1825
1828
1829
1830
1832
1833
1834
1835
1836
1837
1838
1839
1840
1841
1842
1845
1848
1849
1850
1851
1854
1856
1857
1858
1859
1860
1870
1871
1872
1875
1876
1881
1882
1883
1884
1885
1886
1887
1889
1890
1891
1892
1893
1894
1895
1896
1897
1901
1902
1904
1905
1907
1910
1911
1912
1913
1914
1916
1918
1921
1922
1923
1924
1925
1926
1927
1928
1930
1931
1940
1941
1942
1948
1949
1953
1954
1955
1956
1957
1958
1959
1960
1963
1964
1965
1966
1967
1968
1969
1970
1971
1972
1973
1974
1975
1976
1979
1980
1983
1984
1985
1989
1991
1993
1994
1995
1996
1997
1998
1999
2002
2003
2005
2009
2010
2011
2012
2013
2014
2017
2019
2020
2021
2022
2023
2024
2025
2027
2029
2030
2031
2032
2033
2037
2038
2039
2040
2041
2042
2043
2045
2046
2048
2049
2050
2054
2056
2057
2058
2059
2060
2061
2062
2066
2067
2068
2069
2070
2071
2073
2074
2076
2077
2078
2079
2080
2082
2083
2084
2085
2086
2087
2088
2089
2090
2092
2093
2094
2095
2096
2097
2101
2103
2105
2107
2109
2110
2111
2112
2117
2118
2119
2124
2125
2126
2130
2144
2150
2151
2152
2158
2159
2160
2161
2162
2163
2164
2166
2167
2168
2170
2178
2179
2182
2183
2184
2186
2187
2189
2190
2191
2192
2193
2194
2195
2197
2198
2199
2202
2204
2206
2207
2213
2214
2215
2216
2218
2241
2260
2261
2262
2263
2264
2265
2266
2267
2268
2269
2270
2276
2277
2281
2284
2285
2288
2291
2293
2294
2300
2306
2308
2310
2314
2321
2322
2324
2325
2330
2332
2334
2339
2340
2346
2348
2349
2350
2352
2354
2355
2356
2360
2361
2362
2363
2364
2366
2367
2368
2369
2370
2371
2372
2373
2374
2375
2390
2392
2400
2402
2406
2407
2411
2412
2413
2414
2415
2416
2417
2420
2421
2422
2423
2424
2427
2429
2430
2431
2432
2433
2434
2435
2436
2451
2452
2453
2454
2455
2456
2458
2462
2463
2465
2467
2468
2471
2472
2474
2477
2478
2480
2481
2483
2484
2504
2507
2508
2509
2511
2512
2513
2514
2515
2516
2517
2518
2519
2520
2522
2523
2524
2525
2527
2530
2532
2533
2536
2537
2538
2540
2541
2542
2543
2550
2551
2552
2553
2554
2555
2556
2559
2560
2561
2562
2563
2564
2565
2566
2568
2569
2571
2572
2573
2574
2575
2578
2579
2580
2590
2596
2600
2606
2615
2616
2617
2618
2624
2626
2627
2628
2629
2649
2655
2659
2661
2664
2665
2667
2668
2669
2670
2672
2673
2674
2675
2676
2677
2678
2681
2682
2683
2685
2689
2690
2691
2705
2710
2711
2712
2713
2714
2715
2716
2724
2725
2726
2729
2730
2731
2734
2735
2736
2737
2738
2740
2741
2744
2746
2751
2754
2755
2758
2763
2764
2767
2769
2772
2774
2782
2786
2787
2788
2789
2790
2791
2792
2793
2794
2795
2796
2797
2798
2799
2800
2801
2805
2808
2812
2819
2820
2821
2822
2828
2829
2830
2837
2838
2840
2841
2842
2843
2845
2847
2848
2849
2853
2854
2855
2861
2867
2868
2869
2870
2871
2873
2874
2875
2886
2889
2890
2891
2892
2893
2894
2895
2896
2897
2898
2899
2900
2901
2902
2904
2905
2908
2909
2911
2912
2913
2916
2917
2918
2919
2921
2922
2926
2932
2933
2934
2936
2937
2939
2940
2941
2942
2944
2946
2947
2948
2949
2950
2951
2952
2953
2954
2955
2959
2962
2963
2966
2967
2968
2969
2970
2971
2972
2973
2974
2975
2976
2977
2978
2981
2982
2983
2984
2985
2989
2990
2991
2992
2993
2994
2995
2996
2997
2998
3003
3009
3010
3012
3013
3016
3018
3019
3020
3021
3022
3024
3025
3026
3028
3029
3031
3032
3033
3034
3035
3038
3052
3053
3054
3056
3057
3059
3060
3062
3063
3064
3065
3066
3067
3068
3069
3070
3071
3072
3073
3074
3075
3076
3078
3079
3080
3082
3083
3084
3085
3086
3087
3088
3090
3091
3092
3093
3094
3095
3097
3098
3099
3100
3101
3104
3105
3106
3107
3108
3109
3110
3111
3112
3113
3114
3115
3118
3119
3122
3123
3128
3129
3131
3140
3150
3151
3152
3154
3155
3156
3157
3158
3159
3164
3166
3168
3170
3175
3184
3187
3199
3200
3203
3206
3209
3210
3211
3213
3214
3215
3216
3217
3218
3219
3221
3222
3223
3224
3225
3227
3232
3233
3235
3236
3237
3238
3239
3242
3250
3265
3275
3276
3277
3278
3279
3280
3281
3282
3283
3287
3289
3290
3293
3298
3300
3304
3305
3306
3307
3309
3310
3311
3312
3313
3315
3316
3317
3320
3321
3322
3323
3324
3325
3330
3331
3332
3333
3334
3342
3346
3349
3350
3351
3355
3356
3369
3374
3375
3377
3378
3380
3385
3386
3387
3396
3413
3418
3419
3420
3435
3436
3437
3440
3442
3446
3447
3452
3453
3454
3455
3456
3457
3459
3460
3461
3463
3464
3465
3468
3469
3473
3475
3476
3479
3480
3481
3482
3483
3485
3486
3487
3488
3489
3490
3491
3493
3494
3495
3496
3497
3499
3500
3501
3503
3504
3505
3506
3507
3509
3510
3511
3520
3521
3523
3524
3525
3528
3530
3532
3536
3537
3538
3539
3542
3543
3544
3545
3546
3548
3551
3552
3553
3554
3555
3556
3557
3558
3559
3560
3561
3562
3563
3564
3575
3576
3577
3578
3579
3580
3582
3583
3584
3585
3586
3588
3589
3590
3591
3592
3594
3595
3596
3597
3598
3599
3600
3601
3603
3606
3607
3614
3617
3619
3621
3626
3628
3638
3646
3653
3660
3661
3662
3666
3668
3672
3681
3684
3692
3695
3709
3710
3714
3715
3720
3725
3727
3728
3736
3741
3742
3743
3744
3745
3746
3747
3748
3749
3750
3751
3752
3753
3756
3758
3759
3760
3761
3769
3772
3773
3774
3775
3776
3779
3787
3788
3795
3797
3798
3803
3805
3807
3808
3809
3810
3811
3812
3814
3816
3820
3822
3823
3825
3827
3828
3831
3832
3833
3834
3835
3836
3837
3839
3840
3841
3843
3844
3845
3846
3848
3849
3850
3851
3852
3853
3862
3866
3868
3869
3873
3875
3876
3877
3885
3886
3887
3888
3892
3894
3895
3896
3897
3903
3909
3910
3911
3912
3913
3914
3916
3917
3918
3919
3920
3921
3922
3923
3924
3925
3926
3927
3930
3931
3932
3933
3934
3943
3944
3948
3951
3952
3953
3966
3970
3971
3972
3973
3974
3976
3979
3980
3982
3983
3984
3985
3986
3988
3990
3992
3993
3997
3999
4001
4002
4003
4004
4006
4007
4008
4010
4012
4013
4014
4016
4018
4019
4020
4021
4023
4024
4025
4027
4028
4030
4031
4032
4033
4034
4035
4036
4037
4038
4039
4040
4041
4042
4044
4045
4047
4048
4049
4051
4052
4053
4054
4056
4057
4058
4068
4069
4070
4071
4072
4073
4075
4076
4078
4079
4080
4081
4082
4084
4086
4087
4088
4096
4098
4099
4100
4115
4119
4120
4121
4122
4123
4124
4126
4127
4128
4129
4131
4132
4133
4134
4135
4138
4139
4140
4141
4142
4143
4144
4145
4147
4148
4149
4150
4151
4152
4153
4154
4155
4156
4159
4160
4161
4162
4163
4164
4165
4166
4167
4168
4169
4170
4171
4172
4173
4174
4175
4176
4177
4178
4179
4181
4182
4183
4184
4185
4186
4187
4188
4189
4199
4200
4203
4205
4206
4208
4209
4211
4212
4213
4214
4215
4216
4217
4218
4219
4220
4221
4222
4223
4224
4225
4226
4227
4228
4229
4230
4231
4232
4233
4234
4235
4236
4238
4239
4242
4243
4246
4250
4251
4252
4261
4262
4265
4266
4273
4274
4275
4277
4279
4280
4284
4286
4287
4288
4289
4297
4298
4304
4305
4308
4310
4312
4317
4321
4324
4325
4326
4327
4328
4329
4330
4331
4333
4334
4335
4342
4343
4344
4345
4347
4348
4349
4350
4357
4359
4360
4363
4364
4367
4368
4369
4370
4373
4375
4376
4379
4380
4381
4382
4383
4384
4385
4386
4387
4393
4399
4400
4401
4402
4403
4407
4408
4409
4414
4416
4421
4423
4425
4427
4432
4433
4434
4436
4437
4441
4442
4445
4447
4460
4469
4473
4484
4486
4488
4492
4501
4507
4510
4511
4512
4513
4514
4515
4516
4517
4518
4519
4520
4522
4523
4524
4525
4526
4527
4529
4530
4531
4532
4533
4534
4535
4536
4537
4538
4539
4540
4541
4542
4543
4544
4545
4546
4547
4548
4549
4550
4551
4552
4553
4554
4555
4556
4557
4558
4559
4560
4561
4562
4564
4565
4567
4568
4575
4576
4577
4579
4580
4583
4584
4585
4586
4587
4588
4590
4591
4594
4595
4596
4597
4598
4599
4601
4610
4612
4614
4617
4623
4624
4625
4626
4627
4630
4631
4632
4633
4634
4636
4637
4638
4639
4641
4642
4643
4644
4645
4646
4647
4648
4649
4650
4651
4652
4653
4654
4655
4656
4657
4659
4660
4661
4662
4663
4664
4665
4666
4667
4668
4669
4676
4681
4682
4686
4687
4688
4690
4691
4692
4693
4699
4703
4704
4711
4712
4713
4714
4715
4716
4717
4718
4719
4720
4721
4722
4723
4724
4725
4726
4727
4728
4730
4731
4732
4733
4734
4735
4737
4739
4741
4742
4743
4745
4746
4747
4748
4749
4750
4751
4753
4754
4755
4756
4757
4758
4759
4760
4761
4763
4764
4765
4766
4767
4769
4770
4771
4772
4773
4774
4775
4776
4781
4782
4784
4785
4796
4797
4798
4799
4800
4805
4808
4809
4810
4811
4814
4819
4822
4827
4828
4833
4836
4844
4845
4846
4847
4848
4849
4852
4853
4854
4864
4865
4867
4868
4869
4870
4871
4872
4873
4884
4886
4890
4891
4892
4893
4896
4897
4900
4901
4903
4906
4907
4911
4913
4925
4926
4927
4928
4929
4930
4932
4933
4934
4936
4937
4938
4939
4942
4943
4945
4946
4947
4948
4950
4951
4952
4953
4954
4955
4957
4958
4961
4962
4963
4964
4965
4966
4967
4969
4970
4971
4972
4973
4974
4976
4978
4980
4981
4982
4984
4985
4988
4989
4991
4992
4993
4994
5001
5004
5018
5020
5025
5026
5028
5029
5032
5034
5035
5036
5037
5038
5039
5040
5041
5046
5047
5050
5051
5052
5053
5078
5079
5081
5082
5084
5085
5090
5091
5092
5093
5094
5095
5096
5097
5098
5099
5100
5101
5102
5103
5104
5105
5106
5107
5108
5109
5110
5111
5112
5113
5114
5115
5118
5119
5121
5122
5123
5127
5130
5131
5132
5133
5134
5135
5136
5137
5138
5139
5140
5141
5142
5143
5145
5146
5147
5149
5150
5151
5153
5154
5155
5156
5157
5158
5160
5161
5162
5163
5164
5167
5168
5169
5172
5173
5174
5180
5185
5186
5187
5189
5191
5192
5193
5195
5198
5199
5202
5203
5204
5205
5206
5207
5208
5209
5210
5211
5212
5213
5214
5215
5216
5217
5218
5219
5222
5223
5224
5225
5226
5227
5228
5229
5230
5231
5235
5240
5243
5246
5247
5248
5249
5250
5262
5263
5264
5265
5266
5267
5270
5275
5277
5278
5279
5280
5281
5282
5283
5285
5286
5287
5290
5291
5292
5295
5296
5298
5299
5300
5301
5302
5303
5304
5306
5307
5308
5309
5310
5312
5313
5314
5315
5316
5318
5319
5320
5326
5327
5328
5332
5336
5337
5344
5345
5346
5347
5349
5350
5351
5358
5359
5360
5362
5363
5366
5367
5368
5379
5380
5381
5382
5384
5385
5386
5387
5388
5389
5392
5397
5398
5399
5400
5401
5407
5408
5409
5411
5412
5413
5414
5418
5421
5422
5423
5424
5425
5426
5427
5430
5431
5432
5433
5434
5437
5438
5439
5440
5441
5442
5443
5446
5447
5448
5449
5450
5451
5452
5453
5454
5455
5458
5459
5460
5461
5462
5464
5470
5476
5481
5482
5483
5484
5485
5493
5494
5495
5496
5497
5498
5500
5502
5504
5506
5507
5508
5509
5510
5512
5515
5516
5517
5518
5519
5520
5522
5523
5524
5529
5531
5535
5536
5537
5538
5539
5541
5542
5544
5545
5546
5548
5549
5550
5551
5553
5554
5555
5558
5559
5560
5561
5562
5568
5573
5578
5579
5580
5581
5582
5583
5584
5585
5586
5588
5589
5590
5592
5593
5594
5595
5596
5598
5599
5600
5601
5602
5603
5604
5605
5606
5607
5608
5609
5610
5611
5612
5613
5614
5615
5616
5617
5618
5619
5625
5632
5633
5634
5635
5636
5637
5638
5639
5641
5642
5643
5644
5647
5649
5650
5653
5656
5658
5659
5661
5662
5666
5678
5680
5681
5684
5686
5687
5688
5689
5690
5691
5693
5695
5708
5709
5710
5711
5713
5715
5716
5717
5720
5726
5727
5728
5729
5730
5731
5732
5733
5734
5735
5736
5737
5738
5739
5740
5741
5742
5743
5744
5745
5752
5755
5765
5766
5769
5770
5771
5778
5779
5780
5781
5782
5783
5785
5794
5795
5796
5797
5798
5799
5808
5810
5816
5817
5818
5819
5820
5821
5822
5824
5825
5827
5831
5832
5833
5834
5835
5841
5842
5843
5844
5845
5846
5847
5863
5864
5867
5868
5869
5870
5871
5872
5873
5874
5875
5876
5883
5886
5888
5889
5890
5891
5892
5893
5894
5895
5903
5904
5905
5906
5907
5909
5910
5911
5912
5913
5914
5918
5921
5926
5929
5935
5938
5943
5946
5949
5950
5951
5953
5954
5961
5962
5963
5964
5965
5967
5968
5969
5970
5971
5972
5975
5976
5977
5978
5983
5984
5995
5996
5998
6003
6005
6006
6007
6008
6009
6010
6015
6017
6018
6021
6022
6023
6024
6025
6026
6027
6029
6030
6031
6032
6033
6046
6048
6049
6051
6052
6053
6054
6055
6058
6059
6060
6063
6067
6068
6069
6070
6073
6075
6081
6082
6083
6084
6086
6087
6089
6090
6091
6092
6095
6097
6098
6099
6101
6106
6107
6108
6110
6111
6112
6113
6115
6119
6120
6121
6122
6123
6125
6126
6127
6128
6129
6130
6131
6132
6133
6134
6135
6136
6137
6138
6139
6140
6141
6142
6143
6144
6145
6146
6147
6148
6149
6150
6151
6153
6154
6155
6156
6157
6158
6162
6164
6165
6166
6167
6176
6177
6178
6179
6180
6181
6184
6185
6188
6189
6190
6191
6193
6194
6195
6196
6198
6200
6201
6202
6204
6205
6206
6207
6208
6209
6210
6211
6213
6214
6215
6216
6217
6218
6219
6220
6228
6229
6231
6232
6234
6235
6237
6238
6240
6241
6242
6243
6244
6245
6246
6252
6253
6257
6258
6259
6261
6262
6263
6264
6269
6273
6276
6285
6292
6294
6295
6296
6297
6298
6300
6301
6302
6303
6304
6305
6307
6309
6310
6312
6323
6328
6329
6330
6331
6332
6333
6334
6335
6356
6357
6362
6363
6366
6367
6368
6370
6371
6372
6375
6376
6377
6378
6379
6380
6381
6382
6383
6384
6387
6388
6389
6390
6391
6392
6393
6394
6395
6398
6401
6402
6403
6404
6406
6408
6409
6410
6411
6412
6415
6416
6417
6418
6419
6427
6429
6430
6431
6434
6435
6436
6437
6438
6439
6440
6443
6444
6448
6449
6453
6454
6459
6461
6472
6481
6483
6484
6486
6490
6494
6495
6502
6503
6504
6506
6509
6515
6516
6522
6533
6535
6537
6538
6539
6540
6545
6546
6547
6548
6549
6550
6551
6552
6558
6559
6560
6561
6562
6563
6564
6565
6572
6573
6574
6575
6576
6578
6580
6581
6582
6586
6591
6592
6594
6595
6596
6597
6599
6600
6604
6607
6608
6609
6610
6611
6614
6616
6617
6618
6620
6621
6622
6631
6634
6635
6636
6637
6638
6641
6643
6647
6648
6649
6650
6651
6652
6653
6656
6657
6667
6668
6669
6670
6676
6682
6686
6687
6691
6695
6696
6699
6704
6706
6711
6713
6714
6715
6718
6720
6721
6725
6726
6727
6728
6729
6730
6732
6735
6736
6737
6738
6742
6743
6744
6760
6761
6762
6763
6764
6765
6772
6784
6785
6786
6788
6789
6790
6791
6792
6793
6796
6797
6803
6804
6808
6814
6815
6816
6817
6823
6825
6826
6841
6849
6850
6852
6859
6867
6868
6869
6873
6874
6877
6878
6884
6897
6900
6901
6902
6903
6904
6905
6911
6915
6918
6921
6925
6927
6930
6933
6938
6950
6951
6957
6963
6968
6969
6974
6981
6986
6988
6990
6995
7001
7002
7003
7004
7007
7008
7010
7012
7014
7015
7021
7024
7026
7027
7030
7033
7037
7039
7041
7042
7048
7060
7061
7062
7065
7066
7067
7068
7073
7075
7077
7078
7079
7080
7082
7083
7085
7086
7087
7088
7089
7090
7091
7092
7097
7098
7099
7100
7101
7102
7103
7104
7105
7107
7113
7114
7115
7116
7117
7120
7121
7123
7124
7125
7126
7128
7129
7131
7132
7133
7134
7137
7138
7139
7140
7141
7142
7143
7147
7148
7149
7150
7151
7152
7153
7154
7155
7156
7157
7158
7159
7160
7166
7172
7173
7175
7181
7182
7183
7184
7187
7192
7196
7197
7202
7212
7215
7216
7225
7226
7231
7232
7233
7234
7235
7236
7237
7242
7245
7248
7249
7253
7258
7259
7260
7261
7262
7264
7265
7267
7268
7269
7270
7271
7273
7274
7276
7277
7278
7279
7280
7281
7284
7285
7294
7295
7301
7302
7303
7304
7305
7306
7307
7309
7310
7311
7312
7313
7315
7316
7317
7320
7321
7323
7324
7325
7326
7327
7328
7329
7330
7331
7332
7333
7354
7355
7365
7367
7370
7377
7381
7402
7413
7416
7427
7439
7444
7445
7462
7468
7470
7472
7473
7474
7477
7478
7479
7482
7483
7489
7490
7491
7494
7498
7499
7500
7501
7502
7503
7504
7507
7508
7509
7513
7514
7516
7531
7534
7537
7543
7549
7550
7551
7552
7553
7555
7560
7561
7563
7564
7565
7566
7567
7568
7570
7576
7577
7581
7583
7586
7592
7594
7595
7596
7598
7599
7603
7611
7613
7616
7617
7618
7619
7620
7623
7625
7626
7627
7628
7629
7630
7631
7633
7634
7636
7637
7638
7639
7640
7641
7642
7644
7646
7647
7649
7650
7652
7653
7654
7655
7656
7657
7658
7659
7660
7661
7670
7671
7672
7674
7675
7678
7679
7680
7681
7684
7685
7688
7689
7690
7692
7693
7694
7696
7697
7699
7700
7702
7703
7704
7705
7706
7707
7708
7709
7710
7711
7712
7713
7716
7717
7718
7719
7720
7722
7723
7726
7729
7730
7731
7732
7733
7734
7735
7736
7737
7738
7739
7740
7742
7743
7744
7745
7747
7750
7751
7752
7753
7754
7759
7765
7770
7772
7773
7776
7777
7778
7779
7780
7781
7782
7783
7784
7786
7787
7788
7789
7790
7793
7794
7795
7796
7797
7798
7799
7810
7811
7812
7813
7814
7815
7817
7818
7819
7820
7823
7824
7825
7826
7827
7828
7829
7830
7831
7832
7833
7834
7835
7836
7837
7839
7840
7841
7842
7849
7850
7852
7856
7859
7860
7861
7862
7863
7866
7874
7892
7893
7906
7907
7909
7910
7914
7920
7921
7922
7923
7924
7928
7929
7930
7931
7932
7933
7936
7940
7943
7945
7946
7948
7949
7950
7958
7959
7961
7962
7963
7966
7968
7969
7981
7997
7999
8013
8018
8019
8020
8021
8022
8031
8033
8034
8035
8038
8040
8042
8043
8044
8045
8046
8047
8060
8061
8062
8071
8072
8073
8074
8075
8077
8079
8080
8084
8085
8086
8087
8088
8089
8090
8093
8094
8096
8098
8103
8109
8110
8111
8119
8122
8123
8125
8126
8127
8128
8129
8130
8134
8135
8136
8137
8138
8139
8140
8141
8142
8143
8144
8145
8146
8147
8148
8149
8150
8152
8155
8156
8159
8171
8178
8180
8181
8183
8184
8186
8193
8194
8196
8197
8203
8204
8205
8206
8208
8212
8214
8217
8218
8227
8228
8231
8232
8235
8241
8244
8246
8247
8251
8253
8255
8256
8257
8258
8259
8260
8264
8267
8280
8282
8283
8284
8285
8287
8288
8289
8297
8298
8299
8300
8301
8302
8303
8304
8305
8313
8315
8316
8318
8319
8321
8328
8330
8332
8334
8335
8336
8337
8339
8340
8341
8343
8345
8346
8347
8348
8350
8351
8352
8353
8354
8356
8357
8358
8359
8360
8361
8362
8363
8364
8365
8367
8368
8369
8370
8371
8373
8374
8375
8379
8380
8382
8389
8390
8391
8392
8393
8395
8396
8402
8403
8408
8410
8413
8414
8415
8416
8417
8418
8419
8420
8421
8424
8425
8426
8427
8428
8430
8431
8433
8435
8436
8437
8438
8439
8440
8441
8442
8444
8445
8446
8447
8448
8449
8450
8453
8454
8455
8456
8457
8459
8462
8463
8464
8467
8471
8472
8481
8482
8487
8491
8499
8506
8508
8516
8517
8518
8519
8521
8524
8527
8528
8530
8531
8532
8533
8534
8535
8536
8538
8539
8540
8541
8542
8543
8544
8547
8548
8549
8551
8555
8557
8558
8559
8560
8561
8564
8565
8566
8567
8568
8569
8570
8575
8584
8585
8597
8598
8599
8600
8606
8612
8613
8614
8615
8616
8617
8618
8619
8622
8623
8634
8635
8636
8637
8638
8639
8640
8641
8642
8643
8664
8666
8667
8668
8669
8674
8675
8677
8678
8679
8685
8689
8692
8696
8697
8698
8699
8702
8703
8705
8709
8710
8714
8715
8716
8718
8719
8720
8722
8723
8724
8725
8726
8727
8729
8732
8733
8734
8735
8737
8740
8742
8743
8744
8745
8746
8747
8750
8757
8759
8760
8761
8762
8763
8764
8765
8766
8767
8768
8769
8770
8771
8778
8779
8783
8784
8785
8791
8792
8793
8796
8797
8800
8801
8802
8806
8807
8808
8809
8810
8811
8812
8813
8817
8818
8819
8820
8822
8827
8828
8829
8830
8831
8833
8834
8835
8836
8837
8846
8850
8851
8852
8853
8854
8855
8856
8865
8866
8867
8869
8871
8872
8875
8876
8877
8879
8882
8883
8884
8885
8886
8887
8888
8889
8898
8902
8903
8904
8905
8906
8910
8912
8913
8914
8915
8916
8917
8918
8919
8920
8921
8922
8923
8924
8926
8927
8930
8931
8932
8933
8934
8941
8942
8949
8952
8956
8963
8970
8971
8972
8980
8982
8983
8985
8987
8989
8992
8993
8994
8995
8998
9000
9001
9002
9003
9004
9006
9007
9009
9010
9011
9012
9013
9014
9015
9016
9023
9024
9027
9032
9033
9034
9035
9039
9040
9041
9042
9043
9046
9047
9048
9050
9052
9057
9064
9067
9068
9072
9073
9074
9075
9076
9077
9078
9079
9080
9084
9095
9096
9097
9098
9100
9101
9105
9106
9107
9109
9110
9111
9112
9113
9114
9116
9121
9122
9123
9124
9125
9126
9127
9128
9129
9130
9133
9134
9135
9136
9137
9141
9142
9145
9146
9147
9148
9151
9152
9153
9154
9155
9156
9157
9159
9160
9161
9162
9163
9164
9165
9166
9167
9168
9169
9170
9172
9173
9174
9175
9176
9177
9178
9179
9180
9181
9183
9184
9185
9186
9187
9204
9205
9206
9223
9224
9226
9227
9232
9233
9234
9235
9236
9237
9238
9239
9240
9241
9242
9243
9244
9245
9246
9247
9252
9253
9254
9257
9268
9269
9274
9284
9286
9287
9288
9300
9302
9304
9305
9306
9308
9309
9310
9313
9314
9320
9321
9322
9323
9324
9329
9330
9331
9332
9333
9341
9342
9350
9351
9352
9354
9355
9356
9357
9358
9359
9360
9361
9362
9363
9366
9367
9368
9370
9374
9375
9378
9385
9386
9387
9388
9394
9395
9397
9398
9399
9400
9401
9405
9406
9414
9418
9420
9421
9422
9423
9424
9425
9426
9427
9428
9432
9433
9434
9435
9436
9437
9439
9440
9441
9443
9444
9445
9446
9447
9448
9453
9454
9456
9457
9458
9463
9464
9469
9473
9475
9476
9477
9478
9479
9480
9481
9482
9483
9484
9485
9486
9487
9488
9489
9490
9498
9500
9501
9504
9505
9506
9518
9522
9523
9524
9525
9526
9527
9531
9538
9539
9540
9543
9547
9552
9559
9576
9577
9586
9590
9602
9603
9610
9611
9612
9614
9616
9617
9620
9621
9622
9623
9624
9629
9630
9631
9633
9637
9638
9639
9641
9642
9643
9644
9646
9647
9648
9649
9650
9655
9656
9657
9658
9659
9665
9666
9667
9668
9669
9670
9671
9672
9675
9676
9678
9686
9687
9688
9689
9690
9691
9692
9693
9694
9695
9696
9698
9699
9701
9702
9703
9704
9705
9706
9709
9710
9711
9712
9714
9715
9720
9723
9724
9728
9729
9730
9731
9732
9733
9734
9741
9742
9743
9744
9745
9746
9747
9748
9749
9757
9765
9768
9769
9770
9771
9772
9774
9775
9776
9777
9778
9780
9781
9782
9786
9789
9799
9800
9801
9802
9803
9804
9805
9806
9808
9809
9811
9812
9813
9818
9823
9824
9826
9827
9828
9829
9830
9831
9832
9833
9836
9842
9846
9847
9848
9849
9850
9851
9852
9853
9855
9856
9857
9858
9861
9862
9863
9869
9871
9878
9888
9889
9893
9894
9895
9900
9901
9902
9903
9904
9905
9906
9908
9910
9913
9914
9915
9916
9920
9922
9925
9933
9936
9937
9938
9940
9941
9947
9948
9953
9958
9965
9966
9968
9970
9971
9972
9974
9975
9976
9977
9978
9979
9980
9993
9994
9995
9996
9997
9998
10006
10009
10017
10023
10025
10026
10030
10031
10033
10034
10035
10036
10037
10038
10039
10040
10041
10044
10045
10046
10047
10048
10049
10050
10054
10055
10058
10075
10080
10082
10083
10084
10085
10086
10089
10090
10094
10095
10096
10097
10098
10100
10101
10103
10104
10105
10106
10107
10108
10109
10110
10111
10113
10114
10116
10117
10118
10119
10120
10121
10122
10124
10125
10126
10127
10128
10129
10130
10132
10133
10137
10138
10140
10141
10142
10143
10144
10145
10146
10148
10149
10151
10154
10155
10158
10166
10168
10169
10179
10184
10185
10186
10189
10198
10203
10204
10205
10214
10215
10216
10219
10226
10231
10232
10236
10237
10238
10239
10240
10241
10242
10243
10244
10248
10250
10251
10252
10253
10254
10255
10256
10264
10270
10271
10272
10273
10274
10275
10276
10277
10278
10279
10280
10281
10282
10283
10285
10291
10292
10294
10295
10298
10299
10300
10303
10307
10309
10312
10313
10314
10321
10325
10326
10327
10328
10329
10334
10335
10336
10337
10338
10341
10342
10343
10347
10348
10349
10350
10351
10352
10353
10355
10356
10357
10358
10359
10360
10361
10363
10364
10365
10366
10367
10368
10369
10370
10371
10372
10373
10374
10379
10381
10383
10384
10392
10393
10403
10406
10407
10408
10409
10412
10413
10414
10415
10416
10417
10418
10419
10420
10421
10423
10424
10425
10426
10427
10428
10429
10430
10431
10432
10439
10440
10450
10451
10452
10453
10454
10455
10456
10457
10461
10462
10463
10467
10473
10474
10475
10476
10477
10478
10479
10480
10485
10486
10489
10490
10494
10495
10496
10497
10498
10499
10501
10502
10511
10512
10516
10517
10518
10519
10520
10521
10522
10525
10527
10528
10531
10535
10536
10537
10542
10543
10544
10545
10546
10548
10549
10550
10552
10553
10554
10555
10558
10565
10568
10569
10571
10573
10575
10576
10577
10583
10584
10585
10586
10587
10588
10589
10590
10591
10592
10593
10597
10602
10605
10606
10613
10614
10615
10616
10617
10618
10622
10624
10625
10626
10627
10628
10630
10631
10632
10634
10635
10636
10639
10640
10641
10642
10644
10645
10646
10648
10649
10650
10651
10653
10654
10655
10657
10658
10659
10660
10661
10662
10663
10665
10666
10669
10671
10676
10677
10680
10684
10685
10686
10688
10689
10690
10691
10692
10693
10694
10695
10696
10711
10713
10714
10715
10716
10717
10718
10719
10720
10721
10722
10728
10729
10730
10739
10740
10741
10742
10743
10745
10746
10747
10748
10750
10754
10755
10756
10760
10761
10766
10768
10772
10783
10784
10785
10786
10789
10790
10791
10792
10796
10800
10801
10802
10804
10810
10811
10813
10818
10819
10820
10821
10822
10823
10824
10825
10826
10827
10828
10829
10830
10831
10832
10833
10836
10837
10838
10841
10842
10844
10845
10847
10851
10852
10859
10860
10865
10867
10873
10874
10875
10876
10877
10883
10885
10886
10887
10892
10893
10894
10902
10903
10904
10905
10906
10908
10909
10910
10911
10912
10913
10916
10918
10920
10921
10922
10923
10931
10933
10934
10935
10937
10938
10940
10942
10943
10944
10945
10946
10947
10948
10949
10950
10951
10953
10954
10955
10956
10957
10958
10959
10960
10961
10962
10963
10964
10965
10966
10967
10968
10969
10970
10971
10972
10973
10974
10975
10977
10986
10987
10988
10990
10992
10993
10994
10996
11003
11004
11005
11006
11008
11009
11010
11011
11012
11013
11017
11021
11022
11023
11024
11025
11033
11034
11035
11037
11038
11039
11044
11045
11046
11051
11052
11053
11058
11059
11062
11063
11064
11065
11071
11073
11074
11075
11081
11083
11084
11085
11086
11087
11089
11090
11091
11092
11093
11094
11095
11101
11102
11104
11105
11106
11107
11114
11119
11120
11121
11122
11123
11124
11125
11130
11131
11132
11133
11134
11135
11136
11138
11140
11144
11145
11146
11147
11148
11149
11151
11157
11158
11164
11165
11168
11169
11170
11171
11173
11174
11175
11177
11178
11182
11183
11184
11186
11187
11188
11189
11190
11191
11193
11194
11195
11198
11199
11200
11201
11202
11203
11204
11208
11209
11210
11212
11213
11214
11215
11217
11218
11219
11220
11221
11222
11223
11224
11225
11226
11227
11229
11230
11231
11232
11233
11234
11235
11236
11237
11238
11239
11240
11241
11242
11243
11244
11245
11246
11247
11248
11249
11250
11251
11252
11253
11254
11255
11258
11259
11260
11261
11263
11264
11265
11266
11269
11270
11271
11273
11276
11279
11280
11283
11284
11285
11286
11289
11290
11291
11292
11296
11297
11302
11305
11306
11307
11308
11309
11310
11311
11315
11319
11321
11322
11324
11330
11331
11334
11335
11336
11340
11341
11344
11345
11346
11347
11348
11349
11354
11355
11357
11358
11361
11363
11369
11370
11371
11372
11373
11374
11375
11377
11380
11381
11382
11383
11386
11387
11392
11398
11399
11400
11401
11402
11403
11406
11407
11408
11409
11414
11415
11417
11419
11421
11423
11424
11425
11426
11433
11434
11438
11440
11441
11442
11443
11449
11450
11451
11452
11453
11454
11455
11456
11457
11458
11459
11460
11461
11462
11463
11464
11465
11466
11467
11468
11469
11470
11471
11472
11473
11474
11475
11476
11477
11480
11485
11487
11489
11492
11495
11499
11500
11501
11502
11503
11505
11510
11513
11514
11515
11516
11523
11524
11525
11526
11527
11533
11534
11538
11547
11548
11549
11550
11553
11554
11555
11556
11557
11558
11559
11560
11561
11564
11565
11566
11569
11571
11572
11573
11575
11576
11578
11580
11581
11582
11583
11584
11586
11587
11590
11591
11592
11593
11594
11595
11596
11598
11599
11600
11601
11605
11606
11611
11614
11622
11623
11627
11628
11629
11630
11632
11633
11634
11635
11636
11637
11638
11639
11640
11642
11643
11646
11647
11648
11649
11653
11654
11655
11656
11657
11658
11659
11667
11669
11671
11672
11676
11683
11691
11696
11697
11698
11699
11700
11701
11702
11703
11707
11724
11725
11726
11727
11728
11729
11732
11738
11740
11741
11742
11743
11744
11745
11750
11752
11760
11764
11768
11769
11770
11771
11778
11780
11783
11784
11785
11786
11788
11789
11790
11791
11792
11797
11800
11801
11802
11803
11804
11810
11811
11812
11813
11817
11818
11819
11821
11823
11831
11843
11844
11845
11846
11847
11848
11849
11852
11856
11861
11862
11863
11864
11865
11866
11867
11869
11870
11871
11872
11874
11875
11876
11877
11878
11879
11880
11881
11882
11883
11884
11887
11889
11890
11892
11897
11898
11899
11903
11906
11908
11909
11926
11937
11938
11939
11944
11945
11946
11947
11948
11949
11950
11951
11956
11964
11965
11968
11969
11970
11971
11972
11974
11977
11978
11979
11980
11981
11982
11983
11987
11999
12011
12020
12029
12041
12056
12058
12060
12061
12062
12063
12064
12065
12066
12070
12072
12074
12075
12076
12080
12081
12085
12086
12087
12088
12089
12090
12091
12092
12093
12094
12096
12098
12099
12100
12101
12102
12103
12104
12107
12108
12109
12110
12111
12112
12113
12114
12115
12116
12123
12125
12126
12129
12130
12134
12135
12136
12140
12143
12144
12145
12148
12151
12152
12155
12156
12157
12158
12160
12161
12162
12165
12166
12168
12169
12170
12171
12172
12173
12174
12175
12176
12178
12184
12186
12187
12188
12189
12190
12192
12196
12198
12201
12204
12205
12207
12211
12213
12215
12216
12217
12220
12224
12225
12228
12229
12233
12234
12235
12236
12237
12241
12242
12243
12246
12254
12256
12258
12259
12260
12262
12263
12264
12265
12266
12267
12269
12270
12271
12272
12273
12274
12275
12276
12277
12278
12279
12280
12281
12282
12283
12284
12286
12287
12288
12291
12292
12293
12294
12295
12296
12298
12299
12300
12301
12302
12303
12304
12305
12306
12307
12308
12309
12310
12311
12312
12313
12314
12315
12316
12317
12318
12319
12320
12323
12324
12325
12326
12327
12328
12330
12332
12333
12335
12336
12337
12338
12339
12340
12341
12342
12343
12344
12345
12346
12351
12352
12354
12355
12356
12357
12358
12359
12360
12362
12363
12364
12365
12367
12368
12369
12370
12371
12372
12373
12374
12377
12381
12382
12383
12384
12385
12386
12387
12388
12389
12391
12393
12394
12395
12405
12406
12407
12409
12414
12415
12416
12417
12419
12422
12423
12424
12427
12447
12449
12450
12451
12452
12453
12454
12458
12459
12460
12461
12464
12472
12473
12474
12475
12477
12478
12481
12482
12483
12484
12485
12486
12487
12488
12489
12490
12492
12495
12497
12498
12499
12507
12508
12512
12514
12515
12516
12517
12518
12522
12525
12527
12528
12529
12530
12531
12532
12533
12534
12535
12537
12538
12542
12544
12545
12546
12547
12548
12550
12551
12552
12553
12554
12555
12556
12557
12559
12566
12567
12568
12569
12570
12571
12576
12579
12580
12581
12582
12583
12584
12585
12586
12587
12589
12590
12592
12593
12594
12595
12600
12601
12602
12603
12604
12606
12607
12608
12610
12611
12613
12614
12615
12616
12617
12620
12621
12624
12627
12629
12631
12636
12637
12639
12641
12649
12655
12656
12664
12673
12674
12675
12676
12677
12678
12679
12680
12682
12683
12692
12694
12701
12702
12703
12704
12705
12706
12708
12709
12711
12712
12713
12714
12717
12718
12719
12720
12721
12722
12723
12724
12726
12727
12728
12729
12731
12732
12733
12734
12735
12736
12737
12740
12741
12742
12743
12749
12750
12756
12757
12758
12759
12760
12762
12763
12765
12768
12769
12771
12776
12777
12779
12780
12781
12786
12789
12793
12794
12795
12796
12797
12798
12799
12800
12805
12806
12811
12816
12820
12823
12824
12825
12827
12832
12836
12837
12838
12842
12843
12844
12845
12846
12853
12854
12855
12863
12864
12865
12867
12868
12871
12872
12873
12874
12879
12882
12884
12885
12886
12887
12888
12889
12890
12891
12892
12893
12894
12895
12896
12897
12898
12899
12900
12902
12903
12904
12905
12906
12907
12908
12909
12910
12911
12912
12913
12914
12915
12917
12919
12921
12922
12925
12926
12927
12929
12933
12934
12935
12937
12938
12939
12940
12941
12942
12944
12946
12947
12948
12949
12950
12951
12952
12953
12955
12957
12958
12963
12964
12965
12966
12973
12974
12975
12976
12977
12981
12983
12986
12993
12995
12997
12998
12999
13004
13007
13010
13026
13027
13028
13029
13030
13031
13032
13033
13034
13035
13036
13037
13040
13043
13044
13049
13050
13051
13052
13060
13062
13063
13064
13065
13066
13067
13071
13072
13074
13075
13076
13077
13078
13079
13081
13082
13085
13086
13092
13093
13094
13096
13102
13113
13119
13120
13121
13124
13125
13129
13130
13131
13135
13138
13139
13140
13141
13142
13143
13144
13145
13149
13150
13151
13152
13153
13154
13159
13160
13162
13163
13164
13165
13166
13167
13169
13170
13171
13172
13173
13177
13181
13182
13183
13184
13187
13188
13189
13191
13192
13194
13195
13196
13197
13198
13202
13203
13204
13205
13206
13208
13209
13210
13211
13212
13213
13220
13222
13223
13224
13225
13226
13228
13229
13230
13231
13232
13233
13234
13235
13236
13240
13241
13249
13259
13260
13262
13265
13266
13268
13269
13272
13273
13275
13276
13278
13279
13280
13288
13292
13293
13294
13295
13297
13298
13299
13300
13302
13303
13304
13305
13306
13307
13308
13309
13310
13311
13312
13313
13314
13316
13317
13318
13319
13320
13321
13322
13323
13324
13325
13326
13327
13328
13329
13330
13331
13332
13333
13335
13337
13339
13340
13341
13343
13344
13346
13348
13354
13357
13358
13359
13364
13366
13367
13369
13370
13371
13376
13379
13380
13381
13382
13383
13384
13385
13386
13387
13390
13391
13392
13402
13403
13405
13406
13416
13422
13431
13440
13442
13445
13446
13447
13448
13450
13451
13452
13455
13462
13467
13468
13469
13470
13471
13472
13477
13478
13479
13480
13481
13482
13485
13486
13487
13488
13489
13490
13495
13497
13498
13499
13500
13501
13502
13505
13506
13507
13508
13509
13511
13512
13513
13518
13526
13536
13537
13540
13541
13543
13544
13548
13549
13550
13552
13553
13560
13561
13562
13563
13567
13569
13570
13573
13575
13576
13577
13579
13588
13589
13593
13594
13596
13597
13598
13599
13600
13603
13604
13606
13608
13609
13610
13611
13612
13615
13617
13621
13622
13623
13624
13625
13626
13627
13628
13632
13633
13634
13635
13641
13644
13645
13654
13655
13656
13657
13658
13659
13667
13668
13671
13672
13673
13676
13678
13679
13681
13684
13690
13691
13693
13694
13695
13696
13697
13698
13699
13701
13703
13704
13705
13706
13708
13709
13710
13715
13718
13719
13720
13721
13722
13723
13724
13725
13726
13727
13728
13730
13731
13732
13733
13734
13741
13742
13743
13745
13749
13751
13752
13753
13754
13755
13756
13757
13760
13761
13762
13764
13765
13767
13777
13779
13780
13781
13782
13783
13784
13789
13791
13796
13797
13798
13799
13800
13801
13802
13804
13805
13806
13807
13808
13809
13810
13811
13812
13813
13814
13815
13816
13818
13819
13828
13829
13830
13831
13832
13834
13835
13836
13837
13839
13842
13845
13848
13849
13856
13857
13859
13862
13864
13866
13867
13868
13869
13870
13871
13872
13873
13874
13875
13879
13881
13882
13883
13885
13886
13887
13888
13890
13891
13892
13895
13896
13898
13900
13901
13902
13903
13904
13905
13906
13907
13909
13910
13911
13913
13914
13915
13916
13917
13918
13919
13921
13922
13923
13924
13925
13927
13936
13937
13939
13940
13947
13948
13949
13950
13951
13960
13971
13972
13973
13974
13975
13983
13990
13991
13992
13996
13997
13998
13999
14000
14001
14002
14005
14006
14007
14008
14009
14012
14013
14014
14015
14017
14018
14031
14034
14035
14036
14037
14038
14039
14040
14041
14042
14043
14044
14045
14048
14049
14050
14052
14053
14054
14055
14058
14059
14060
14061
14062
14063
14064
14065
14066
14068
14071
14072
14073
14076
14079
14080
14081
14094
14095
14096
14097
14098
14099
14100
14110
14111
14115
14117
14118
14119
14120
14121
14123
14124
14126
14127
14128
14129
14131
14132
14133
14134
14135
14136
14139
14141
14142
14143
14145
14146
14148
14149
14150
14151
14152
14153
14155
14156
14158
14159
14160
14163
14166
14168
14170
14173
14174
14176
14177
14178
14179
14181
14183
14184
14185
14188
14191
14192
14193
14194
14195
14196
14197
14198
14202
14207
14208
14209
14210
14211
14212
14213
14223
14230
14241
14246
14247
14248
14249
14250
14251
14252
14253
14254
14255
14257
14258
14259
14260
14263
14264
14265
14270
14272
14273
14274
14275
14276
14280
14281
14282
14283
14284
14286
14287
14288
14289
14290
14291
14292
14293
14296
14297
14303
14306
14307
14310
14312
14315
14316
14317
14318
14319
14320
14332
14334
14339
14341
14342
14343
14344
14345
14346
14347
14350
14356
14359
14360
14361
14362
14366
14376
14378
14380
14386
14387
14388
14389
14392
14393
14395
14396
14397
14399
14401
14403
14404
14405
14407
14408
14409
14410
14411
14412
14414
14415
14416
14417
14418
14419
14420
14421
14422
14423
14424
14428
14429
14430
14431
14432
14433
14434
14435
14440
14441
14443
14444
14445
14447
14452
14453
14454
14455
14456
14458
14462
14464
14465
14466
14468
14470
14472
14473
14474
14475
14476
14477
14479
14480
14482
14483
14484
14485
14487
14488
14491
14492
14493
14494
14497
14498
14499
14510
14514
14519
14522
14526
14527
14529
14530
14531
14532
14533
14534
14535
14536
14548
14549
14550
14551
14552
14554
14555
14558
14559
14562
14564
14570
14571
14573
14575
14577
14579
14580
14592
14597
14599
14601
14602
14604
14605
14607
14608
14609
14610
14611
14614
14615
14616
14617
14618
14629
14630
14633
14637
14638
14639
14642
14643
14647
14648
14652
14657
14678
14679
14682
14684
14685
14686
14687
14688
14689
14691
14692
14693
14695
14696
14701
14702
14704
14705
14706
14709
14711
14713
14715
14717
14720
14722
14726
14727
14728
14729
14730
14735
14736
14738
14743
14745
14748
14750
14755
14757
14758
14759
14760
14761
14762
14763
14764
14766
14767
14768
14769
14770
14771
14775
14776
14777
14783
14785
14789
14795
14796
14797
14798
14799
14800
14804
14810
14811
14812
14816
14820
14826
14829
14830
14832
14833
14834
14835
14836
14837
14838
14842
14843
14844
14845
14846
14847
14848
14851
14858
14859
14861
14863
14868
14869
14870
14871
14873
14874
14875
14877
14880
14883
14884
14889
14890
14891
14892
14893
14894
14895
14896
14897
14898
14899
14900
14901
14902
14903
14906
14907
14912
14916
14920
14932
14936
14942
14943
14944
14945
14946
14948
14949
14950
14951
14955
14956
14963
14967
14968
14969
14973
14974
14975
14976
14977
14978
14980
14981
14982
14983
14984
14985
14986
14987
14988
14990
14991
14992
14993
14994
14995
14996
14998
15006
15007
15013
15014
15015
15016
15018
15019
15020
15022
15025
15032
15041
15043
15044
15049
15050
15051
15055
15056
15057
15058
15063
15064
15065
15066
15067
15068
15070
15071
15072
15073
15074
15079
15080
15082
15083
15086
15093
15095
15096
15097
15098
15099
15100
15101
15102
15103
15104
15106
15107
15108
15119
15123
15124
15125
15134
15138
15145
15152
15154
15155
15156
15157
15165
15166
15167
15168
15169
15171
15172
15174
15175
15176
15177
15178
15179
15180
15183
15184
15185
15187
15188
15192
15193
15195
15197
15198
15199
15200
15201
15202
15203
15204
15207
15208
15210
15211
15212
15214
15215
15216
15217
15219
15223
15227
15228
15229
15230
15231
15232
15233
15234
15235
15236
15237
15240
15241
15243
15244
15245
15246
15247
15248
15249
15251
15252
15253
15254
15255
15256
15257
15259
15262
15263
15270
15271
15272
15274
15275
15277
15281
15282
15283
15284
15285
15286
15287
15288
15291
15293
15295
15296
15297
15298
15299
15300
15301
15302
15303
15304
15306
15307
15309
15310
15314
15315
15318
15325
15326
15327
15328
15330
15332
15333
15335
15336
15337
15338
15339
15340
15341
15342
15345
15346
15355
15356
15357
15369
15370
15374
15378
15380
15381
15382
15383
15384
15385
15388
15389
15391
15392
15394
15395
15400
15401
15402
15404
15406
15407
15411
15412
15414
15415
15416
15417
15419
15420
15421
15423
15424
15425
15426
15435
15436
15438
15439
15440
15441
15445
15446
15447
15450
15452
15453
15464
15466
15467
15468
15471
15472
15473
15474
15475
15476
15477
15479
15480
15481
15482
15484
15485
15487
15488
15489
15494
15501
15502
15503
15509
15510
15511
15512
15514
15515
15519
15520
15521
15525
15528
15529
15530
15534
15535
15536
15537
15539
15540
15541
15542
15543
15544
15545
15546
15547
15548
15549
15550
15552
15553
15555
15556
15557
15559
15560
15561
15562
15567
15575
15576
15578
15580
15581
15582
15601
15603
15604
15605
15606
15612
15614
15615
15616
15617
15618
15619
15620
15623
15625
15626
15627
15628
15629
15630
15639
15640
15641
15642
15643
15644
15645
15646
15647
15648
15652
15653
15667
15674
15675
15676
15678
15680
15681
15682
15684
15688
15691
15692
15693
15694
15696
15699
15703
15704
15705
15707
15709
15710
15711
15712
15715
15716
15717
15718
15719
15724
15725
15726
15729
15735
15737
15738
15739
15741
15742
15746
15748
15763
15767
15768
15772
15775
15776
15777
15778
15780
15783
15788
15792
15800
15801
15802
15803
15807
15808
15809
15810
15812
15821
15823
15824
15825
15826
15831
15834
15836
15837
15838
15839
15842
15843
15844
15847
15848
15851
15855
15862
15863
15871
15874
15875
15876
15877
15878
15879
15880
15881
15883
15884
15885
15886
15887
15891
15893
15894
15895
15896
15897
15898
15899
15900
15901
15903
15904
15905
15909
15910
15911
15912
15913
15915
15917
15918
15925
15926
15931
15932
15933
15935
15938
15939
15943
15946
15947
15948
15949
15950
15951
15952
15953
15954
15955
15956
15957
15958
15963
15964
15965
15967
15968
15969
15970
15971
15972
15973
15974
15975
15976
15977
15978
15980
15982
15983
15984
15986
15987
15988
15989
15990
15991
15994
15995
15998
16014
16015
16016
16017
16019
16021
16022
16023
16024
16025
16027
16028
16033
16034
16037
16040
16041
16042
16043
16046
16047
16051
16057
16059
16060
16061
16062
16063
16064
16065
16066
16067
16068
16069
16070
16071
16072
16073
16074
16075
16076
16077
16078
16079
16080
16081
16082
16083
16084
16086
16087
16088
16090
16091
16092
16094
16095
16096
16098
16102
16103
16104
16106
16108
16112
16119
16120
16124
16125
16126
16128
16129
16130
16131
16132
16134
16138
16139
16140
16141
16143
16144
16145
16146
16152
16153
16154
16168
16173
16177
16178
16181
16184
16185
16186
16187
16190
16191
16192
16193
16194
16195
16196
16197
16202
16203
16206
16207
16208
16209
16212
16216
16223
16229
16236
16237
16241
16242
16245
16246
16248
16252
16255
16256
16257
16258
16259
16263
16266
16268
16269
16270
16271
16274
16275
16276
16278
16279
16283
16285
16286
16287
16288
16289
16292
16293
16294
16297
16300
16301
16305
16323
16324
16325
16326
16328
16339
16340
16343
16344
16345
16349
16350
16356
16358
16359
16360
16367
16368
16372
16373
16375
16376
16377
16378
16379
16380
16381
16382
16384
16385
16386
16387
16388
16389
16391
16392
16393
16394
16395
16396
16399
16400
16404
16405
16408
16409
16410
16411
16412
16413
16414
16416
16418
16419
16420
16421
16422
16423
16426
16429
16430
16434
16435
16436
16437
16438
16445
16448
16469
16475
16493
16494
16496
16499
16503
16504
16511
16512
16513
16514
16515
16522
16524
16526
16527
16531
16534
16535
16539
16540
16543
16547
16548
16549
16550
16551
16552
16555
16556
16557
16558
16563
16564
16566
16567
16568
16569
16570
16572
16576
16579
16580
16581
16582
16583
16585
16586
16589
16590
16591
16593
16594
16595
16597
16598
16599
16601
16602
16603
16604
16605
16608
16609
16611
16616
16617
16618
16619
16622
16623
16630
16631
16632
16642
16644
16645
16646
16647
16649
16650
16651
16652
16656
16661
16668
16669
16670
16671
16675
16676
16677
16684
16685
16686
16688
16689
16690
16691
16692
16694
16696
16698
16699
16702
16703
16704
16705
16706
16707
16709
16710
16711
16712
16713
16714
16715
16716
16718
16720
16721
16722
16723
16724
16725
16726
16727
16728
16729
16730
16731
16732
16733
16734
16735
16736
16737
16738
16739
16740
16741
16742
16743
16744
16748
16750
16751
16752
16753
16754
16756
16758
16759
16766
16767
16768
16770
16771
16772
16773
16774
16775
16776
16778
16779
16781
16782
16784
16785
16788
16789
16790
16792
16793
16798
16799
16802
16806
16807
16808
16809
16821
16825
16826
16831
16832
16834
16835
16836
16842
16843
16844
16845
16850
16851
16852
16853
16854
16855
16856
16857
16858
16859
16867
16871
16872
16873
16874
16877
16878
16880
16882
16884
16885
16886
16887
16893
16897
16898
16899
16900
16902
16903
16904
16905
16910
16912
16922
16926
16928
16931
16932
16933
16934
16936
16937
16938
16939
16940
16941
16942
16943
16944
16946
16949
16951
16952
16953
16957
16958
16959
16960
16968
16970
16975
16977
16980
16985
16986
16987
16988
16989
16990
16993
16995
16996
16998
16999
17000
17002
17003
17005
17006
17007
17023
17024
17025
17026
17031
17032
17033
17034
17035
17036
17037
17039
17043
17045
17049
17055
17056
17057
17058
17060
17061
17062
17063
17065
17067
17068
17069
17077
17078
17081
17082
17083
17084
17087
17088
17089
17100
17102
17106
17107
17108
17109
17110
17115
17118
17119
17120
17128
17130
17131
17132
17134
17135
17136
17137
17138
17139
17140
17147
17148
17151
17152
17158
17159
17161
17162
17163
17164
17166
17167
17168
17169
17172
17173
17174
17175
17176
17180
17181
17182
17183
17184
17185
17186
17189
17190
17192
17193
17194
17196
17197
17198
17199
17202
17203
17205
17206
17207
17208
17214
17218
17219
17220
17221
17224
17225
17229
17230
17231
17233
17234
17237
17238
17239
17240
17241
17242
17244
17245
17250
17254
17255
17256
17257
17259
17260
17261
17262
17263
17269
17270
17271
17272
17273
17281
17282
17283
17286
17287
17288
17293
17294
17295
17296
17298
17299
17300
17306
17309
17310
17311
17313
17315
17316
17317
17318
17319
17320
17321
17322
17326
17327
17328
17329
17330
17331
17332
17333
17334
17335
17336
17337
17338
17339
17340
17341
17342
17343
17344
17345
17346
17347
17350
17351
17353
17354
17355
17358
17360
17361
17362
17363
17364
17365
17366
17367
17368
17369
17370
17371
17372
17373
17374
17375
17376
17377
17378
17379
17385
17386
17387
17388
17389
17391
17392
17393
17394
17395
17396
17398
17399
17403
17407
17408
17409
17411
17412
17416
17418
17424
17431
17433
17435
17436
17437
17438
17439
17440
17441
17442
17447
17452
17457
17458
17459
17460
17461
17462
17463
17464
17465
17467
17468
17469
17470
17471
17472
17473
17474
17475
17476
17477
17478
17481
17482
17509
17510
17511
17512
17514
17515
17516
17517
17519
17520
17521
17523
17524
17525
17526
17537
17538
17545
17546
17547
17553
17554
17555
17560
17561
17565
17567
17568
17569
17570
17571
17580
17581
17588
17589
17591
17594
17595
17596
17599
17602
17603
17604
17605
17606
17607
17608
17614
17617
17618
17621
17622
17623
17624
17625
17626
17627
17628
17629
17630
17631
17634
17635
17636
17638
17639
17640
17641
17642
17644
17646
17647
17648
17649
17655
17656
17657
17658
17659
17660
17661
17662
17664
17665
17666
17667
17668
17669
17670
17674
17679
17682
17683
17684
17685
17686
17687
17688
17690
17691
17696
17697
17702
17703
17704
17707
17708
17709
17710
17711
17712
17715
17716
17718
17727
17728
17729
17733
17734
17735
17740
17741
17742
17746
17749
17750
17756
17757
17758
17759
17760
17761
17762
17764
17765
17766
17767
17768
17769
17771
17772
17777
17778
17781
17782
17783
17787
17796
17797
17802
17803
17805
17807
17808
17809
17810
17811
17814
17815
17816
17817
17818
17819
17820
17821
17822
17823
17824
17825
17826
17827
17828
17830
17833
17834
17835
17837
17838
17839
17847
17848
17849
17850
17853
17854
17855
17856
17857
17859
17860
17861
17862
17866
17867
17868
17871
17874
17875
17876
17877
17878
17879
17880
17881
17882
17884
17885
17889
17890
17891
17892
17893
17896
17897
17898
17899
17900
17904
17905
17908
17911
17913
17914
17915
17921
17922
17924
17925
17926
17928
17929
17930
17931
17932
17933
17935
17936
17937
17939
17940
17953
17954
17959
17962
17964
17965
17967
17970
17971
17972
17980
17984
17985
17994
17997
18001
18002
18006
18008
18009
18012
18013
18014
18017
18019
18025
18026
18028
18034
18036
18037
18038
18039
18040
18041
18044
18045
18046
18047
18048
18051
18052
18053
18054
18055
18056
18064
18066
18067
18068
18070
18071
18072
18073
18078
18079
18080
18083
18086
18088
18089
18091
18092
18096
18098
18102
18103
18106
18110
18111
18112
18114
18115
18116
18117
18118
18119
18130
18131
18133
18135
18137
18138
18144
18146
18147
18148
18151
18152
18153
18154
18155
18156
18157
18159
18160
18161
18162
18163
18164
18165
18166
18169
18171
18172
18174
18175
18176
18177
18181
18182
18183
18185
18186
18188
18189
18190
18191
18192
18196
18197
18198
18199
18200
18201
18202
18205
18206
18207
18208
18210
18227
18229
18232
18233
18239
18240
18241
18242
18243
18244
18245
18246
18247
18248
18249
18251
18252
18253
18256
18257
18260
18263
18266
18267
18268
18269
18270
18271
18272
18278
18279
18281
18282
18283
18284
18286
18288
18289
18290
18291
18293
18294
18295
18296
18300
18301
18307
18309
18310
18311
18312
18313
18315
18316
18317
18318
18319
18320
18321
18322
18323
18324
18325
18326
18327
18328
18329
18330
18331
18332
18333
18336
18337
18338
18339
18341
18342
18343
18346
18347
18348
18349
18350
18351
18352
18353
18354
18355
18356
18357
18358
18359
18360
18361
18362
18363
18364
18365
18366
18367
18368
18371
18373
18377
18378
18379
18380
18385
18386
18387
18388
18391
18392
18393
18394
18395
18396
18399
18400
18401
18402
18403
18404
18405
18406
18407
18410
18411
18412
18417
18418
18429
18430
18432
18436
18440
18441
18442
18444
18445
18448
18449
18451
18454
18458
18461
18462
18463
18464
18465
18466
18468
18469
18470
18471
18472
18475
18477
18478
18480
18481
18482
18485
18491
18496
18499
18500
18501
18504
18506
18507
18508
18512
18513
18515
18516
18517
18518
18520
18521
18522
18523
18524
18528
18529
18530
18531
18532
18533
18535
18536
18537
18541
18545
18546
18547
18550
18555
18556
18557
18558
18559
18560
18562
18563
18565
18566
18567
18569
18570
18571
18572
18573
18574
18575
18578
18579
18580
18582
18583
18584
18586
18588
18589
18590
18591
18592
18593
18595
18596
18601
18602
18605
18609
18610
18611
18614
18615
18616
18619
18628
18630
18631
18632
18637
18638
18639
18653
18654
18655
18656
18657
18660
18661
18662
18663
18664
18668
18669
18675
18676
18677
18678
18679
18680
18682
18683
18684
18685
18686
18687
18688
18689
18690
18691
18692
18693
18694
18695
18696
18697
18698
18699
18701
18702
18704
18705
18707
18710
18714
18715
18716
18718
18719
18720
18721
18725
18727
18728
18729
18731
18732
18733
18734
18736
18737
18738
18742
18764
18765
18766
18767
18769
18770
18773
18774
18775
18784
18792
18793
18794
18795
18796
18797
18798
18799
18800
18801
18802
18803
18804
18805
18806
18807
18808
18812
18816
18821
18823
18826
18829
18832
18833
18834
18835
18840
18842
18853
18866
18869
18870
18874
18876
18877
18878
18881
18888
18889
18890
18891
18892
18893
18894
18899
18902
18907
18908
18909
18910
18911
18912
18918
18919
18920
18921
18922
18923
18924
18925
18926
18927
18928
18929
18932
18933
18936
18945
18946
18947
18948
18949
18951
18953
18954
18955
18961
18962
18963
18964
18967
18968
18969
18970
18971
18972
18974
18975
18979
18980
18983
18984
18985
18986
18987
18989
18991
18992
18993
18994
18995
18996
18997
18999
19006
19007
19008
19010
19011
19012
19014
19015
19016
19017
19019
19021
19029
19030
19031
19032
19033
19034
19035
19036
19037
19052
19053
19054
19056
19057
19058
19059
19060
19061
19063
19065
19069
19070
19072
19079
19082
19085
19086
19087
19088
19089
19090
19095
19096
19097
19098
19102
19103
19104
19105
19107
19112
19117
19118
19119
19120
19124
19125
19126
19127
19129
19130
19133
19134
19135
19137
19138
19139
19143
19147
19148
19150
19155
19157
19158
19161
19162
19163
19165
19166
19167
19168
19169
19171
19172
19173
19175
19176
19177
19179
19180
19181
19183
19184
19187
19188
19191
19192
19193
19194
19195
19196
19197
19199
19205
19206
19207
19208
19209
19210
19211
19212
19213
19214
19217
19219
19221
19222
19223
19224
19227
19228
19229
19230
19231
19233
19239
19243
19248
19249
19253
19256
19259
19265
19266
19274
19275
19276
19277
19280
19282
19284
19285
19286
19287
19288
19289
19295
19296
19297
19299
19300
19301
19302
19307
19310
19311
19312
19313
19315
19317
19319
19322
19323
19324
19325
19326
19327
19328
19329
19331
19332
19333
19334
19337
19339
19340
19341
19342
19346
19348
19349
19351
19353
19354
19355
19359
19361
19366
19368
19369
19370
19371
19373
19374
19375
19376
19378
19380
19381
19382
19383
19384
19388
19389
19395
19397
19398
19402
19404
19415
19416
19417
19420
19421
19422
19423
19424
19427
19430
19433
19434
19435
19436
19437
19438
19439
19440
19444
19448
19449
19450
19452
19453
19458
19459
19461
19465
19466
19467
19468
19470
19471
19472
19473
19474
19480
19481
19482
19483
19484
19486
19492
19495
19496
19497
19498
19499
19500
19501
19502
19503
19504
19506
19507
19510
19511
19512
19513
19515
19516
19517
19518
19521
19523
19524
19525
19526
19527
19528
19529
19532
19533
19534
19538
19545
19550
19552
19553
19554
19555
19556
19557
19558
19560
19566
19567
19568
19569
19570
19580
19597
19606
19613
19620
19622
19625
19628
19630
19634
19635
19637
19638
19640
19645
19647
19651
19653
19654
19661
19662
19666
19673
19674
19675
19681
19685
19694
19696
19697
19698
19705
19706
19709
19710
19712
19713
19714
19715
19716
19717
19718
19722
19723
19724
19725
19726
19727
19728
19730
19731
19732
19733
19734
19736
19737
19740
19741
19742
19744
19749
19750
19758
19761
19764
19773
19786
19787
19788
19790
19793
19796
19797
19798
19802
19803
19804
19805
19808
19809
19810
19811
19812
19813
19814
19815
19819
19821
19822
19823
19830
19831
19842
19844
19846
19847
19849
19851
19857
19861
19862
19870
19873
19879
19880
19881
19893
19897
19898
19899
19901
19902
19910
19912
19914
19915
19917
19918
19919
19920
19921
19922
19923
19926
19927
19928
19929
19930
19931
19933
19934
19935
19938
19939
19941
19947
19948
19950
19951
19953
19954
19962
19963
19964
19966
19972
19975
19976
19983
19986
19987
19988
19989
19993
19995
19996
19997
19999
20003
20011
20016
20017
20018
20022
20027
20033
20034
20038
20039
20040
20041
20042
20044
20045
20046
20047
20048
20049
20055
20058
20059
20060
20064
20065
20066
20067
20068
20071
20072
20073
20076
20082
20084
20085
20086
20089
20091
20093
20096
20098
20100
20101
20106
20107
20109
20110
20111
20113
20114
20115
20116
20129
20130
20131
20132
20133
20134
20135
20138
20139
20140
20142
20143
20144
20145
20146
20151
20153
20155
20159
20160
20162
20164
20172
20174
20184
20185
20186
20190
20191
20194
20195
20198
20203
20204
20205
20207
20208
20209
20210
20211
20212
20213
20226
20228
20231
20232
20233
20234
20235
20237
20238
20240
20242
20246
20249
20251
20252
20256
20257
20258
20259
20260
20261
20270
20272
20273
20279
20281
20291
20297
20304
20305
20307
20308
20311
20312
20313
20318
20323
20324
20326
20327
20328
20331
20334
20339
20341
20342
20343
20345
20346
20347
20348
20349
20350
20356
20357
20358
20359
20360
20362
20369
20370
20371
20373
20384
20391
20394
20395
20397
20398
20399
20400
20401
20402
20403
20404
20405
20406
20407
20408
20409
20410
20411
20412
20413
20414
20415
20416
20417
20418
20419
20420
20421
20422
20423
20424
20425
20427
20428
20429
20430
20431
20432
20433
20434
20435
20436
20437
20438
20439
20445
20450
20451
20452
20454
20461
20467
20469
20473
20474
20475
20476
20477
20488
20489
20493
20494
20497
20502
20503
20505
20506
20512
20514
20524
20530
20534
20546
20555
20558
20559
20560
20561
20562
20564
20565
20566
20570
20571
20572
20573
20574
20575
20580
20597
20599
20611
20624
20639
20641
20644
20646
20649
20650
20651
20652
20653
20660
20661
20662
20663
20664
20669
20670
20677
20679
20682
20683
20684
20685
20686
20688
20692
20694
20695
20696
20698
20699
20700
20701
20702
20703
20704
20705
20708
20710
20712
20713
20714
20715
20716
20720
20721
20722
20724
20725
20728
20729
20730
20732
20737
20738
20739
20741
20742
20749
20751
20752
20765
20766
20767
20768
20769
20771
20789
20794
20801
20804
20805
20806
20807
20812
20813
20814
20816
20817
20818
20819
20824
20826
20827
20828
20834
20835
20836
20837
20840
20844
20845
20846
20847
20848
20849
20850
20851
20852
20853
20854
20856
20858
20859
20860
20861
20862
20863
20867
20868
20876
20879
20882
20883
20886
20888
20891
20893
20894
20895
20896
20899
20900
20901
20902
20903
20906
20909
20913
20915
20917
20918
20919
20922
20925
20926
20930
20931
20932
20934
20940
20944
20947
20948
20954
20955
20957
20959
20960
20962
20965
20967
20968
20978
20979
20980
20981
20982
20983
20985
20986
20988
20989
20990
20991
20992
20993
20994
20996
20997
21002
21005
21009
21010
21011
21012
21015
21016
21019
21020
21022
21023
21024
21025
21026
21027
21029
21030
21031
21032
21033
21034
21035
21036
21037
21038
21039
21043
21044
21047
21048
21049
21050
21052
21055
21059
21062
21063
21069
21072
21076
21082
21083
21084
21089
21090
21091
21092
21098
21099
21104
21105
21106
21107
21108
21110
21111
21112
21117
21122
21123
21125
21127
21132
21133
21135
21138
21140
21141
21150
21151
21152
21153
21155
21156
21157
21159
21160
21161
21162
21163
21164
21165
21166
21167
21171
21173
21177
21178
21179
21180
21181
21182
21183
21184
21185
21188
21189
21193
21199
21200
21204
21205
21206
21210
21212
21213
21214
21215
21216
21217
21218
21219
21220
21221
21222
21223
21226
21228
21229
21230
21231
21232
21233
21234
21236
21238
21239
21240
21241
21243
21244
21247
21249
21251
21252
21256
21257
21258
21259
21260
21261
21262
21263
21264
21265
21268
21269
21271
21274
21278
21279
21280
21281
21285
21286
21287
21288
21289
21290
21291
21295
21296
21300
21301
21307
21316
21317
21319
21320
21321
21322
21325
21329
21330
21331
21332
21334
21335
21336
21339
21342
21343
21344
21345
21347
21351
21352
21354
21355
21359
21360
21362
21363
21364
21365
21367
21371
21372
21373
21374
21375
21376
21382
21383
21387
21399
21404
21405
21406
21407
21408
21409
21410
21411
21412
21414
21416
21419
21420
21421
21422
21425
21431
21433
21435
21438
21440
21444
21446
21447
21448
21449
21450
21451
21452
21453
21455
21456
21460
21461
21462
21470
21474
21475
21476
21478
21481
21482
21487
21489
21491
21492
21495
21496
21499
21500
21501
21502
21503
21509
21510
21526
21527
21528
21538
21539
21540
21559
21560
21561
21562
21564
21565
21567
21568
21569
21570
21571
21572
21573
21574
21575
21578
21579
21582
21583
21584
21585
21586
21587
21588
21589
21590
21591
21592
21593
21594
21595
21596
21597
21598
21599
21601
21603
21606
21607
21616
21619
21621
21622
21624
21627
21628
21634
21636
21641
21642
21658
21660
21661
21667
21678
21680
21682
21685
21686
21688
21689
21693
21696
21701
21703
21704
21705
21706
21708
21710
21711
21712
21713
21714
21717
21718
21720
21721
21722
21723
21725
21740
21741
21743
21744
21745
21750
21751
21752
21753
21754
21756
21764
21765
21767
21768
21769
21770
21775
21776
21777
21779
21780
21781
21782
21783
21784
21785
21786
21787
21790
21791
21792
21793
21795
21798
21800
21801
21802
21803
21806
21807
21808
21810
21811
21812
21813
21815
21816
21817
21818
21819
21824
21829
21833
21834
21835
21836
21837
21838
21839
21840
21841
21842
21843
21844
21845
21846
21848
21849
21850
21851
21852
21853
21854
21855
21856
21857
21858
21859
21860
21861
21864
21865
21866
21867
21868
21869
21870
21871
21873
21877
21878
21879
21881
21882
21883
21884
21885
21886
21889
21890
21891
21892
21896
21900
21901
21902
21904
21909
21910
21911
21914
21915
21917
21918
21919
21920
21921
21922
21923
21924
21925
21926
21927
21928
21929
21930
21931
21932
21933
21934
21935
21936
21937
21938
21939
21940
21941
21942
21943
21944
21945
21946
21949
21950
21951
21952
21953
21955
21956
21958
21959
21962
21964
21965
21973
21974
21975
21976
21978
21979
21980
21981
21984
21985
21986
21987
21992
21993
21994
21995
22004
22005
22006
22007
22009
22011
22014
22018
22019
22024
22025
22026
22027
22035
22040
22046
22047
22048
22049
22050
22051
22054
22059
22062
22064
22065
22066
22067
22068
22069
22070
22073
22074
22077
22078
22079
22080
22082
22083
22084
22085
22086
22087
22088
22089
22090
22091
22094
22095
22096
22098
22099
22101
22103
22105
22110
22112
22113
22116
22117
22119
22121
22122
22123
22124
22125
22126
22127
22128
22129
22131
22132
22133
22134
22135
22136
22138
22139
22140
22142
22143
22144
22145
22147
22148
22149
22150
22151
22152
22153
22154
22155
22156
22158
22160
22161
22162
22164
22169
22172
22173
22174
22175
22181
22182
22183
22184
22185
22186
22187
22188
22190
22191
22192
22193
22200
22201
22202
22203
22204
22205
22206
22207
22208
22210
22211
22219
22225
22227
22229
22230
22236
22237
22238
22239
22240
22243
22246
22247
22248
22249
22250
22251
22252
22253
22254
22255
22256
22258
22259
22260
22261
22262
22263
22264
22265
22266
22271
22277
22278
22279
22280
22283
22286
22287
22289
22293
22294
22295
22296
22304
22306
22309
22310
22311
22312
22313
22315
22316
22317
22318
22319
22320
22321
22325
22327
22331
22335
22336
22338
22340
22343
22347
22349
22350
22351
22352
22353
22355
22356
22359
22366
22367
22368
22369
22370
22372
22373
22374
22375
22376
22377
22378
22379
22380
22381
22382
22383
22384
22385
22386
22387
22388
22390
22391
22392
22393
22394
22395
22397
22403
22404
22405
22406
22407
22409
22410
22419
22420
22423
22425
22434
22437
22441
22442
22444
22447
22448
22449
22450
22451
22453
22454
22455
22456
22457
22460
22461
22464
22465
22466
22467
22468
22470
22471
22473
22475
22476
22485
22486
22487
22488
22489
22491
22493
22495
22496
22497
22505
22508
22509
22514
22515
22522
22523
22526
22527
22528
22540
22541
22543
22544
22546
22547
22548
22549
22560
22561
22562
22563
22566
22567
22568
22570
22572
22573
22574
22577
22581
22587
22588
22590
22591
22594
22595
22596
22599
22602
22604
22607
22608
22609
22613
22615
22616
22619
22621
22634
22635
22636
22640
22643
22644
22653
22654
22655
22657
22658
22659
22663
22665
22668
22671
22676
22677
22678
22681
22683
22684
22685
22689
22691
22693
22695
22696
22697
22698
22699
22700
22704
22705
22706
22707
22708
22713
22717
22718
22719
22721
22723
22724
22727
22729
22733
22734
22736
22738
22739
22740
22747
22748
22750
22751
22752
22754
22758
22759
22762
22765
22766
22767
22771
22772
22773
22776
22777
22779
22781
22784
22786
22787
22788
22792
22807
22814
22815
22817
22819
22820
22822
22827
22828
22833
22834
22835
22836
22837
22838
22839
22841
22842
22845
22846
22849
22850
22851
22852
22853
22854
22855
22859
22860
22861
22862
22865
22866
22869
22870
22871
22872
22873
22875
22876
22877
22879
22880
22881
22882
22883
22884
22885
22887
22893
22896
22897
22898
22899
22900
22901
22903
22908
22910
22912
22917
22921
22922
22927
22928
22929
22930
22931
22932
22934
22935
22936
22938
22939
22941
22943
22948
22949
22950
22952
22956
22958
22959
22963
22964
22968
22969
22976
22977
22982
22983
22984
22988
22989
22992
22996
22997
23000
23002
23005
23008
23009
23026
23044
23045
23049
23052
23055
23082
23085
23086
23087
23088
23091
23092
23093
23094
23097
23098
23102
23103
23106
23108
23111
23112
23114
23115
23116
23117
23119
23121
23123
23124
23133
23134
23136
23143
23144
23145
23146
23147
23148
23149
23206
23207
23208
23217
23221
23222
23223
23224
23226
23227
23228
23229
23230
23231
23235
23236
23237
23247
23248
23249
23250
23251
23252
23253
23254
23255
23256
23257
23259
23262
23263
23264
23268
23269
23270
23272
23273
23274
23275
23280
23282
23284
23287
23288
23289
23290
23299
23300
23301
23302
23303
23304
23305
23307
23308
23309
23310
23311
23315
23316
23324
23325
23327
23328
23329
23330
23331
23333
23335
23340
23343
23344
23345
23347
23352
23355
23356
23357
23373
23375
23376
23377
23381
23382
23385
23395
23396
23398
23408
23409
23410
23411
23414
23415
23416
23417
23418
23419
23420
23421
23422
23423
23424
23425
23428
23439
23440
23441
23442
23443
23444
23445
23451
23452
23458
23459
23463
23464
23466
23467
23468
23469
23470
23474
23475
23476
23478
23480
23481
23482
23483
23484
23485
23486
23487
23489
23490
23491
23492
23493
23494
23495
23496
23499
23501
23502
23503
23504
23505
23506
23508
23511
23514
23515
23516
23517
23521
23525
23526
23527
23540
23541
23543
23544
23545
23546
23547
23548
23549
23550
23551
23572
23573
23581
23582
23583
23584
23585
23586
23588
23589
23591
23602
23603
23604
23638
23646
23647
23648
23652
23653
23655
23675
23676
23677
23679
23680
23682
23683
23685
23686
23687
23688
23689
23693
23694
23695
23699
23700
23701
23702
23704
23705
23706
23714
23726
23728
23741
23749
23751
23752
23753
23754
23755
23756
23757
23758
23759
23761
23766
23767
23781
23782
23783
23784
23785
23786
23787
23791
23792
23794
23801
23802
23803
23806
23809
23815
23816
23821
23822
23825
23826
23827
23828
23830
23832
23834
23836
23837
23838
23839
23840
23841
23843
23845
23849
23855
23866
23867
23868
23873
23874
23875
23876
23877
23894
23895
23898
23899
23910
23911
23975
23976
23978
23979
23983
23987
23988
23991
23994
23995
23996
23997
23998
23999
24000
24001
24002
24003
24004
24005
24006
24007
24008
24009
24010
24012
24014
24015
24016
24017
24018
24019
24020
24021
24022
24023
24024
24025
24028
24030
24031
24034
24035
24036
24037
24041
24042
24043
24044
24045
24046
24047
24048
24050
24057
24059
24060
24061
24062
24067
24072
24073
24083
24084
24085
24086
24089
24096
24097
24098
24099
24105
24123
24125
24127
24128
24129
24130
24131
24132
24133
24134
24136
24137
24139
24140
24142
24143
24144
24149
24153
24154
24156
24157
24158
24163
24164
24165
24166
24167
24168
24169
24170
24171
24172
24173
24175
24176
24181
24182
24183
24184
24185
24186
24190
24191
24201
24202
24203
24207
24210
24211
24212
24214
24221
24223
24227
24228
24229
24238
24239
24240
24241
24242
24243
24245
24246
24247
24249
24253
24254
24256
24257
24258
24259
24260
24264
24265
24266
24269
24270
24271
24273
24274
24277
24279
24286
24287
24288
24290
24292
24296
24297
24298
24299
24300
24301
24305
24306
24308
24316
24317
24318
24319
24320
24321
24322
24323
24324
24325
24326
24327
24329
24331
24332
24335
24336
24339
24341
24342
24350
24353
24355
24356
24357
24358
24359
24360
24367
24368
24369
24370
24372
24376
24384
24386
24390
24391
24394
24398
24399
24402
24403
24404
24405
24408
24411
24413
24415
24419
24420
24427
24428
24434
24435
24438
24440
24442
24443
24444
24445
24446
24447
24455
24456
24458
24459
24460
24461
24462
24463
24464
24465
24466
24467
24468
24469
24470
24471
24472
24473
24474
24481
24482
24483
24485
24486
24487
24488
24489
24491
24492
24493
24494
24495
24528
24530
24531
24534
24535
24537
24538
24539
24540
24541
24542
24543
24544
24545
24546
24547
24548
24549
24550
24551
24552
24553
24554
24555
24556
24558
24560
24561
24562
24563
24564
24565
24566
24567
24568
24569
24571
24572
24573
24574
24575
24578
24579
24580
24581
24582
24583
24584
24585
24586
24587
24588
24589
24590
24591
24594
24595
24596
24597
24598
24600
24601
24603
24606
24607
24608
24609
24610
24611
24612
24613
24614
24615
24616
24617
24626
24627
24631
24632
24635
24637
24638
24639
24642
24643
24644
24647
24648
24650
24651
24653
24654
24660
24661
24662
24663
24664
24665
24666
24667
24668
24669
24670
24671
24672
24674
24675
24676
24679
24680
24684
24687
24688
24696
24697
24698
24700
24705
24707
24715
24716
24718
24721
24722
24723
24724
24727
24728
24730
24731
24732
24733
24741
24742
24744
24745
24746
24748
24752
24759
24769
24770
24771
24772
24774
24775
24776
24777
24778
24779
24780
24781
24783
24785
24786
24787
24788
24789
24790
24791
24792
24793
24794
24798
24799
24800
24801
24802
24803
24804
24805
24806
24807
24809
24811
24814
24815
24816
24819
24820
24822
24825
24826
24827
24828
24829
24830
24831
24834
24838
24839
24841
24843
24845
24849
24850
24851
24852
24853
24854
24855
24856
24857
24858
24859
24860
24861
24862
24863
24864
24865
24866
24867
24868
24869
24870
24871
24872
24873
24874
24875
24876
24878
24880
24881
24883
24889
24890
24891
24894
24895
24897
24898
24901
24902
24903
24910
24911
24912
24913
24919
24920
24921
24923
24924
24929
24930
24934
24935
24936
24937
24938
24939
24940
24941
24950
24953
24954
24955
24957
24958
24959
24960
24961
24962
24964
24966
24967
24968
24969
24970
24971
24972
24974
24978
24981
24982
24984
24990
24991
24992
24993
24994
24995
24996
24997
24998
24999
25000
25001
25006
25007
25008
25015
25029
25031
25032
25033
25034
25035
25036
25037
25039
25042
25043
25044
25045
25046
25047
25048
25049
25050
25051
25052
25054
25055
25057
25058
25059
25064
25065
25066
25068
25069
25071
25072
25083
25087
25089
25090
25091
25095
25097
25098
25099
25100
25103
25104
25105
25106
25108
25109
25110
25111
25112
25113
25114
25117
25119
25122
25123
25124
25125
25126
25127
25128
25129
25130
25131
25132
25133
25134
25135
25136
25137
25138
25139
25140
25141
25142
25143
25144
25145
25146
25147
25148
25149
25151
25152
25153
25154
25155
25156
25157
25158
25159
25160
25161
25162
25164
25165
25166
25168
25174
25175
25176
25179
25181
25183
25184
25187
25189
25190
25191
25192
25229
25231
25234
25235
25238
25241
25242
25246
25248
25249
25251
25252
25253
25254
25255
25256
25258
25260
25261
25262
25263
25268
25269
25272
25273
25277
25278
25279
25280
25286
25287
25289
25291
25292
25295
25296
25297
25302
25304
25308
25311
25315
25316
25317
25318
25320
25321
25322
25323
25324
25325
25327
25328
25330
25331
25332
25336
25337
25339
25340
25341
25343
25344
25348
25349
25350
25351
25358
25359
25360
25361
25362
25363
25367
25369
25370
25371
25376
25378
25380
25381
25383
25385
25386
25388
25390
25392
25394
25396
25397
25398
25399
25405
25406
25407
25408
25409
25410
25411
25412
25415
25416
25420
25421
25422
25423
25424
25425
25435
25439
25442
25443
25444
25446
25447
25448
25449
25450
25451
25452
25456
25457
25459
25460
25461
25465
25471
25472
25473
25474
25475
25476
25477
25479
25482
25483
25484
25497
25498
25501
25505
25507
25508
25511
25523
25524
25525
25529
25530
25537
25538
25539
25541
25542
25543
25545
25546
25549
25550
25554
25555
25557
25558
25559
25561
25567
25568
25569
25570
25571
25573
25574
25575
25579
25580
25581
25582
25583
25584
25585
25586
25587
25588
25589
25590
25591
25592
25593
25597
25600
25601
25602
25603
25606
25607
25613
25616
25617
25618
25619
25620
25621
25622
25623
25624
25625
25626
25629
25630
25632
25633
25634
25636
25637
25638
25640
25641
25643
25644
25645
25646
25647
25648
25649
25650
25652
25657
25659
25660
25661
25662
25663
25664
25665
25666
25667
25668
25670
25671
25672
25673
25674
25675
25676
25677
25679
25680
25681
25682
25683
25684
25685
25688
25692
25693
25695
25696
25701
25705
25706
25710
25711
25712
25713
25715
25716
25717
25718
25730
25732
25733
25734
25736
25737
25738
25739
25740
25746
25747
25748
25749
25750
25751
25752
25753
25754
25755
25756
25757
25758
25759
25760
25761
25762
25763
25764
25765
25766
25767
25768
25770
25771
25772
25773
25775
25778
25781
25782
25783
25784
25790
25791
25792
25793
25800
25801
25802
25803
25804
25806
25807
25810
25815
25816
25817
25821
25822
25823
25824
25826
25827
25828
25829
25830
25831
25832
25835
25836
25842
25843
25847
25853
25854
25855
25857
25859
25860
25865
25866
25867
25868
25869
25876
25877
25878
25879
25881
25885
25886
25889
25893
25894
25895
25897
25898
25900
25902
25904
25905
25906
25909
25917
25918
25919
25921
25922
25923
25926
25929
25930
25932
25934
25935
25936
25937
25938
25939
25941
25943
25944
25945
25946
25950
25958
25959
25960
25961
25962
25963
25964
25967
25968
25969
25970
25971
25972
25973
25975
25981
25982
25983
25984
25993
25997
25998
25999
26000
26001
26003
26004
26005
26006
26007
26009
26010
26011
26012
26013
26014
26015
26016
26018
26022
26023
26024
26025
26027
26028
26029
26038
26041
26042
26043
26047
26058
26059
26063
26064
26065
26066
26067
26068
26069
26070
26071
26072
26073
26074
26075
26076
26077
26078
26079
26080
26081
26082
26083
26086
26090
26094
26095
26096
26098
26099
26100
26101
26103
26104
26106
26107
26108
26110
26112
26113
26116
26119
26125
26126
26128
26129
26130
26131
26132
26134
26135
26140
26149
26150
26151
26153
26159
26160
26161
26163
26164
26165
26166
26167
26168
26172
26176
26182
26188
26190
26191
26192
26195
26200
26206
26207
26208
26209
26210
26244
26246
26248
26250
26253
26256
26257
26258
26262
26264
26266
26267
26268
26269
26270
26274
26275
26276
26277
26278
26279
26282
26284
26285
26287
26288
26290
26294
26296
26298
26299
26301
26303
26304
26306
26307
26310
26311
26312
26313
26314
26315
26316
26324
26325
26329
26330
26331
26332
26333
26335
26340
26343
26344
26349
26351
26353
26360
26378
26379
26383
26384
26385
26387
26389
26391
26392
26394
26408
26409
26414
26415
26420
26421
26425
26427
26428
26430
26431
26432
26433
26434
26435
26436
26437
26442
26443
26444
26445
26446
26448
26449
26450
26454
26455
26456
26458
26459
26460
26461
26462
26463
26464
26465
26466
26468
26469
26470
26471
26472
26473
26474
26475
26476
26481
26488
26489
26490
26491
26495
26498
26501
26502
26503
26504
26505
26509
26511
26515
26516
26517
26519
26525
26526
26529
26530
26531
26532
26534
26535
26536
26537
26571
26572
26574
26575
26576
26577
26580
26581
26587
26592
26595
26596
26597
26598
26599
26600
26601
26603
26604
26605
26613
26615
26616
26623
26624
26625
26627
26628
26629
26655
26667
26668
26670
26671
26672
26673
26675
26676
26680
26683
26684
26685
26686
26690
26691
26692
26693
26697
26698
26699
26700
26701
26702
26704
26705
26706
26707
26708
26709
26715
26716
26717
26720
26730
26733
26734
26736
26737
26746
26747
26748
26753
26754
26755
26756
26757
26758
26759
26762
26763
26766
26771
26772
26775
26777
26780
26781
26782
26784
26785
26786
26791
26792
26793
26794
26795
26800
26801
26802
26803
26805
26806
26809
26810
26811
26812
26813
26814
26816
26817
26818
26819
26820
26821
26824
26827
26830
26831
26832
26833
26834
26835
26836
26837
26838
26839
26840
26841
26842
26845
26848
26850
26851
26856
26857
26858
26859
26860
26861
26862
26866
26868
26869
26870
26872
26873
26874
26875
26877
26879
26881
26882
26883
26887
26888
26890
26891
26893
26894
26898
26902
26903
26904
26905
26906
26908
26912
26913
26914
26915
26916
26917
26918
26919
26928
26929
26933
26948
26951
26952
26954
26955
26956
26958
26959
26960
26961
26962
26963
26964
26965
26966
26968
26969
26970
26971
26972
26973
26974
26976
26977
26978
26980
26982
26983
26985
26987
26988
26989
26990
26991
26995
26997
27000
27001
27002
27003
27004
27005
27006
27007
27008
27009
27010
27012
27013
27015
27020
27021
27022
27023
27032
27034
27037
27038
27039
27041
27042
27043
27044
27045
27046
27047
27048
27049
27050
27052
27053
27054
27055
27056
27057
27058
27059
27060
27061
27062
27063
27064
27065
27067
27068
27069
27070
27071
27072
27073
27074
27075
27078
27080
27081
27082
27083
27086
27087
27088
27089
27094
27095
27096
27098
27101
27102
27103
27126
27129
27135
27143
27147
27148
27150
27151
27152
27154
27160
27161
27163
27164
27165
27169
27170
27172
27173
27175
27176
27180
27185
27186
27190
27191
27195
27197
27198
27199
27200
27205
27206
27207
27208
27215
27216
27217
27218
27219
27220
27221
27222
27224
27225
27229
27231
27249
27251
27255
27256
27259
27262
27264
27269
27270
27271
27272
27273
27275
27276
27277
27278
27279
27280
27281
27282
27285
27286
27287
27288
27289
27290
27291
27296
27298
27299
27300
27301
27302
27303
27304
27305
27306
27307
27308
27309
27310
27318
27319
27320
27321
27322
27323
27324
27325
27326
27327
27328
27329
27332
27333
27334
27335
27337
27338
27340
27341
27342
27343
27344
27346
27347
27348
27349
27350
27351
27352
27353
27354
27359
27361
27364
27365
27366
27367
27368
27370
27371
27373
27374
27375
27376
27379
27381
27384
27385
27386
27387
27388
27389
27390
27391
27392
27394
27395
27396
27397
27398
27399
27411
27413
27417
27418
27419
27423
27424
27427
27428
27429
27430
27431
27432
27436
27437
27438
27439
27441
27442
27445
27447
27448
27449
27453
27454
27455
27457
27458
27459
27461
27462
27464
27465
27466
27467
27471
27478
27480
27486
27498
27499
27501
27502
27503
27505
27506
27511
27518
27520
27522
27523
27524
27525
27527
27528
27529
27530
27537
27538
27539
27540
27541
27543
27544
27545
27561
27562
27563
27564
27565
27566
27572
27573
27575
27577
27578
27579
27580
27582
27583
27584
27585
27586
27587
27588
27589
27590
27593
27594
27598
27601
27603
27604
27608
27609
27610
27611
27612
27613
27614
27615
27616
27617
27624
27626
27627
27628
27629
27631
27632
27633
27634
27635
27636
27637
27644
27645
27648
27649
27650
27652
27653
27654
27656
27659
27660
27662
27663
27664
27665
27666
27673
27674
27675
27676
27680
27681
27682
27684
27686
27687
27688
27689
27690
27692
27694
27695
27696
27697
27698
27699
27700
27701
27702
27703
27707
27713
27724
27726
27728
27729
27730
27731
27735
27737
27738
27740
27741
27742
27743
27746
27749
27750
27751
27752
27762
27764
27767
27768
27769
27772
27773
27779
27780
27781
27782
27794
27795
27796
27797
27798
27799
27800
27804
27805
27806
27808
27809
27812
27817
27820
27822
27825
27826
27827
27828
27836
27837
27838
27844
27845
27846
27848
27849
27850
27851
27852
27853
27855
27856
27861
27862
27863
27866
27867
27868
27869
27870
27871
27874
27875
27876
27877
27879
27880
27882
27883
27884
27885
27886
27887
27888
27891
27892
27895
27897
27899
27900
27901
27902
27904
27906
27907
27911
27912
27915
27916
27917
27919
27920
27921
27922
27923
27924
27927
27928
27929
27933
27934
27939
27940
27941
27942
27943
27946
27951
27958
27977
27978
27980
27984
27985
27986
27987
27988
27989
27990
27991
27993
27994
27995
27996
27998
27999
28001
28002
28003
28005
28007
28008
28011
28012
28013
28016
28023
28029
28032
28034
28037
28039
28043
28044
28047
28050
28051
28052
28053
28060
28064
28065
28066
28067
28070
28071
28072
28073
28074
28075
28076
28077
28078
28080
28081
28082
28083
28084
28085
28088
28089
28092
28093
28094
28095
28101
28106
28108
28109
28110
28114
28115
28116
28117
28120
28130
28131
28133
28138
28139
28140
28141
28142
28143
28144
28145
28146
28147
28148
28149
28153
28155
28156
28157
28158
28159
28163
28164
28166
28167
28169
28174
28181
28182
28183
28184
28185
28186
28187
28188
28189
28190
28191
28193
28194
28195
28196
28197
28198
28207
28208
28209
28211
28212
28223
28225
28226
28229
28230
28233
28234
28235
28236
28238
28239
28240
28241
28243
28245
28246
28250
28256
28258
28260
28270
28273
28276
28277
28278
28279
28281
28286
28287
28288
28295
28296
28297
28299
28300
28301
28304
28305
28306
28308
28310
28311
28312
28313
28314
28315
28324
28325
28326
28328
28330
28331
28334
28339
28340
28344
28345
28347
28349
28350
28351
28352
28354
28355
28359
28361
28367
28369
28374
28376
28377
28379
28380
28381
28387
28396
28400
28406
28408
28409
28410
28411
28419
28426
28428
28429
28432
28436
28438
28439
28440
28441
28442
28464
28469
28472
28473
28474
28475
28478
28479
28481
28482
28484
28485
28486
28487
28489
28492
28493
28494
28495
28496
28497
28498
28499
28501
28502
28503
28504
28506
28507
28508
28510
28512
28513
28514
28516
28519
28521
28522
28523
28529
28530
28531
28532
28536
28537
28538
28539
28543
28545
28546
28547
28548
28549
28550
28551
28552
28553
28555
28558
28559
28561
28562
28563
28566
28578
28579
28581
28588
28589
28590
28591
28592
28593
28594
28596
28597
28598
28599
28601
28602
28603
28604
28608
28610
28611
28612
28614
28615
28616
28619
28620
28621
28624
28626
28627
28629
28630
28636
28637
28638
28639
28660
28661
28662
28666
28668
28669
28670
28671
28672
28675
28676
28677
28678
28679
28681
28682
28683
28684
28685
28686
28687
28689
28692
28693
28694
28695
28696
28697
28698
28699
28700
28701
28702
28703
28704
28705
28706
28707
28712
28714
28729
28733
28734
28748
28755
28758
28759
28760
28771
28774
28775
28778
28779
28780
28781
28782
28786
28793
28797
28798
28800
28801
28802
28804
28805
28806
28807
28808
28809
28810
28811
28812
28813
28818
28822
28823
28824
28826
28828
28829
28830
28833
28834
28837
28838
28839
28840
28842
28866
28867
28869
28872
28873
28874
28875
28877
28878
28880
28881
28882
28886
28887
28888
28889
28891
28892
28895
28897
28899
28900
28901
28902
28907
28910
28911
28912
28913
28916
28922
28923
28925
28928
28930
28932
28933
28934
28936
28939
28940
28942
28944
28946
28947
28949
28950
28951
28952
28953
28955
28956
28957
28959
28960
28961
28962
28965
28966
28974
28975
28977
28979
28985
28987
28988
28989
28991
28994
28995
28996
28997
28998
28999
29003
29007
29009
29010
29016
29027
29030
29032
29036
29037
29038
29043
29044
29045
29046
29047
29048
29049
29052
29054
29055
29056
29057
29058
29063
29064
29069
29070
29077
29078
29079
29081
29087
29089
29090
29092
29093
29094
29095
29096
29098
29099
29100
29102
29105
29106
29107
29109
29110
29111
29114
29115
29116
29119
29120
29122
29123
29124
29125
29129
29130
29131
29132
29133
29134
29135
29136
29137
29138
29139
29143
29144
29145
29148
29150
29152
29153
29154
29162
29177
29178
29180
29181
29183
29190
29194
29195
29198
29199
29201
29205
29206
29208
29211
29212
29216
29217
29218
29221
29222
29223
29225
29226
29227
29228
29233
29235
29240
29241
29242
29243
29244
29245
29248
29250
29251
29252
29253
29259
29261
29265
29266
29269
29278
29281
29283
29284
29285
29286
29287
29288
29290
29291
29292
29293
29294
29296
29297
29300
29302
29303
29304
29305
29309
29310
29311
29312
29313
29314
29316
29317
29318
29319
29320
29323
29324
29326
29327
29332
29333
29334
29337
29338
29340
29341
29342
29343
29346
29349
29350
29351
29352
29355
29363
29366
29367
29368
29370
29371
29373
29374
29375
29376
29392
29400
29401
29403
29404
29405
29406
29410
29412
29419
29423
29424
29426
29427
29428
29429
29431
29432
29437
29438
29439
29440
29441
29442
29443
29444
29445
29446
29447
29448
29449
29450
29451
29452
29453
29454
29455
29456
29457
29458
29459
29460
29461
29462
29463
29464
29465
29466
29467
29468
29469
29470
29471
29472
29473
29474
29475
29476
29477
29478
29479
29480
29481
29482
29483
29484
29485
29486
29487
29489
29490
29491
29492
29494
29495
29496
29497
29498
29499
29500
29501
29502
29503
29504
29506
29507
29508
29509
29514
29522
29523
29527
29531
29535
29536
29537
29538
29539
29540
29541
29542
29545
29546
29547
29549
29550
29551
29553
29556
29558
29559
29561
29562
29564
29565
29566
29569
29570
29573
29574
29575
29585
29586
29587
29589
29592
29593
29594
29595
29596
29597
29601
29602
29608
29615
29616
29617
29619
29627
29629
29630
29631
29632
29633
29634
29635
29636
29637
29638
29639
29640
29643
29646
29647
29648
29649
29652
29654
29655
29657
29658
29659
29660
29661
29662
29663
29664
29665
29666
29667
29668
29669
29670
29671
29672
29673
29674
29675
29676
29677
29678
29679
29680
29681
29682
29683
29684
29685
29689
29691
29695
29697
29698
29699
29700
29702
29703
29704
29705
29706
29707
29708
29710
29716
29717
29718
29720
29721
29723
29726
29729
29733
29737
29746
29748
29753
29754
29755
29757
29758
29760
29762
29765
29766
29771
29772
29778
29783
29785
29786
29787
29790
29791
29792
29793
29794
29795
29796
29800
29812
29813
29815
29816
29817
29819
29820
29821
29823
29826
29828
29832
29833
29834
29837
29838
29839
29840
29841
29842
29846
29849
29850
29852
29855
29860
29861
29862
29863
29868
29869
29870
29871
29872
29873
29874
29875
29876
29877
29878
29879
29880
29883
29884
29885
29886
29887
29888
29889
29890
29891
29894
29895
29899
29900
29905
29906
29907
29909
29911
29912
29914
29915
29916
29917
29918
29919
29921
29924
29929
29930
29931
29932
29933
29934
29935
29936
29937
29938
29939
29940
29941
29942
29943
29944
29945
29947
29948
29949
29950
29951
29952
29953
29959
29964
29966
29968
29970
29971
29974
29980
29981
29983
29984
29989
29991
29993
29994
29995
29996
29997
30000
30001
30006
30007
30008
30009
30010
30011
30012
30013
30014
30015
30016
30017
30018
30019
30020
30021
30022
30023
30024
30025
30026
30027
30029
30032
30033
30034
30035
30045
30048
30052
30053
30056
30061
30062
30063
30064
30065
30066
30067
30068
30069
30070
30071
30072
30073
30074
30075
30076
30077
30078
30079
30080
30081
30082
30083
30084
30085
30086
30087
30088
30089
30090
30091
30092
30094
30095
30096
30097
30100
30101
30102
30103
30106
30107
30108
30109
30110
30111
30112
30113
30114
30115
30116
30121
30122
30127
30129
30130
30131
30134
30135
30136
30137
30142
30144
30147
30148
30173
30174
30176
30177
30179
30180
30185
30186
30187
30189
30190
30192
30194
30195
30197
30199
30203
30204
30205
30206
30207
30208
30209
30211
30221
30222
30228
30229
30232
30234
30235
30237
30239
30240
30241
30242
30244
30246
30248
30249
30251
30257
30258
30259
30261
30262
30263
30268
30269
30273
30274
30277
30278
30279
30280
30281
30282
30283
30284
30285
30286
30287
30289
30293
30294
30295
30296
30297
30298
30299
30303
30316
30317
30320
30322
30330
30333
30334
30335
30336
30338
30339
30340
30341
30342
30345
30347
30349
30350
30351
30352
30353
30354
30355
30356
30357
30358
30360
30361
30365
30366
30368
30369
30370
30371
30372
30375
30376
30377
30378
30383
30385
30386
30389
30390
30391
30392
30393
30394
30395
30396
30397
30398
30401
30402
30410
30411
30412
30413
30414
30415
30416
30417
30418
30420
30421
30422
30423
30424
30425
30426
30430
30431
30432
30433
30434
30435
30436
30437
30438
30441
30442
30444
30445
30448
30449
30451
30452
30454
30455
30457
30458
30459
30460
30461
30463
30464
30465
30466
30467
30468
30473
30475
30477
30478
30479
30481
30482
30483
30485
30488
30490
30497
30499
30500
30501
30503
30504
30505
30506
30507
30508
30511
30512
30513
30515
30516
30517
30518
30519
30520
30523
30524
30525
30526
30528
30529
30530
30531
30533
30534
30537
30538
30541
30542
30545
30546
30548
30550
30553
30554
30555
30556
30557
30558
30560
30561
30562
30563
30564
30565
30566
30567
30569
30570
30571
30572
30573
30574
30576
30578
30579
30582
30583
30585
30587
30588
30590
30591
30592
30593
30595
30596
30598
30599
30606
30607
30608
30609
30611
30615
30626
30627
30628
30629
30630
30634
30635
30636
30637
30638
30639
30643
30644
30645
30646
30649
30650
30651
30652
30653
30654
30656
30657
30658
30659
30660
30661
30662
30663
30664
30665
30666
30667
30668
30669
30670
30671
30673
30674
30675
30676
30677
30680
30684
30685
30686
30687
30689
30690
30691
30692
30696
30697
30702
30703
30704
30705
30708
30709
30710
30711
30716
30717
30718
30721
30722
30723
30725
30726
30727
30728
30732
30733
30734
30735
30736
30740
30745
30746
30748
30749
30751
30752
30754
30755
30756
30757
30758
30759
30760
30761
30762
30763
30764
30765
30766
30767
30768
30769
30770
30774
30775
30777
30778
30781
30783
30784
30787
30788
30790
30792
30793
30795
30796
30797
30798
30804
30805
30808
30811
30827
30828
30830
30835
30836
30839
30842
30843
30844
30845
30847
30848
30849
30852
30854
30856
30857
30858
30859
30861
30862
30868
30869
30870
30872
30873
30874
30875
30876
30877
30883
30885
30888
30889
30890
30891
30892
30893
30894
30895
30898
30899
30902
30903
30904
30905
30906
30908
30909
30910
30911
30912
30913
30914
30915
30916
30917
30921
30922
30923
30927
30928
30930
30932
30933
30934
30935
30937
30942
30943
30945
30946
30947
30948
30950
30952
30953
30962
30963
30968
30970
30971
30972
30973
30975
30976
30977
30984
30987
30988
30992
30993
30994
30995
30996
31006
31007
31008
31015
31019
31020
31021
31022
31023
31025
31026
31027
31028
31035
31037
31038
31040
31041
31042
31045
31046
31047
31049
31051
31052
31053
31054
31055
31058
31059
31060
31061
31062
31065
31067
31069
31074
31078
31079
31081
31084
31086
31087
31088
31089
31090
31091
31092
31097
31098
31101
31102
31105
31106
31107
31108
31109
31113
31114
31115
31116
31117
31118
31121
31122
31123
31127
31129
31130
31132
31134
31135
31136
31137
31155
31156
31157
31158
31159
31160
31164
31165
31168
31171
31174
31176
31177
31178
31182
31184
31185
31187
31188
31189
31190
31191
31192
31193
31200
31201
31202
31206
31220
31221
31225
31226
31227
31228
31229
31230
31231
31232
31238
31239
31240
31241
31243
31244
31245
31246
31247
31249
31250
31251
31252
31253
31254
31256
31257
31258
31261
31262
31263
31264
31266
31267
31268
31274
31276
31277
31279
31281
31283
31284
31286
31287
31288
31290
31294
31295
31298
31299
31302
31303
31304
31305
31306
31307
31309
31310
31311
31313
31316
31319
31320
31321
31322
31323
31324
31325
31328
31329
31330
31331
31332
31336
31337
31338
31342
31343
31344
31345
31348
31350
31352
31363
31364
31368
31369
31373
31374
31375
31377
31379
31380
31381
31382
31383
31384
31386
31387
31388
31389
31390
31391
31392
31395
31396
31399
31400
31401
31402
31403
31404
31405
31406
31407
31408
31409
31410
31411
31412
31413
31415
31416
31417
31418
31420
31421
31422
31426
31430
31431
31432
31433
31434
31435
31436
31437
31438
31442
31446
31449
31451
31452
31453
31455
31456
31457
31459
31460
31461
31464
31465
31467
31469
31470
31471
31473
31474
31479
31480
31482
31483
31484
31485
31492
31494
31498
31500
31501
31502
31506
31507
31508
31509
31510
31511
31513
31514
31518
31519
31521
31525
31526
31527
31530
31531
31532
31535
31536
31537
31538
31541
31542
31543
31544
31545
31547
31548
31550
31556
31557
31558
31559
31563
31564
31568
31571
31572
31573
31574
31575
31579
31580
31582
31583
31584
31586
31589
31591
31594
31595
31596
31597
31598
31599
31600
31601
31602
31603
31605
31613
31614
31615
31616
31617
31618
31619
31624
31625
31626
31627
31632
31641
31642
31646
31647
31649
31656
31657
31658
31659
31660
31661
31662
31663
31664
31666
31667
31668
31670
31671
31674
31675
31676
31677
31678
31680
31685
31686
31688
31689
31693
31694
31695
31697
31699
31701
31702
31704
31705
31708
31709
31710
31711
31712
31714
31715
31716
31717
31718
31746
31749
31750
31753
31754
31755
31756
31766
31769
31774
31775
31778
31781
31784
31788
31791
31793
31796
31801
31802
31804
31805
31808
31817
31818
31819
31820
31825
31827
31828
31829
31830
31831
31833
31839
31840
31841
31842
31845
31846
31847
31848
31851
31853
31854
31855
31856
31859
31868
31869
31870
31878
31879
31880
31883
31888
31889
31891
31892
31893
31894
31895
31896
31897
31898
31902
31903
31906
31908
31910
31911
31913
31914
31915
31920
31922
31923
31924
31925
31926
31927
31930
31931
31934
31935
31936
31937
31941
31942
31945
31950
31951
31952
31954
31955
31956
31957
31960
31961
31962
31966
31967
31968
31969
31972
31973
31985
31986
31987
31991
31992
31993
31994
31995
31997
32013
32016
32017
32018
32022
32023
32027
32029
32031
32033
32035
32041
32043
32046
32048
32049
32051
32052
32054
32055
32056
32057
32059
32060
32061
32062
32063
32064
32065
32066
32067
32069
32072
32075
32077
32078
32079
32080
32082
32083
32084
32087
32091
32093
32098
32105
32106
32107
32125
32126
32127
32128
32129
32130
32131
32132
32135
32136
32138
32140
32141
32143
32145
32150
32151
32152
32153
32154
32155
32156
32157
32158
32159
32160
32161
32162
32163
32164
32165
32166
32167
32168
32170
32171
32176
32178
32179
32181
32182
32183
32184
32185
32186
32187
32188
32189
32190
32191
32192
32193
32194
32195
32196
32197
32198
32199
32200
32201
32205
32208
32211
32216
32218
32219
32220
32221
32222
32229
32233
32235
32240
32241
32243
32244
32247
32248
32249
32254
32257
32258
32263
32265
32266
32269
32270
32271
32273
32277
32280
32281
32283
32284
32288
32289
32290
32291
32292
32293
32294
32300
32301
32303
32307
32308
32312
32316
32318
32319
32325
32326
32327
32330
32334
32335
32336
32337
32340
32351
32352
32353
32355
32356
32359
32362
32364
32367
32371
32372
32373
32375
32376
32380
32381
32382
32385
32386
32408
32412
32413
32415
32417
32418
32419
32420
32421
32425
32427
32428
32433
32441
32442
32444
32445
32446
32447
32448
32449
32452
32457
32458
32459
32460
32470
32475
32476
32477
32478
32479
32482
32487
32489
32491
32493
32494
32498
32502
32503
32505
32506
32507
32508
32510
32511
32512
32513
32514
32516
32520
32521
32526
32527
32528
32529
32530
32531
32535
32536
32538
32539
32540
32541
32542
32544
32546
32547
32548
32557
32558
32563
32564
32565
32568
32571
32575
32576
32577
32579
32580
32581
32582
32583
32584
32586
32587
32589
32591
32593
32594
32595
32596
32599
32600
32602
32604
32605
32606
32609
32611
32615
32618
32621
32622
32623
32624
32628
32629
32633
32634
32635
32636
32648
32649
32650
32651
32653
32654
32655
32656
32657
32658
32659
32660
32661
32662
32663
32664
32665
32666
32669
32670
32671
32672
32673
32678
32679
32688
32689
32690
32692
32693
32696
32700
32701
32704
32705
32707
32711
32713
32714
32715
32717
32718
32719
32724
32725
32726
32727
32728
32729
32730
32733
32737
32738
32740
32741
32743
32746
32748
32749
32750
32752
32756
32757
32758
32759
32762
32766
32768
32773
32774
32775
32776
32783
32785
32786
32787
32788
32790
32795
32798
32804
32808
32811
32812
32816
32817
32820
32821
32822
32823
32826
32827
32830
32831
32837
32838
32839
32840
32842
32843
32845
32855
32856
32857
32858
32860
32861
32863
32865
32866
32867
32870
32871
32874
32875
32876
32877
32879
32913
32916
32917
32918
32919
32920
32921
32923
32924
32928
32929
32930
32931
32934
32935
32936
32937
32938
32940
32941
32943
32944
32945
32946
32947
32950
32951
32952
32953
32957
32960
32961
32963
32964
32965
32966
32970
32971
32972
32973
32975
32976
32977
32978
32979
32980
32982
32983
32985
32986
32987
32990
32991
32992
32993
32994
32995
32996
32999
33000
33001
33002
33003
33004
33005
33008
33009
33011
33012
33014
33017
33018
33019
33020
33022
33023
33024
33026
33027
33029
33031
33032
33034
33036
33038
33039
33040
33042
33045
33046
33047
33048
33049
33051
33053
33054
33055
33058
33059
33060
33061
33063
33064
33066
33068
33069
33070
33073
33075
33076
33077
33078
33079
33080
33082
33083
33087
33089
33090
33091
33092
33093
33094
33095
33098
33101
33116
33118
33122
33123
33124
33126
33127
