4
5
6
7
8
9
10
13
20
22
23
24
25
26
27
29
31
32
33
40
41
42
43
44
49
50
51
52
53
54
55
56
57
58
59
60
61
62
63
64
65
66
67
68
71
72
73
74
75
76
77
78
79
80
81
82
83
84
85
97
98
99
102
103
107
108
113
114
115
116
120
121
122
123
124
129
130
137
138
151
152
153
154
156
157
160
161
162
273
274
275
276
277
280
281
282
283
284
292
293
294
295
296
299
300
301
302
303
304
305
306
307
308
309
310
311
312
313
314
315
316
317
318
319
320
321
322
323
324
325
326
327
328
329
330
331
332
333
334
335
336
337
338
339
340
341
347
375
376
377
378
379
380
381
382
383
389
392
393
394
395
396
397
398
399
400
401
402
403
404
407
408
411
412
421
427
429
431
436
437
438
446
448
449
450
468
469
470
471
472
473
474
483
484
491
492
497
498
499
500
501
502
512
516
517
523
524
529
530
537
538
541
542
543
544
550
551
552
553
554
556
559
569
570
577
591
592
598
599
600
601
605
610
611
613
614
623
624
627
628
629
630
631
632
633
634
635
636
637
646
647
650
651
654
655
658
659
661
662
663
664
665
666
667
668
669
670
671
672
679
681
683
684
691
692
700
701
724
725
728
729
731
732
733
734
735
739
741
742
743
744
750
751
752
753
756
759
760
763
764
765
766
771
774
776
780
781
782
788
789
812
813
814
815
816
817
820
821
832
837
842
843
847
852
853
860
868
869
874
875
876
877
878
879
880
883
884
888
889
890
891
892
893
894
895
896
899
900
901
902
903
904
905
906
907
908
909
910
911
912
913
914
915
918
919
920
921
923
935
936
937
948
949
950
951
952
953
954
955
956
957
958
963
969
970
971
972
977
1014
1020
1021
1022
1037
1038
1039
1040
1041
1042
1043
1044
1045
1046
1047
1048
1049
1050
1051
1052
1053
1054
1055
1056
1057
1058
1061
1062
1063
1064
1065
1066
1067
1068
1069
1077
1122
1123
1134
1141
1142
1143
1144
1145
1146
1147
1148
1149
1150
1151
1152
1153
1154
1155
1156
1157
1175
1176
1177
1179
1191
1192
1253
1267
1268
1278
1279
1280
1283
1284
1285
1295
1299
1300
1302
1304
1306
1308
1311
1312
1313
1315
1316
1319
1320
1321
1325
1326
1331
1342
1344
1345
1346
1347
1348
1353
1355
1356
1364
1365
1366
1367
1372
1373
1376
1377
1378
1379
1381
1382
1383
1385
1386
1396
1397
1398
1399
1400
1401
1402
1403
1404
1405
1406
1407
1473
1515
1516
1521
1522
1523
1524
1525
1540
1541
1542
1561
1562
1563
1564
1565
1566
1567
1568
1596
1597
1601
1602
1603
1604
1605
1607
1608
1609
1614
1615
1616
1617
1618
1619
1620
1621
1622
1623
1626
1627
1629
1630
1640
1641
1642
1643
1644
1653
1654
1655
1656
1657
1658
1659
1669
1670
1671
1672
1673
1676
1677
1709
1710
1711
1714
1715
1716
1717
1718
1719
1720
1721
1722
1725
1726
1727
1728
1742
1755
1756
1757
1759
1760
1778
1779
1783
1784
1785
1786
1792
1896
1897
1898
1899
1900
1901
1902
1909
1910
1911
1912
1913
1914
1915
1916
1917
1918
1919
1920
1921
1968
2054
2055
2056
2057
2058
2060
2062
2063
2064
2065
2069
2070
2085
2086
2087
2093
2094
2116
2168
2183
2221
2225
2241
2242
2243
2244
2245
2252
2253
2257
2258
2259
2260
2264
2266
2335
2337
2347
2348
2349
2350
2351
2352
2353
2360
2365
2366
2368
2369
2370
2371
2372
2373
2374
2375
2376
2377
2378
2379
2380
2381
2382
2383
2384
2385
2386
2387
2388
2389
2395
2401
2402
2403
2427
2435
2436
2437
2438
2442
2449
2450
2454
2465
2466
2469
2470
2471
2474
2475
2476
2477
2480
2489
2490
2491
2492
2493
2494
2495
2496
2515
2545
2546
2547
2548
2555
2556
2562
2563
2564
2565
2571
2572
2573
2578
2579
2580
2581
2582
2603
2620
2622
2623
2624
2626
2627
2628
2629
2632
2634
2642
2659
2706
2710
2738
2743
2783
2788
2832
2834
2847
2848
2849
2860
2861
2862
2863
2866
2867
2870
2871
2872
2876
2877
2883
2884
2893
2898
2899
2900
2901
2902
2903
2904
2905
2906
2907
2908
2909
2910
2911
2914
2915
2916
2917
2918
2919
2920
2921
2922
2923
2937
2938
2946
2963
2970
2971
2972
2975
2976
2977
2978
2979
2980
2981
2982
2983
2984
2985
2986
2987
2988
2989
2990
2991
2992
2993
2994
2995
2996
2997
2998
3002
3003
3004
3005
3018
3019
3020
3022
3023
3024
3025
3026
3041
3045
3047
3054
3056
3060
3061
3066
3067
3068
3070
3071
3072
3073
3076
3078
3079
3081
3083
3086
3087
3088
3089
3093
3094
3095
3097
3098
3100
3101
3102
3105
3111
3112
3113
3114
3117
3130
3131
3133
3134
3138
3139
3140
3141
3142
3143
3144
3145
3147
3148
3149
3160
3161
3162
3164
3171
3172
3173
3174
3180
3181
3182
3200
3235
3237
3246
3247
3249
3250
3251
3252
3254
3258
3260
3261
3262
3265
3266
3267
3268
3269
3270
3271
3272
3273
3274
3275
3276
3277
3278
3279
3280
3281
3282
3283
3284
3285
3286
3287
3288
3289
3290
3294
3295
3298
3301
3304
3306
3307
3314
3315
3316
3317
3318
3319
3320
3321
3323
3324
3330
3331
3339
3340
3342
3343
3348
3357
3358
3363
3365
3367
3371
3372
3373
3374
3375
3376
3384
3386
3387
3388
3389
3390
3401
3402
3411
3417
3419
3425
3426
3427
3429
3430
3432
3433
3438
3446
3448
3449
3450
3451
3452
3453
3454
3455
3456
3457
3458
3459
3460
3461
3462
3463
3464
3471
3472
3474
3475
3483
3484
3487
3488
3490
3494
3499
3502
3503
3506
3507
3509
3510
3511
3514
3515
3516
3519
3520
3523
3524
3525
3526
3527
3528
3529
3530
3531
3532
3534
3535
3536
3537
3538
3539
3540
3545
3548
3549
3550
3555
3556
3557
3558
3565
3586
3587
3588
3589
3590
3592
3593
3596
3597
3606
3616
3617
3618
3621
3622
3623
3624
3625
3626
3627
3628
3629
3630
3631
3632
3633
3634
3635
3636
3637
3638
3639
3640
3641
3643
3644
3645
3647
3648
3650
3651
3652
3666
3669
3671
3672
3674
3681
3682
3683
3693
3696
3697
3700
3705
3706
3707
3709
3710
3712
3719
3720
3721
3722
3723
3724
3725
3726
3727
3728
3729
3730
3735
3742
3743
3745
3746
3747
3750
3751
3755
3757
3758
3761
3762
3765
3766
3767
3768
3769
3770
3771
3772
3773
3775
3779
3781
3782
3783
3785
3789
3804
3808
3809
3810
3811
3812
3814
3815
3817
3818
3822
3842
3850
3851
3855
3856
3857
3863
3864
3865
3866
3868
3871
3872
3873
3875
3876
3878
3879
3881
3882
3884
3885
3886
3887
3888
3889
3890
3891
3892
3893
3894
3895
3896
3897
3898
3901
3905
3906
3910
3911
3912
3913
3915
3921
3922
3923
3924
3925
3926
3927
3928
3929
3930
3931
3932
3933
3935
3940
3941
3942
3943
3944
3945
3948
3952
3953
3954
3955
3956
3957
3958
3960
3961
3964
3974
3977
3978
3979
3981
3984
3987
3988
3989
3990
3991
3992
3994
3997
3998
4005
4006
4010
4011
4014
4015
4016
4017
4018
4019
4020
4021
4022
4024
4026
4027
4028
4029
4030
4031
4043
4044
4052
4055
4056
4057
4060
4061
4062
4063
4064
4066
4068
4071
4072
4076
4077
4078
4079
4080
4081
4082
4083
4084
4085
4086
4087
4088
4089
4090
4091
4092
4093
4094
4095
4096
4097
4098
4099
4100
4101
4102
4103
4104
4105
4106
4107
4109
4118
4119
4120
4121
4123
4125
4126
4133
4134
4139
4146
4148
4149
4160
4161
4162
4163
4165
4173
4174
4175
4176
4179
4180
4182
4183
4191
4226
4227
4229
4230
4232
4256
4257
4258
4263
4280
4285
4286
4287
4288
4290
4291
4292
4296
4299
4300
4301
4302
4312
4313
4314
4315
4316
4317
4318
4319
4320
4321
4322
4323
4324
4325
4326
4329
4330
4333
4334
4335
4336
4337
4339
4343
4344
4347
4359
4360
4361
4362
4363
4364
4365
4368
4371
4372
4373
4374
4375
4379
4380
4383
4386
4387
4394
4395
4396
4397
4398
4399
4400
4401
4402
4403
4404
4405
4406
4407
4408
4409
4410
4411
4412
4413
4414
4415
4416
4417
4418
4421
4422
4423
4424
4434
4435
4436
4438
4439
4440
4441
4442
4443
4444
4445
4446
4447
4448
4449
4450
4454
4455
4456
4462
4463
4469
4470
4482
4488
4489
4490
4491
4494
4495
4496
4499
4500
4510
4514
4515
4516
4517
4518
4519
4520
4527
4529
4534
4535
4536
4555
4557
4558
4559
4564
4567
4568
4569
4570
4571
4572
4573
4574
4575
4576
4577
4578
4579
4580
4581
4584
4586
4587
4589
4593
4597
4598
4600
4604
4605
4611
4615
4616
4617
4618
4619
4625
4626
4643
4668
4678
4680
4681
4683
4684
4685
4686
4687
4688
4689
4690
4691
4692
4703
4704
4705
4706
4707
4708
4715
4716
4718
4719
4724
4725
4726
4727
4729
4732
4736
4745
4746
4747
4751
4753
4755
4756
4757
4771
4774
4781
4785
4792
4793
4794
4795
4797
4798
4800
4801
4802
4806
4808
4809
4810
4811
4814
4815
4816
4819
4823
4824
4825
4826
4829
4830
4831
4832
4837
4838
4840
4841
4842
4843
4844
4845
4846
4848
4849
4851
4852
4853
4854
4857
4864
4865
4866
4867
4868
4869
4870
4871
4872
4873
4874
4875
4876
4877
4878
4879
4882
4883
4885
4889
4890
4891
4892
4893
4899
4900
4901
4903
4904
4905
4911
4917
4921
4923
4925
4926
4927
4928
4929
4931
4944
4956
4958
4959
4960
4961
4963
4967
4968
4971
4974
4982
4983
4987
4988
4994
4995
4997
4998
4999
5000
5001
5002
5011
5017
5018
5028
5029
5030
5031
5032
5033
5034
5035
5036
5037
5038
5039
5040
5041
5042
5043
5044
5045
5046
5047
5048
5049
5050
5051
5052
5053
5061
5062
5063
5064
5065
5066
5067
5068
5069
5073
5078
5079
5081
5082
5083
5084
5085
5088
5089
5094
5101
5103
5104
5105
5106
5108
5109
5110
5111
5112
5114
5116
5118
5120
5121
5122
5129
5130
5131
5134
5135
5137
5138
5139
5141
5149
5151
5152
5154
5159
5160
5161
5162
5166
5167
5168
5169
5171
5172
5173
5176
5178
5179
5180
5181
5182
5183
5184
5185
5186
5187
5188
5189
5190
5191
5192
5193
5194
5195
5196
5197
5198
5199
5200
5201
5202
5203
5204
5205
5206
5207
5208
5209
5210
5211
5212
5213
5214
5215
5216
5217
5218
5219
5220
5221
5222
5223
5224
5225
5226
5227
5228
5229
5230
5231
5232
5234
5240
5241
5242
5243
5250
5251
5252
5253
5254
5255
5256
5257
5258
5259
5260
5261
5262
5263
5264
5265
5266
5270
5271
5273
5276
5278
5281
5282
5283
5286
5288
5292
5293
5298
5299
5300
5301
5302
5303
5304
5305
5306
5307
5308
5309
5310
5311
5312
5313
5314
5315
5316
5317
5318
5319
5320
5321
5322
5323
5324
5325
5326
5327
5328
5329
5330
5331
5332
5333
5334
5335
5336
5337
5338
5339
5340
5341
5342
5343
5344
5345
5346
5347
5348
5349
5350
5351
5352
5353
5354
5355
5356
5357
5358
5359
5360
5361
5362
5363
5364
5365
5366
5367
5368
5369
5370
5371
5372
5373
5374
5375
5376
5377
5378
5379
5380
5381
5382
5383
5384
5385
5386
5387
5388
5389
5390
5391
5392
5393
5394
5395
5396
5397
5398
5399
5400
5401
5402
5403
5404
5405
5406
5407
5408
5409
5410
5411
5412
5413
5414
5415
5416
5417
5418
5419
5420
5421
5422
5423
5424
5425
5426
5427
5428
5429
5430
5431
5432
5433
5434
5435
5440
5443
5444
5445
5446
5452
5453
5454
5455
5456
5457
5458
5460
5462
5463
5464
5467
5472
5474
5477
5478
5479
5491
5493
5497
5498
5499
5500
5501
5502
5503
5504
5505
5506
5507
5509
5510
5513
5518
5519
5520
5528
5529
5540
5542
5543
5546
5555
5556
5561
5596
5610
5612
5642
5644
5647
5654
5656
5657
5670
5671
5675
5676
5677
5683
5684
5685
5686
5687
5688
5689
5691
5699
5700
5701
5702
5703
5704
5705
5706
5707
5708
5709
5710
5711
5712
5713
5714
5715
5717
5718
5719
5723
5748
5749
5752
5756
5763
5766
5771
5772
5773
5775
5778
5779
5780
5781
5784
5785
5786
5791
5792
5796
5797
5814
5815
5823
5824
5826
5827
5828
5829
5830
5832
5834
5835
5836
5839
5850
5860
5863
5864
5865
5866
5867
5868
5869
5871
5873
5879
5884
5889
5894
5898
5907
5919
5920
5921
5922
5929
5930
5936
5941
5948
5949
5950
5951
5952
5964
5965
5966
5972
5974
5977
5978
5979
5985
5987
6040
6041
6042
6044
6048
6057
6058
6061
6062
6063
6064
6065
6066
6067
6068
6069
6073
6074
6075
6078
6079
6083
6085
6089
6090
6091
6093
6094
6095
6097
6098
6099
6100
6101
6102
6109
6110
6111
6112
6126
6127
6128
6129
6130
6131
6132
6133
6134
6135
6136
6138
6141
6142
6147
6148
6152
6153
6154
6155
6161
6164
6167
6168
6170
6175
6181
6189
6210
6213
6214
6215
6216
6217
6218
6219
6221
6222
6235
6236
6237
6238
6239
6241
6246
6247
6248
6249
6250
6251
6252
6253
6255
6257
6264
6265
6272
6273
6275
6281
6282
6283
6285
6288
6290
6291
6295
6296
6297
6301
6305
6309
6313
6314
6316
6317
6319
6323
6324
6336
6340
6342
6351
6355
6356
6367
6370
6396
6400
6401
6404
6405
6406
6408
6409
6410
6413
6414
6415
6417
6418
6419
6420
6425
6426
6427
6434
6435
6436
6439
6440
6444
6445
6446
6449
6459
6462
6465
6469
6470
6474
6475
6476
6477
6478
6479
6488
6489
6490
6491
6492
6493
6494
6495
6496
6497
6498
6499
6500
6510
6512
6513
6516
6517
6550
6554
6555
6556
6557
6560
6561
6564
6565
6575
6585
6591
6592
6593
6594
6597
6602
6606
6607
6608
6610
6612
6620
6630
6631
6634
6635
6636
6638
6642
6643
6645
6646
6650
6653
6654
6658
6660
6661
6662
6663
6664
6665
6667
6670
6673
6674
6675
6676
6677
6678
6681
6682
6683
6684
6685
6686
6687
6688
6689
6690
6691
6698
6703
6704
6705
6706
6707
6708
6709
6710
6716
6717
6725
6726
6727
6728
6730
6731
6733
6734
6735
6737
6739
6757
6759
6760
6761
6766
6769
6776
6779
6780
6782
6783
6784
6787
6788
6791
6792
6795
6801
6806
6807
6811
6812
6813
6815
6816
6817
6818
6819
6820
6821
6825
6828
6829
6830
6847
6853
6854
6855
6856
6857
6858
6859
6860
6861
6862
6863
6864
6865
6866
6867
6868
6869
6870
6871
6872
6873
6874
6875
6876
6877
6878
6879
6880
6881
6882
6883
6884
6885
6886
6887
6888
6889
6890
6891
6892
6893
6894
6895
6896
6897
6898
6900
6901
6924
6925
6926
6927
6928
6929
6930
6933
6934
6935
6941
6949
6955
6956
6958
6959
6960
6961
6962
6967
6971
6972
6973
6977
6978
6979
6995
6997
7024
7045
7052
7057
7060
7062
7066
7067
7068
7071
7072
7073
7074
7075
7076
7079
7080
7081
7082
7083
7084
7085
7087
7088
7089
7090
7092
7093
7096
7097
7098
7102
7103
7104
7105
7107
7108
7109
7111
7112
7114
7116
7118
7120
7121
7122
7142
7148
7150
7154
7161
7163
7164
7167
7168
7169
7173
7174
7177
7178
7180
7181
7182
7183
7184
7185
7186
7188
7189
7190
7191
7192
7194
7196
7197
7199
7200
7201
7203
7206
7211
7215
7216
7219
7226
7227
7229
7230
7231
7232
7233
7239
7243
7244
7246
7247
7248
7269
7273
7277
7278
7280
7281
7282
7283
7286
7287
7288
7291
7292
7295
7296
7297
7298
7299
7300
7301
7302
7304
7305
7307
7313
7315
7320
7326
7327
7330
7333
7336
7337
7338
7339
7340
7348
7349
7350
7358
7359
7364
7365
7367
7368
7369
7371
7372
7374
7378
7384
7388
7389
7392
7396
7397
7402
7407
7413
7414
7420
7421
7422
7423
7424
7425
7428
7435
7436
7438
7443
7453
7454
7455
7463
7465
7466
7467
7469
7470
7471
7480
7482
7483
7488
7491
7494
7498
7499
7500
7503
7504
7505
7507
7508
7509
7513
7517
7518
7521
7522
7523
7524
7525
7526
7527
7529
7530
7531
7532
7535
7538
7541
7544
7545
7546
7547
7548
7549
7550
7554
7555
7556
7557
7558
7559
7560
7561
7562
7563
7564
7565
7566
7567
7568
7569
7570
7571
7572
7573
7575
7576
7577
7581
7583
7584
7592
7593
7595
7596
7597
7598
7599
7600
7601
7602
7604
7605
7613
7617
7619
7622
7626
7627
7628
7629
7630
7631
7633
7634
7635
7636
7637
7656
7657
7658
7662
7663
7665
7666
7667
7668
7679
7680
7699
7701
7702
7707
7708
7713
7714
7715
7716
7719
7720
7721
7723
7729
7731
7732
7737
7739
7742
7743
7744
7758
7759
7760
7761
7763
7764
7770
7772
7778
7779
7801
7802
7809
7811
7817
7818
7819
7821
7822
7823
7834
7837
7843
7844
7845
7846
7855
7856
7857
7858
7859
7863
7867
7868
7869
7877
7879
7887
7888
7890
7891
7901
7907
7908
7912
7913
7914
7916
7917
7919
7921
7924
7925
7934
7935
7936
7939
7944
7945
7946
7947
7948
7949
7953
7954
7957
7962
7963
7967
7970
7971
7986
7987
7993
7994
7995
7996
7997
7998
8007
8008
8009
8013
8015
8019
8020
8021
8022
8024
8025
8026
8028
8029
8030
8031
8032
8033
8034
8035
8036
8037
8041
8042
8047
8048
8049
8055
8064
8065
8067
8068
8070
8071
8072
8073
8075
8076
8081
8083
8084
8085
8086
8087
8088
8089
8092
8093
8094
8095
8097
8100
8101
8102
8103
8105
8121
8125
8133
8140
8143
8145
8149
8151
8168
8169
8170
8171
8172
8173
8175
8176
8183
8184
8188
8189
8190
8192
8197
8198
8199
8201
8202
8204
8205
8206
8211
8212
8213
8214
8215
8216
8217
8218
8219
8220
8221
8225
8226
8230
8235
8240
8259
8261
8262
8267
8268
8269
8272
8273
8274
8275
8278
8279
8284
8287
8288
8289
8290
8296
8298
8299
8300
8301
8302
8305
8309
8310
8315
8318
8321
8322
8323
8324
8325
8326
8330
8331
8334
8335
8337
8339
8340
8341
8342
8344
8345
8347
8348
8351
8352
8353
8354
8355
8356
8358
8359
8360
8361
8362
8365
8366
8371
8372
8373
8374
8375
8377
8387
8388
8389
8390
8391
8394
8395
8396
8397
8399
8403
8405
8407
8408
8420
8421
8422
8425
8449
8453
8454
8457
8458
8459
8460
8464
8468
8469
8470
8471
8472
8474
8477
8478
8479
8481
8485
8493
8494
8498
8499
8500
8501
8503
8504
8505
8523
8524
8525
8526
8527
8528
8529
8530
8533
8534
8536
8540
8543
8544
8545
8546
8547
8548
8549
8550
8551
8552
8553
8555
8556
8559
8560
8561
8563
8566
8567
8568
8569
8570
8571
8572
8573
8576
8582
8603
8604
8605
8606
8608
8621
8623
8624
8625
8626
8627
8628
8629
8630
8631
8632
8633
8634
8635
8636
8642
8646
8654
8655
8671
8673
8674
8675
8676
8677
8678
8679
8680
8681
8682
8685
8686
8687
8688
8689
8690
8691
8692
8695
8697
8698
8699
8700
8701
8702
8719
8731
8741
8743
8748
8749
8750
8751
8764
8765
8766
8767
8772
8774
8775
8776
8777
8779
8782
8783
8787
8788
8794
8795
8796
8797
8801
8802
8807
8808
8812
8813
8815
8817
8819
8826
8828
8830
8833
8834
8835
8836
8841
8842
8843
8844
8848
8849
8850
8852
8857
8858
8859
8860
8861
8871
8878
8879
8880
8883
8888
8889
8891
8892
8901
8902
8903
8904
8908
8910
8911
8912
8918
8919
8927
8937
8938
8939
8940
8941
8942
8943
8946
8947
8948
8951
8952
8953
8954
8962
8967
8968
8969
8970
8971
8972
8973
8974
8975
8976
8977
8978
8979
8980
8981
8984
8988
8989
8993
8994
9012
9028
9030
9039
9040
9041
9044
9045
9046
9047
9048
9049
9050
9051
9056
9063
9069
9090
9096
9102
9103
9104
9105
9106
9107
9108
9109
9110
9111
9118
9121
9122
9125
9126
9127
9128
9129
9130
9131
9132
9135
9137
9138
9139
9140
9141
9142
9143
9144
9147
9150
9151
9152
9153
9155
9156
9157
9158
9159
9161
9162
9165
9166
9167
9168
9172
9178
9179
9181
9184
9185
9196
9197
9199
9200
9202
9203
9204
9205
9206
9207
9208
9209
9210
9211
9212
9213
9214
9218
9219
9221
9222
9223
9224
9226
9227
9231
9232
9233
9234
9235
9240
9241
9242
9244
9245
9246
9247
9248
9250
9251
9252
9253
9255
9256
9257
9258
9260
9275
9276
9277
9278
9280
9281
9286
9292
9293
9308
9317
9336
9337
9338
9339
9341
9342
9343
9344
9349
9350
9351
9352
9353
9354
9355
9359
9360
9361
9362
9366
9375
9376
9378
9379
9380
9384
9385
9386
9387
9395
9396
9397
9399
9400
9401
9406
9411
9412
9413
9416
9417
9424
9425
9426
9427
9429
9430
9431
9432
9433
9434
9443
9444
9445
9446
9448
9449
9450
9451
9452
9453
9455
9457
9458
9459
9460
9464
9465
9467
9468
9470
9476
9477
9478
9482
9483
9485
9486
9491
9492
9493
9494
9496
9497
9499
9501
9502
9503
9505
9506
9511
9512
9518
9521
9522
9524
9525
9526
9528
9529
9533
9534
9535
9536
9538
9539
9540
9541
9542
9543
9551
9554
9555
9559
9565
9569
9574
9575
9579
9586
9588
9589
9590
9591
9592
9595
9596
9601
9602
9604
9607
9608
9612
9613
9614
9615
9618
9619
9620
9621
9622
9623
9640
9655
9657
9659
9660
9665
9666
9667
9668
9669
9670
9673
9674
9675
9676
9678
9680
9681
9682
9683
9684
9685
9686
9687
9688
9690
9691
9692
9694
9697
9698
9700
9701
9702
9707
9708
9710
9713
9714
9715
9720
9721
9722
9723
9725
9727
9734
9735
9736
9737
9749
9750
9756
9761
9762
9768
9771
9773
9774
9775
9776
9782
9783
9785
9789
9790
9791
9792
9793
9794
9795
9796
9805
9807
9808
9809
9810
9811
9812
9813
9814
9815
9816
9817
9818
9819
9820
9821
9822
9823
9824
9825
9826
9827
9828
9829
9830
9831
9832
9833
9834
9835
9836
9837
9838
9839
9840
9841
9849
9850
9851
9852
9853
9854
9855
9856
9857
9858
9859
9861
9863
9864
9868
9876
9877
9878
9879
9880
9881
9884
9885
9887
9888
9889
9890
9891
9892
9893
9894
9895
9896
9897
9898
9899
9900
9901
9902
9903
9904
9905
9906
9907
9908
9909
9910
9911
9912
9913
9914
9915
9916
9917
9918
9919
9921
9923
9924
9925
9928
9930
9933
9934
9935
9936
9937
9941
9942
9949
9950
9951
9963
9964
9965
9966
9967
9968
9969
9970
9971
9973
9974
9979
9988
9989
9991
9995
9996
9997
9998
9999
10000
10001
10002
10006
10008
10009
10010
10011
10012
10016
10019
10031
10032
10033
10034
10035
10036
10037
10038
10039
10041
10042
10046
10047
10048
10050
10051
10052
10053
10054
10055
10056
10057
10062
10063
10064
10065
10069
10070
10071
10073
10079
10082
10083
10084
10085
10086
10087
10088
10089
10090
10091
10092
10093
10101
10104
10110
10114
10115
10118
10119
10124
10125
10126
10127
10129
10130
10131
10132
10133
10134
10135
10136
10137
10138
10139
10140
10141
10143
10144
10145
10149
10150
10151
10152
10153
10154
10155
10156
10159
10161
10162
10164
10165
10166
10170
10175
10176
10177
10180
10187
10188
10192
10193
10197
10198
10199
10201
10202
10204
10205
10206
10207
10211
10213
10217
10218
10223
10225
10226
10227
10229
10230
10233
10245
10247
10248
10249
10251
10253
10254
10259
10260
10261
10262
10263
10264
10265
10267
10268
10270
10272
10273
10274
10278
10279
10280
10281
10285
10286
10287
10294
10296
10297
10298
10300
10301
10303
10304
10305
10306
10307
10310
10311
10313
10317
10323
10324
10325
10332
10338
10339
10340
10341
10342
10343
10344
10345
10346
10347
10348
10349
10350
10351
10353
10354
10355
10356
10357
10358
10359
10360
10361
10364
10365
10366
10367
10368
10370
10371
10372
10377
10380
10382
10384
10385
10389
10390
10391
10397
10402
10403
10404
10410
10411
10412
10413
10414
10415
10416
10417
10419
10421
10422
10423
10425
10428
10434
10436
10437
10438
10439
10442
10443
10444
10445
10446
10447
10451
10457
10459
10461
10471
10472
10482
10484
10488
10490
10491
10492
10493
10495
10501
10504
10505
10515
10520
10524
10525
10528
10530
10531
10532
10539
10542
10543
10544
10552
10556
10557
10558
10559
10561
10573
10576
10577
10578
10579
10580
10581
10582
10586
10587
10588
10589
10590
10592
10596
10597
10598
10602
10603
10604
10610
10613
10615
10622
10623
10630
10631
10636
10637
10639
10642
10643
10649
10650
10651
10656
10657
10659
10661
10663
10664
10665
10666
10667
10669
10673
10674
10678
10684
10685
10687
10688
10690
10692
10693
10694
10696
10699
10711
10713
10716
10717
10718
10723
10724
10725
10726
10727
10728
10730
10731
10732
10736
10740
10743
10746
10749
10750
10751
10752
10753
10754
10755
10756
10757
10758
10759
10760
10761
10762
10764
10765
10766
10767
10768
10769
10770
10772
10778
10783
10787
10788
10789
10793
10794
10795
10802
10804
10805
10806
10807
10808
10809
10811
10812
10813
10815
10819
10827
10832
10835
10836
10842
10844
10845
10846
10847
10851
10853
10856
10857
10859
10861
10862
10863
10876
10878
10879
10882
10883
10885
10889
10890
10891
10892
10894
10895
10896
10897
10898
10901
10902
10903
10904
10912
10915
10916
10917
10918
10919
10923
10924
10925
10926
10929
10931
10938
10946
10951
10953
10955
10956
10957
10958
10959
10960
10961
10969
10989
10990
10996
11001
11002
11007
11009
11010
11014
11022
11023
11024
11025
11026
11027
11028
11029
11030
11031
11032
11033
11034
11040
11042
11045
11055
11059
11062
11064
11065
11071
11072
11073
11074
11075
11079
11087
11088
11090
11091
11094
11100
11101
11107
11112
11116
11121
11123
11124
11130
11135
11142
11143
11144
11148
11149
11156
11159
11160
11162
11163
11167
11168
11169
11170
11177
11178
11181
11184
11193
11197
11198
11199
11201
11202
11203
11204
11207
11208
11213
11215
11218
11219
11227
11228
11229
11230
11234
11235
11236
11243
11246
11247
11250
11255
11260
11263
11264
11265
11266
11267
11269
11272
11274
11275
11277
11290
11292
11293
11296
11299
11303
11304
11306
11307
11308
11309
11312
11314
11315
11316
11318
11319
11320
11321
11322
11324
11336
11340
11341
11345
11348
11369
11372
11373
11374
11375
11379
11381
11383
11384
11438
11440
11441
11446
11447
11449
11450
11451
11455
11458
11459
11464
11466
11467
11468
11472
11482
11486
11487
11488
11489
11503
11504
11505
11506
11509
11510
11512
11513
11514
11516
11517
11520
11521
11522
11523
11529
11532
11533
11534
11535
11536
11538
11539
11540
11541
11542
11543
11544
11545
11546
11547
11548
11549
11550
11551
11552
11553
11554
11555
11556
11557
11558
11559
11563
11565
11566
11570
11571
11572
11576
11578
11579
11580
11581
11630
11631
11633
11634
11635
11636
11637
11638
11639
11640
11641
11642
11645
11646
11647
11651
11652
11661
11664
11665
11666
11669
11674
11675
11676
11678
11680
11685
11686
11688
11695
11696
11698
11699
11701
11702
11706
11707
11708
11710
11711
11714
11717
11719
11720
11722
11723
11724
11725
11726
11727
11728
11729
11730
11731
11746
11749
11751
11753
11755
11756
11757
11758
11759
11760
11761
11762
11763
11764
11765
11766
11767
11768
11769
11770
11773
11774
11784
11785
11817
11818
11819
11820
11821
11822
11823
11824
11825
11826
11827
11828
11829
11833
11834
11835
11840
11846
11847
11849
11850
11851
11852
11853
11854
11855
11856
11857
11858
11868
11869
11870
11871
11873
11874
11900
11903
11904
11907
11908
11909
11910
11918
11919
11920
11921
11922
11923
11924
11925
11926
11929
11934
11935
11936
11937
11938
11939
11941
11942
11944
11945
11946
11948
11949
11950
11951
11952
11956
11957
11958
11959
11960
11961
11962
11963
11964
11965
11968
11969
11971
11972
11973
11976
11979
11980
11983
11984
11998
11999
12000
12001
12013
12017
12020
12022
12023
12024
12025
12026
12027
12035
12036
12037
12040
12041
12043
12045
12046
12049
12054
12056
12058
12061
12062
12064
12065
12066
12072
12073
12075
12077
12088
12090
12091
12092
12093
12104
12105
12109
12110
12113
12114
12115
12116
12118
12128
12132
12133
12134
12137
12138
12139
12140
12141
12143
12144
12145
12146
12147
12148
12149
12150
12151
12152
12154
12155
12161
12164
12165
12166
12167
12169
12170
12171
12179
12182
12184
12188
12192
12198
12204
12205
12206
12207
12208
12209
12216
12217
12218
12221
12222
12225
12226
12229
12230
12231
12232
12233
12234
12235
12239
12240
12242
12243
12250
12254
12255
12256
12257
12258
12260
12262
12263
12267
12268
12269
12270
12271
12272
12273
12274
12275
12276
12277
12278
12279
12288
12290
12291
12296
12298
12299
12300
12314
12317
12324
12325
12326
12327
12329
12330
12337
12338
12339
12340
12342
12349
12350
12359
12372
12373
12389
12390
12393
12394
12395
12396
12397
12398
12399
12400
12401
12402
12403
12405
12406
12408
12412
12413
12415
12416
12418
12421
12422
12423
12424
12425
12426
12427
12443
12444
12445
12446
12447
12448
12450
12453
12454
12457
12465
12466
12467
12469
12470
12471
12474
12475
12476
12480
12483
12487
12490
12491
12492
12496
12498
12499
12501
12502
12503
12531
12532
12533
12534
12537
12544
12546
12547
12558
12562
12563
12568
12571
12572
12573
12574
12575
12576
12577
12579
12582
12583
12585
12586
12587
12590
12591
12592
12593
12594
12597
12598
12599
12600
12601
12603
12604
12615
12619
12632
12637
12638
12641
12649
12650
12653
12656
12657
12658
12659
12660
12661
12662
12663
12664
12665
12666
12667
12668
12669
12670
12671
12672
12673
12676
12682
12686
12687
12689
12694
12695
12696
12697
12698
12699
12700
12701
12707
12710
12711
12720
12728
12729
12730
12731
12732
12735
12736
12738
12744
12745
12746
12747
12748
12749
12750
12752
12757
12758
12759
12760
12761
12762
12766
12768
12769
12770
12771
12772
12773
12774
12778
12781
12782
12786
12787
12790
12792
12793
12795
12796
12797
12798
12799
12800
12801
12802
12803
12804
12807
12808
12809
12810
12811
12814
12816
12817
12818
12821
12822
12823
12824
12825
12826
12830
12831
12832
12834
12837
12838
12840
12843
12844
12855
12856
12862
12863
12865
12871
12872
12877
12878
12881
12882
12883
12889
12891
12892
12893
12895
12897
12898
12904
12908
12909
12910
12911
12913
12914
12916
12917
12921
12926
12927
12928
12935
12942
12943
12944
12945
12946
12947
12949
12950
12951
12952
12953
12954
12955
12956
12957
12966
12974
12975
12976
12977
12979
12980
12985
12986
12989
12990
12991
12992
12994
12998
12999
13000
13003
13005
13007
13008
13009
13010
13013
13014
13015
13017
13018
13019
13020
13021
13022
13023
13025
13026
13029
13030
13031
13034
13036
13037
13038
13044
13045
13046
13048
13049
13050
13051
13054
13055
13056
13057
13058
13059
13060
13061
13062
13063
13064
13067
13070
13071
13072
13075
13078
13079
13080
13081
13086
13087
13088
13089
13090
13096
13098
13101
13103
13107
13108
13109
13111
13112
13113
13114
13116
13117
13118
13119
13120
13123
13124
13125
13129
13130
13132
13133
13134
13137
13139
13144
13145
13151
13152
13153
13154
13155
13156
13157
13158
13159
13160
13161
13162
13163
13164
13166
13167
13168
13169
13170
13171
13172
13173
13178
13183
13191
13192
13196
13197
13200
13201
13202
13203
13210
13225
13227
13228
13229
13230
13231
13232
13233
13234
13235
13236
13237
13244
13245
13246
13248
13249
13250
13251
13252
13253
13259
13261
13262
13263
13264
13265
13266
13267
13270
13271
13272
13273
13278
13279
13283
13284
13285
13286
13288
13290
13293
13295
13296
13297
13298
13301
13303
13304
13305
13308
13309
13310
13311
13319
13321
13322
13323
13324
13325
13326
13327
13330
13331
13332
13333
13336
13342
13343
13344
13352
13355
13358
13359
13360
13361
13363
13366
13368
13369
13370
13371
13372
13373
13386
13388
13389
13390
13391
13392
13393
13396
13397
13400
13401
13404
13408
13409
13412
13413
13414
13422
13423
13424
13428
13431
13433
13434
13441
13442
13443
13444
13445
13446
13447
13448
13449
13450
13451
13452
13455
13456
13457
13458
13461
13462
13463
13466
13470
13471
13473
13474
13475
13476
13477
13479
13480
13481
13482
13483
13484
13485
13486
13488
13490
13492
13493
13494
13495
13496
13497
13498
13499
13500
13501
13502
13503
13504
13505
13506
13508
13510
13512
13513
13514
13515
13516
13517
13518
13526
13527
13528
13532
13533
13534
13536
13537
13539
13540
13541
13544
13545
13546
13551
13552
13554
13556
13558
13559
13562
13563
13564
13569
13570
13571
13572
13573
13574
13575
13577
13578
13581
13582
13583
13584
13585
13590
13591
13597
13598
13599
13600
13601
13610
13616
13619
13620
13621
13625
13628
13629
13630
13634
13636
13637
13638
13639
13646
13647
13649
13650
13662
13664
13720
13738
13746
13747
13748
13750
13753
13764
13765
13783
13787
13788
13789
13792
13795
13796
13797
13798
13799
13801
13803
13804
13805
13806
13807
13809
13810
13816
13818
13821
13828
13829
13832
13833
13837
13838
13839
13841
13842
13845
13846
13847
13848
13849
13850
13851
13854
13856
13860
13861
13862
13863
13864
13865
13866
13867
13868
13869
13870
13872
13873
13880
13881
13883
13892
13893
13896
13897
13901
13902
13904
13906
13907
13910
13911
13913
13914
13915
13916
13919
13922
13923
13924
13925
13926
13928
13929
13930
13931
13932
13933
13938
13939
13940
13941
13942
13945
13946
13949
13950
13953
13955
13956
13957
13958
13959
13960
13963
13964
13967
13969
13971
13973
13976
13977
13980
13983
13985
13988
13989
13990
13991
13992
13997
13998
14004
14005
14009
14012
14018
14019
14020
14021
14022
14024
14029
14030
14041
14042
14048
14052
14053
14060
14061
14062
14074
14087
14089
14091
14092
14093
14094
14095
14096
14098
14100
14103
14104
14115
14116
14118
14119
14120
14121
14126
14127
14129
14132
14133
14134
14135
14140
14142
14143
14146
14148
14149
14150
14151
14154
14155
14157
14158
14159
14160
14161
14162
14164
14165
14168
14169
14171
14172
14173
14174
14176
14178
14179
14185
14186
14187
14190
14191
14192
14194
14196
14197
14198
14199
14204
14212
14213
14214
14216
14217
14218
14219
14220
14221
14224
14229
14230
14231
14235
14236
14237
14239
14241
14242
14243
14244
14249
14251
14253
14257
14258
14259
14263
14264
14267
14268
14269
14270
14274
14275
14276
14278
14279
14280
14282
14283
14289
14290
14291
14293
14300
14303
14304
14305
14309
14310
14311
14314
14315
14316
14318
14319
14320
14322
14325
14327
14337
14338
14339
14340
14345
14347
14348
14350
14351
14353
14354
14357
14358
14378
14379
14385
14387
14389
14390
14391
14392
14393
14394
14395
14396
14397
14398
14399
14400
14401
14402
14403
14404
14405
14406
14415
14416
14422
14425
14428
14429
14430
14431
14438
14439
14442
14443
14445
14448
14449
14450
14451
14452
14453
14463
14464
14466
14467
14468
14469
14470
14471
14472
14473
14474
14475
14476
14477
14478
14482
14483
14487
14488
14492
14502
14503
14504
14508
14509
14511
14512
14514
14515
14517
14518
14519
14520
14521
14523
14527
14529
14533
14534
14535
14536
14537
14538
14539
14540
14542
14543
14544
14545
14546
14547
14548
14549
14551
14553
14554
14555
14560
14561
14578
14579
14580
14583
14588
14589
14593
14594
14595
14598
14599
14600
14601
14605
14606
14609
14612
14616
14617
14618
14619
14620
14628
14629
14631
14632
14633
14634
14638
14639
14640
14641
14642
14644
14647
14649
14653
14655
14656
14658
14661
14662
14663
14665
14667
14668
14669
14670
14671
14674
14675
14676
14677
14678
14683
14688
14689
14690
14694
14695
14712
14714
14715
14716
14720
14722
14727
14729
14730
14732
14734
14738
14739
14742
14743
14744
14749
14756
14762
14763
14772
14777
14778
14779
14781
14782
14785
14788
14789
14792
14796
14797
14799
14800
14801
14802
14805
14806
14812
14814
14815
14816
14821
14822
14824
14826
14828
14832
14834
14835
14836
14837
14838
14839
14841
14842
14844
14850
14851
14857
14861
14862
14870
14876
14878
14879
14880
14892
14893
14919
14929
14933
14934
14935
14936
14946
14951
14952
14955
14956
14962
14963
14964
14969
14974
14976
14977
14981
14982
14984
14987
14990
14992
14994
14996
15032
15033
15035
15040
15042
15043
15044
15052
15055
15060
15061
15063
15065
15067
15069
15070
15071
15072
15078
15079
15082
15083
15084
15085
15086
15087
15088
15090
15093
15094
15095
15096
15097
15098
15099
15101
15102
15103
15104
15105
15109
15113
15114
15115
15116
15118
15121
15123
15124
15125
15127
15128
15129
15144
15145
15151
15152
15154
15155
15164
15170
15178
15180
15181
15183
15192
15200
15202
15209
15210
15211
15215
15218
15219
15221
15222
15223
15228
15229
15231
15233
15237
15240
15244
15245
15248
15249
15252
15255
15258
15260
15261
15265
15266
15269
15270
15272
15278
15279
15280
15282
15283
15284
15285
15286
15288
15290
15291
15292
15293
15294
15295
15298
15301
15302
15303
15304
15305
15307
15308
15309
15310
15311
15319
15320
15321
15322
15325
15327
15328
15337
15339
15340
15341
15342
15344
15347
15349
15350
15355
15358
15363
15366
15367
15368
15373
15374
15375
15376
15377
15379
15380
15385
15390
15391
15393
15394
15398
15399
15401
15402
15403
15404
15406
15408
15410
15411
15412
15413
15414
15416
15418
15420
15421
15422
15424
15425
15428
15429
15431
15435
15436
15438
15440
15441
15443
15444
15446
15453
15455
15459
15460
15461
15462
15463
15464
15465
15469
15470
15472
15473
15474
15475
15476
15479
15481
15482
15483
15484
15485
15487
15489
15495
15497
15501
15503
15507
15508
15510
15511
15512
15513
15515
15519
15526
15528
15529
15531
15532
15533
15534
15535
15539
15541
15542
15545
15546
15547
15548
15550
15554
15555
15558
15559
15560
15561
15562
15564
15568
15569
15570
15572
15575
15576
15577
15580
15588
15589
15590
15612
15615
15616
15617
15618
15619
15620
15625
15627
15628
15629
15630
15634
15635
15636
15641
15645
15649
15651
15652
15653
15654
15662
15664
15665
15668
15670
15671
15673
15675
15676
15677
15686
15688
15690
15692
15693
15694
15695
15696
15697
15698
15699
15700
15701
15702
15704
15708
15709
15710
15711
15712
15720
15723
15724
15728
15731
15732
15736
15737
15738
15739
15740
15741
15746
15748
15750
15751
15759
15760
15762
15763
15764
15765
15766
15768
15769
15773
15774
15777
15781
15785
15786
15787
15797
15798
15799
15800
15802
15803
15806
15807
15809
15810
15811
15814
15815
15816
15818
15819
15822
15823
15825
15826
15827
15829
15830
15832
15833
15838
15839
15840
15841
15843
15846
15848
15849
15856
15857
15858
15859
15860
15861
15862
15864
15866
15868
15869
15870
15876
15877
15878
15879
15880
15881
15884
15885
15886
15887
15888
15889
15893
15895
15896
15897
15898
15899
15900
15902
15903
15910
15916
15919
15922
15923
15924
15926
15927
15928
15930
15933
15934
15935
15938
15939
15944
15950
15951
15952
15953
15955
15956
15957
15959
15961
15962
15963
15964
15965
15967
15968
15969
15970
15974
15975
15981
15983
15986
15987
15988
15991
15992
15993
15994
15995
16003
16004
16005
16008
16009
16010
16011
16013
16014
16015
16017
16019
16020
16021
16038
16041
16043
16047
16048
16049
16050
16051
16052
16054
16055
16056
16057
16059
16068
16069
16077
16078
16079
16081
16086
16094
16095
16096
16097
16098
16099
16100
16101
16102
16107
16108
16110
16111
16115
16116
16117
16118
16119
16124
16130
16132
16133
16136
16137
16139
16142
16143
16144
16147
16150
16151
16158
16163
16164
16166
16170
16171
16173
16175
16177
16178
16181
16184
16185
16186
16187
16189
16190
16191
16193
16196
16197
16198
16201
16202
16204
16206
16207
16208
16211
16213
16219
16227
16228
16229
16230
16233
16234
16235
16236
16237
16238
16239
16244
16245
16246
16249
16250
16251
16252
16253
16256
16258
16259
16263
16267
16277
16283
16285
16287
16291
16292
16293
16294
16298
16300
16302
16303
16307
16308
16310
16312
16313
16314
16315
16317
16319
16320
16321
16324
16327
16329
16330
16332
16333
16334
16336
16342
16343
16344
16347
16348
16352
16353
16355
16356
16357
16358
16359
16362
16363
16370
16373
16374
16375
16376
16378
16382
16383
16390
16391
16392
16395
16396
16397
16403
16404
16405
16407
16414
16415
16421
16422
16423
16424
16425
16426
16438
16439
16440
16447
16448
16449
16450
16452
16453
16454
16455
16457
16458
16459
16460
16464
16465
16468
16473
16474
16475
16478
16481
16482
16483
16485
16486
16488
16494
16495
16496
16497
16498
16502
16503
16504
16505
16507
16510
16512
16513
16514
16515
16516
16518
16519
16524
16527
16528
16530
16532
16534
16535
16536
16537
16541
16542
16543
16544
16546
16548
16554
16555
16561
16565
16566
16568
16569
16570
16571
16573
16574
16575
16576
16577
16578
16579
16580
16581
16584
16585
16592
16593
16594
16595
16596
16598
16599
16600
16601
16602
16605
16606
16613
16614
16621
16623
16624
16625
16631
16632
16633
16634
16642
16644
16649
16653
16656
16661
16662
16663
16664
16665
16668
16669
16670
16671
16677
16678
16680
16681
16682
16683
16684
16708
16709
16712
16716
16719
16720
16722
16723
16727
16728
16730
16731
16733
16735
16737
16746
16747
16748
16750
16753
16754
16757
16760
16763
16774
16775
16778
16782
16783
16786
16789
16791
16792
16793
16795
16796
16798
16801
16802
16803
16804
16807
16809
16810
16811
16814
16816
16818
16819
16822
16823
16824
16825
16826
16827
16828
16830
16831
16832
16833
16835
16836
16838
16841
16847
16848
16851
16855
16861
16862
16866
16872
16873
16874
16878
16879
16880
16882
16888
16891
16892
16893
16897
16902
16903
16904
16905
16906
16907
16908
16909
16910
16911
16912
16913
16914
16915
16916
16917
16919
16922
16926
16928
16929
16930
16931
16932
16933
16934
16939
16942
16944
16950
16952
16953
16954
16956
16957
16960
16961
16962
16963
16964
16965
16967
16968
16969
16970
16971
16972
16974
16975
16978
16979
16980
16981
16982
16983
16985
16995
16996
16998
16999
17000
17001
17004
17005
17011
17022
17025
17027
17032
17034
17035
17036
17037
17040
17041
17042
17043
17051
17052
17053
17054
17055
17056
17057
17058
17059
17060
17061
17062
17063
17064
17065
17067
17069
17070
17071
17073
17074
17076
17078
17079
17080
17081
17082
17083
17084
17087
17088
17090
17094
17095
17096
17097
17098
17100
17101
17102
17103
17104
17105
17107
17110
17112
17113
17116
17118
17119
17121
17122
17129
17130
17131
17132
17133
17134
17136
17138
17139
17140
17159
17161
17162
17163
17166
17168
17170
17171
17172
17173
17174
17175
17177
17178
17182
17185
17186
17188
17189
17190
17193
17194
17195
17196
17197
17198
17199
17201
17202
17203
17204
17205
17206
17209
17210
17211
17213
17214
17216
17219
17220
17221
17222
17223
17226
17227
17228
17229
17231
17234
17239
17240
17243
17244
17245
17246
17247
17252
17253
17254
17259
17260
17261
17262
17263
17264
17265
17266
17267
17268
17269
17271
17273
17275
17277
17278
17279
17280
17281
17283
17284
17285
17286
17287
17293
17294
17295
17296
17300
17302
17303
17304
17309
17310
17313
17314
17316
17322
17326
17327
17328
17329
17330
17332
17335
17336
17338
17343
17345
17346
17347
17348
17349
17350
17351
17352
17353
17354
17355
17356
17357
17358
17359
17360
17361
17362
17363
17364
17365
17366
17367
17368
17369
17370
17371
17372
17373
17374
17377
17378
17386
17387
17388
17389
17390
17392
17393
17394
17395
17398
17401
17402
17403
17406
17408
17409
17410
17411
17412
17413
17414
17415
17416
17417
17418
17419
17420
17421
17424
17425
17426
17427
17428
17429
17432
17433
17434
17435
17440
17442
17446
17450
17451
17454
17456
17457
17458
17459
17460
17461
17463
17466
17467
17468
17469
17471
17472
17473
17474
17478
17479
17480
17481
17482
17483
17484
17485
17486
17488
17489
17490
17491
17492
17493
17496
17497
17498
17500
17501
17502
17507
17511
17512
17514
17515
17516
17517
17518
17519
17520
17521
17523
17528
17529
17530
17532
17533
17536
17537
17538
17539
17540
17542
17543
17544
17545
17546
17547
17548
17549
17554
17556
17557
17558
17561
17562
17563
17565
17570
17573
17574
17576
17577
17578
17583
17584
17587
17588
17589
17593
17596
17597
17599
17603
17605
17606
17607
17611
17612
17614
17620
17623
17626
17629
17631
17633
17634
17638
17641
17642
17643
17644
17646
17647
17648
17651
17652
17654
17655
17656
17657
17659
17661
17663
17664
17666
17667
17668
17669
17670
17671
17672
17679
17680
17681
17682
17683
17684
17685
17687
17689
17690
17691
17692
17695
17696
17698
17704
17705
17706
17716
17717
17718
17719
17722
17726
17730
17732
17733
17735
17739
17740
17747
17751
17754
17755
17756
17759
17763
17764
17767
17770
17771
17772
17774
17775
17776
17777
17778
17779
17780
17781
17782
17783
17786
17788
17789
17790
17791
17792
17793
17794
17795
17798
17799
17804
17805
17806
17807
17812
17815
17816
17817
17819
17821
17822
17823
17826
17827
17829
17830
17831
17832
17833
17834
17836
17838
17839
17840
17841
17842
17845
17846
17855
17867
17868
17869
17870
17871
17872
17874
17876
17877
17880
17881
17882
17887
17888
17890
17891
17892
17893
17894
17899
17900
17901
17905
17908
17909
17910
17912
17915
17917
17918
17919
17920
17922
17924
17926
17927
17928
17929
17930
17931
17932
17935
17937
17939
17940
17941
17943
17944
17945
17946
17947
17948
17949
17954
17956
17957
17958
17962
17963
17965
17967
17968
17978
17979
17983
17984
17986
17991
17992
17994
17996
17998
18000
18001
18004
18005
18006
18007
18009
18010
18011
18014
18015
18017
18018
18019
18020
18021
18022
18023
18026
18027
18028
18029
18032
18033
18036
18037
18038
18039
18040
18044
18045
18046
18047
18048
18049
18051
18052
18054
18055
18056
18057
18058
18059
18061
18062
18063
18066
18067
18068
18070
18071
18072
18073
18077
18079
18080
18083
18088
18094
18095
18096
18098
18101
18102
18103
18104
18105
18106
18107
18108
18117
18118
18119
18121
18123
18124
18127
18129
18133
18134
18135
18136
18138
18139
18141
18144
18146
18147
18151
18155
18158
18159
18160
18161
18164
18165
18169
18175
18177
18179
18180
18182
18183
18190
18191
18193
18196
18197
18199
18201
18203
18208
18210
18212
18213
18214
18219
18221
18230
18231
18233
18235
18237
18238
18239
18243
18245
18252
18254
18255
18258
18261
18263
18267
18270
18272
18277
18279
18280
18281
18283
18284
18285
18286
18291
18293
18297
18299
18300
18301
18302
18303
18307
18308
18310
18312
18325
18326
18330
18331
18334
18336
18339
18340
18341
18342
18343
18347
18349
18354
18357
18358
18359
18360
18362
18365
18366
18367
18368
18369
18370
18371
18372
18373
18374
18375
18376
18378
18379
18380
18381
18382
18384
18385
18386
18387
18389
18390
18396
18397
18398
18399
18400
18404
18405
18406
18408
18411
18412
18416
18422
18423
18424
18425
18429
18435
18438
18439
18442
18444
18445
18446
18447
18450
18451
18452
18454
18459
18460
18462
18466
18467
18468
18471
18472
18473
18475
18476
18479
18480
18482
18486
18487
18489
18492
18493
18494
18495
18496
18498
18500
18501
18502
18504
18505
18507
18508
18509
18512
18515
18516
18517
18521
18522
18523
18524
18525
18529
18530
18531
18532
18533
18534
18535
18536
18537
18555
18556
18558
18561
18564
18566
18567
18573
18575
18576
18577
18578
18579
18581
18582
18583
18585
18593
18597
18598
18623
18624
18625
18626
18631
18638
18640
18642
18643
18653
18656
18658
18661
18662
18663
18664
18665
18670
18671
18674
18675
18676
18677
18678
18683
18685
18686
18687
18689
18690
18691
18693
18695
18702
18704
18707
18710
18711
18712
18713
18714
18726
18730
18740
18741
18743
18744
18746
18752
18756
18758
18759
18761
18768
18773
18775
18776
18777
18778
18780
18781
18783
18784
18787
18788
18789
18800
18801
18806
18807
18812
18815
18816
18818
18822
18823
18824
18825
18826
18827
18828
18829
18837
18846
18855
18857
18858
18862
18863
18865
18870
18872
18875
18877
18879
18880
18881
18884
18887
18888
18889
18890
18891
18892
18895
18896
18897
18898
18900
18901
18903
18904
18905
18912
18919
18920
18922
18925
18926
18928
18930
18934
18936
18939
18941
18942
18944
18947
18948
18949
18957
18964
18970
18971
18974
18975
18976
18977
18983
18984
18985
18991
18992
18999
19003
19004
19005
19006
19007
19010
19015
19016
19018
19020
19023
19024
19026
19027
19028
19029
19031
19032
19038
19039
19040
19044
19046
19048
19057
19058
19059
19060
19064
19065
19071
19072
19074
19075
19076
19078
19079
19081
19082
19083
19086
19089
19093
19094
19095
19096
19097
19098
19099
19101
19104
19107
19108
19110
19111
19112
19116
19117
19119
19120
19123
19125
19126
19132
19133
19134
19135
19136
19138
19139
19143
19146
19150
19153
19156
19157
19158
19160
19161
19165
19166
19167
19169
19170
19171
19176
19177
19178
19179
19181
19189
19192
19193
19194
19196
19197
19198
19199
19201
19202
19204
19207
19212
19213
19215
19220
19223
19224
19226
19229
19230
19231
19232
19235
19237
19238
19241
19243
19246
19247
19248
19251
19252
19253
19254
19255
19256
19257
19258
19262
19263
19264
19265
19266
19268
19269
19270
19272
19274
19275
19276
19279
19285
19286
19287
19290
19291
19292
19298
19309
19310
19311
19312
19315
19317
19318
19319
19320
19323
19324
19325
19327
19329
19330
19332
19336
19337
19338
19339
19345
19346
19347
19348
19351
19352
19353
19355
19358
19359
19363
19364
19365
19369
19373
19376
19379
19382
19383
19385
19387
19388
19390
19392
19394
19395
19396
19397
19398
19403
19404
19408
19411
19412
19414
19415
19416
19420
19421
19422
19423
19424
19426
19430
19434
19435
19436
19438
19439
19440
19441
19445
19447
19450
19451
19452
19454
19455
19458
19459
19460
19462
19463
19464
19465
19466
19467
19469
19470
19472
19473
19474
19475
19482
19483
19484
19485
19486
19487
19489
19492
19496
19501
19502
19503
19504
19508
19509
19510
19511
19517
19518
19519
19526
19527
19529
19530
19531
19534
19535
19536
19537
19556
19557
19560
19561
19562
19564
19566
19568
19569
19570
19576
19577
19579
19580
19581
19583
19589
19590
19597
19603
19618
19619
19620
19621
19626
19628
19630
19633
19639
19641
19644
19646
19647
19648
19649
19650
19651
19655
19665
19667
19668
19674
19677
19681
19682
19683
19684
19685
19686
19687
19688
19692
19693
19694
19695
19696
19697
19698
19699
19700
19701
19702
19706
19707
19709
19715
19718
19719
19722
19724
19727
19728
19732
19733
19734
19735
19741
19742
19744
19745
19747
19748
19750
19751
19752
19754
19755
19761
19768
19769
19770
19771
19772
19773
19774
19775
19777
19779
19780
19781
19782
19783
19786
19787
19788
19789
19790
19791
19792
19797
19798
19799
19800
19801
19802
19803
19804
19805
19806
19807
19808
19809
19810
19811
19813
19814
19815
19816
19817
19818
19824
19825
19826
19827
19828
19829
19834
19835
19837
19844
19845
19846
19847
19849
19850
19851
19853
19856
19857
19858
19860
19861
19865
19868
19870
19871
19872
19878
19879
19880
19882
19883
19885
19886
19887
19888
19889
19890
19891
19892
19893
19894
19895
19896
19899
19901
19903
19904
19906
19907
19908
19909
19910
19911
19912
19913
19914
19915
19918
19920
19922
19923
19927
19928
19929
19930
19931
19932
19933
19934
19937
19938
19939
19940
19941
19942
19943
19944
19947
19948
19949
19950
19951
19952
19953
19954
19955
19966
19969
19972
19975
19976
19977
19978
19979
19980
19981
19982
19983
19984
19986
19990
19991
19992
19993
19995
19996
19997
20001
20002
20004
20005
20006
20007
20010
20014
20015
20020
20021
20023
20024
20029
20030
20031
20034
20036
20038
20039
20040
20041
20042
20043
20044
20045
20046
20047
20048
20049
20056
20059
20060
20061
20062
20066
20070
20072
20074
20076
20082
20083
20084
20085
20089
20094
20095
20096
20097
20098
20103
20105
20106
20107
20109
20110
20111
20112
20113
20114
20115
20116
20118
20119
20122
20123
20124
20125
20130
20131
20136
20139
20140
20142
20144
20147
20148
20151
20152
20153
20157
20158
20159
20160
20161
20164
20166
20178
20179
20180
20181
20188
20189
20190
20194
20197
20199
20202
20203
20204
20205
20208
20211
20212
20214
20215
20218
20219
20220
20223
20224
20226
20228
20230
20231
20232
20233
20234
20235
20236
20239
20240
20241
20242
20243
20244
20245
20252
20253
20254
20256
20257
20258
20261
20262
20265
20266
20267
20274
20275
20276
20278
20282
20283
20284
20285
20286
20287
20292
20293
20294
20295
20296
20297
20298
20300
20302
20303
20305
20307
20310
20312
20314
20315
20316
20317
20318
20319
20320
20321
20322
20323
20325
20326
20327
20328
20330
20331
20335
20336
20337
20338
20342
20344
20345
20346
20347
20349
20351
20352
20353
20355
20356
20359
20360
20361
20362
20363
20364
20365
20368
20369
20371
20372
20373
20376
20377
20379
20380
20381
20383
20386
20388
20390
20392
20393
20394
20395
20396
20397
20399
20402
20404
20405
20406
20409
20413
20414
20415
20416
20419
20420
20424
20426
20427
20428
20430
20433
20435
20437
20438
20439
20440
20441
20442
20443
20444
20445
20448
20449
20450
20451
20452
20455
20456
20457
20458
20459
20463
20464
20465
20466
20468
20469
20471
20472
20473
20474
20475
20476
20477
20478
20479
20480
20481
20482
20483
20484
20487
20488
20489
20490
20493
20494
20495
20496
20497
20500
20501
20502
20506
20507
20509
20510
20515
20516
20517
20518
20519
20521
20522
20523
20524
20525
20526
20527
20528
20529
20530
20531
20533
20534
20537
20538
20539
20540
20541
20546
20548
20549
20552
20553
20555
20557
20559
20560
20561
20562
20565
20567
20569
20573
20574
20575
20576
20578
20579
20581
20582
20583
20584
20585
20586
20588
20589
20591
20592
20593
20597
20598
20601
20603
20605
20606
20607
20608
20609
20610
20611
20614
20615
20617
20619
20625
20626
20628
20630
20632
20633
20635
20639
20642
20643
20645
20646
20647
20648
20653
20654
20655
20658
20661
20662
20664
20671
20672
20673
20674
20675
20676
20677
20678
20679
20680
20682
20683
20688
20692
20693
20694
20695
20696
20700
20702
20705
20706
20708
20709
20710
20711
20712
20713
20714
20715
20718
20721
20722
20723
20725
20727
20728
20729
20730
20732
20733
20738
20739
20744
20746
20748
20749
20750
20751
20752
20753
20754
20755
20756
20758
20764
20767
20768
20769
20770
20771
20772
20773
20775
20776
20777
20780
20781
20782
20786
20787
20788
20791
20794
20795
20797
20798
20799
20801
20803
20804
20805
20806
20807
20808
20809
20810
20811
20812
20813
20814
20815
20816
20817
20818
20819
20820
20821
20822
20823
20824
20825
20826
20827
20828
20829
20831
20832
20833
20834
20835
20836
20837
20838
20839
20840
20841
20843
20844
20845
20846
20847
20848
20849
20850
20851
20852
20854
20855
20857
20858
20861
20862
20863
20864
20865
20869
20873
20874
20876
20877
20878
20879
20880
20881
20884
20885
20886
20887
20888
20889
20890
20891
20894
20895
20896
20897
20899
20900
20901
20902
20903
20905
20906
20907
20909
20912
20913
20914
20915
20916
20917
20922
20923
20926
20928
20929
20930
20931
20932
20933
20934
20935
20936
20937
20939
20940
20941
20942
20944
20945
20950
20951
20952
20953
20954
20955
20959
20960
20962
20964
20966
20967
20968
20971
20972
20973
20974
20975
20976
20982
20985
20986
20987
20988
20990
20991
20993
20994
20995
20996
20997
21001
21002
21004
21006
21009
21010
21013
21014
21015
21017
21018
21019
21020
21021
21022
21023
21028
21029
21030
21032
21033
21036
21037
21038
21040
21041
21042
21043
21044
21045
21046
21047
21051
21052
21054
21055
21056
21057
21059
21061
21066
21067
21069
21070
21071
21072
21074
21075
21076
21077
21078
21079
21080
21085
21086
21088
21092
21093
21094
21095
21096
21097
21098
21101
21105
21106
21107
21108
21110
21112
21113
21115
21116
21117
21118
21119
21121
21122
21123
21125
21127
21128
21131
21132
21134
21135
21136
21137
21139
21141
21142
21144
21145
21146
21147
21152
21153
21157
21159
21162
21164
21165
21170
21171
21172
21177
21178
21182
21183
21185
21187
21190
21192
21193
21195
21198
21199
21200
21201
21204
21206
21207
21208
21210
21212
21213
21217
21218
21219
21221
21228
21230
21234
21236
21237
21238
21239
21240
21241
21243
21244
21245
21247
21248
21254
21255
21258
21259
21260
21261
21262
21263
21265
21271
21272
21274
21275
21276
21278
21280
21281
21282
21287
21288
21289
21290
21292
21297
21301
21302
21303
21305
21306
21307
21308
21310
21311
21312
21313
21314
21315
21316
21320
21322
21323
21324
21326
21327
21328
21332
21333
21336
21337
21339
21340
21342
21343
21345
21346
21347
21348
21349
21350
21351
21352
21353
21354
21355
21359
21365
21367
21370
21372
21374
21378
21379
21381
21382
21383
21384
21389
21392
21395
21396
21397
21398
21401
21402
21404
21405
21406
21407
21409
21410
21411
21413
21414
21415
21417
21418
21420
21422
21423
21424
21426
21432
21433
21436
21443
21444
21445
21447
21450
21451
21452
21453
21458
21459
21460
21464
21467
21469
21470
21473
21475
21478
21485
21486
21488
21491
21492
21493
21494
21495
21499
21500
21501
21506
21507
21508
21513
21514
21515
21518
21520
21521
21522
21523
21524
21525
21527
21528
21529
21530
21531
21533
21535
21537
21538
21539
21540
21541
21542
21543
21545
21554
21556
21558
21559
21562
21564
21566
21568
21571
21574
21575
21576
21577
21578
21579
21580
21581
21583
21585
21587
21588
21590
21591
21592
21595
21596
21597
21598
21600
21601
21604
21605
21606
21607
21608
21609
21610
21611
21612
21613
21614
21615
21616
21619
21620
21621
21624
21626
21628
21631
21632
21635
21636
21638
21639
21640
21641
21642
21643
21644
21645
21646
21647
21648
21649
21650
21651
21654
21655
21656
21660
21661
21665
21666
21667
21669
21670
21672
21673
21674
21675
21677
21678
21679
21680
21681
21684
21685
21686
21688
21689
21690
21692
21694
21696
21697
21698
21699
21701
21705
21706
21708
21709
21710
21711
21712
21714
21717
21718
21719
21721
21727
21728
21729
21732
21740
21741
21742
21743
21745
21746
21749
21751
21752
21753
21754
21755
21756
21757
21758
21759
21761
21763
21764
21767
21769
21770
21771
21775
21776
21779
21781
21783
21784
21786
21788
21789
21793
21794
21796
21797
21799
21800
21803
21805
21806
21807
21811
21812
21814
21815
21816
21817
21820
21824
21826
21828
21831
21832
21833
21834
21836
21837
21838
21839
21840
21841
21843
21844
21845
21846
21847
21848
21849
21850
21851
21854
21855
21856
21859
21861
21862
21864
21865
21866
21867
21868
21870
21875
21876
21877
21879
21880
21881
21882
21885
21886
21888
21889
21890
21892
21894
21895
21896
21898
21903
21904
21905
21908
21910
21911
21912
21916
21920
21921
21922
21923
21924
21925
21926
21927
21928
21930
21931
21932
21933
21934
21935
21938
21939
21940
21941
21942
21943
21946
21947
21948
21950
21951
21953
21955
21957
21958
21962
21964
21966
21967
21968
21970
21971
21975
21976
21977
21979
21980
21981
21982
21983
21985
21987
21990
21991
21992
21993
21994
21995
22000
22001
22005
22008
22009
22010
22011
22013
22014
22015
22016
22018
22019
22020
22021
22022
22024
22025
22026
22027
22029
22030
22031
22033
22034
22035
22036
22040
22041
22042
22043
22044
22046
22047
22048
22049
22050
22051
22053
22059
22062
22063
22064
22065
22066
22067
22068
22069
22070
22076
22079
22080
22082
22083
22086
22087
22088
22092
22094
22098
22099
22102
22104
22107
22108
22109
22110
22111
22115
22116
22118
22119
22121
22122
22124
22125
22129
22130
22132
22134
22135
22136
22137
22140
22141
22142
22143
22144
22145
22146
22147
22149
22151
22152
22153
22154
22155
22156
22158
22159
22160
22161
22162
22163
22164
22167
22173
22174
22175
22176
22177
22178
22179
22183
22185
22186
22187
22188
22189
22190
22191
22192
22193
22194
22195
22196
22201
22202
22204
22205
22206
22207
22208
22209
22212
22213
22214
22215
22217
22218
22219
22224
22225
22226
22229
22231
22232
22235
22240
22242
22244
22245
22247
22248
22249
22250
22252
22254
22256
22258
22259
22260
22264
22267
22269
22270
22271
22273
22274
22278
22279
22280
22281
22282
22284
22285
22286
22287
22288
22289
22292
22295
22296
22297
22301
22302
22308
22310
22313
22314
22315
22317
22321
22322
22323
22327
22328
22329
22330
22331
22332
22333
22336
22337
22340
22347
22351
22353
22356
22357
22358
22359
22360
22361
22362
22366
22368
22369
22372
22376
22378
22379
22381
22387
22390
22391
22393
22400
22404
22405
22406
22407
22408
22411
22412
22413
22414
22415
22417
22420
22424
22425
22429
22430
22431
22432
22435
22437
22438
22439
22440
22442
22443
22444
22446
22447
22451
22452
22453
22454
22455
22457
22458
22459
22462
22464
22469
22470
22471
22472
22477
22482
22484
22485
22487
22488
22492
22493
22494
22495
22496
22503
22505
22507
22508
22511
22512
22513
22519
22520
22521
22522
22523
22527
22528
22529
22531
22532
22534
22535
22537
22538
22539
22543
22544
22545
22546
22548
22549
22550
22555
22559
22560
22563
22564
22565
22566
22568
22570
22572
22573
22576
22577
22578
22579
22580
22583
22584
22589
22590
22593
22594
22595
22596
22602
22603
22605
22606
22607
22608
22611
22612
22614
22615
22617
22618
22619
22620
22622
22624
22628
22629
22630
22631
22632
22633
22635
22636
22637
22638
22639
22642
22643
22644
22646
22647
22648
22649
22651
22652
22653
22654
22656
22657
22659
22660
22664
22665
22666
22667
22668
22669
22670
22671
22672
22673
22674
22675
22677
22679
22680
22681
22682
22684
22685
22686
22687
22689
22690
22691
22694
22695
22696
22699
22701
22702
22704
22710
22713
22715
22716
22717
22718
22719
22720
22722
22723
22724
22725
22728
22730
22731
22732
22733
22734
22735
22736
22737
22738
22743
22744
22746
22749
22750
22752
22753
22755
22756
22759
22760
22761
22762
22765
22767
22768
22770
22771
22773
22776
22777
22778
22781
22782
22786
22787
22790
22792
22793
22794
22795
22798
22799
22802
22803
22807
22808
22809
22810
22811
22813
22814
22815
22816
22817
22818
22819
22820
22824
22825
22827
22828
22829
22830
22831
22832
22834
22837
22839
22840
22841
22842
22843
22845
22846
22847
22849
22850
22851
22855
22860
22861
22862
22864
22865
22866
22882
22883
22884
22885
22886
22887
22891
22892
22896
22897
22898
22899
22901
22902
22903
22904
22905
22906
22907
22909
22910
22911
22915
22918
22919
22920
22922
22924
22926
22927
22928
22929
22930
22931
22932
22933
22934
22938
22939
22940
22941
22942
22943
22946
22947
22949
22954
22955
22956
22957
22961
22962
22963
22964
22965
22966
22967
22969
22970
22971
22975
22976
22977
22978
22979
22981
22982
22983
22984
22985
22987
22988
22989
22990
22991
22992
22993
22994
22995
22996
22997
22998
22999
23000
23002
23003
23004
23005
23006
23007
23008
23009
23010
23011
23012
23016
23018
23019
23020
23021
23024
23026
23031
23032
23033
23034
23035
23036
23037
23038
23039
23040
23041
23046
23047
23048
23053
23058
23059
23062
23063
23064
23066
23067
23068
23073
23074
23077
23078
23079
23081
23082
23083
23084
23085
23086
23088
23091
23092
23093
23094
23095
23096
23097
23101
23102
23103
23104
23105
23107
23108
23111
23112
23113
23118
23119
23120
23121
23122
23123
23124
23125
23128
23129
23131
23132
23133
23136
23137
23139
23140
23142
23144
23147
23148
23150
23151
23152
23153
23156
23158
23159
23160
23161
23162
23164
23166
23167
23174
23177
23178
23179
23180
23181
23183
23184
23185
23186
23188
23189
23190
23191
23192
23193
23194
23201
23202
23203
23204
23206
23208
23211
23212
23214
23215
23217
23219
23220
23221
23222
23229
23230
23233
23235
23236
23237
23238
23239
23240
23241
23242
23243
23244
23245
23246
23247
23249
23250
23252
23253
23254
23255
23256
23258
23261
23262
23263
23264
23265
23266
23267
23268
23269
23270
23271
23272
23275
23277
23279
23280
23281
23282
23284
23286
23287
23288
23289
23290
23291
23292
23293
23296
23297
23298
23299
23301
23305
23306
23308
23310
23312
23313
23314
23315
23316
23317
23318
23319
23322
23323
23324
23325
23326
23327
23329
23330
23331
23333
23335
23342
23344
23345
23346
23347
23348
23349
23350
23351
23352
23353
23355
23356
23357
23358
23359
23360
23361
23362
23363
23364
23365
23366
23367
23368
23369
23370
23371
23372
23375
23377
23379
23381
23383
23384
23385
23386
23387
23390
23391
23393
23394
23400
23403
23404
23405
23406
23407
23408
23409
23410
23414
23415
23416
23418
23419
23420
23423
23424
23425
23427
23429
23430
23431
23432
23433
23439
23440
23441
23442
23445
23448
23449
23450
23453
23454
23455
23456
23460
23461
23464
23465
23466
23469
23474
23476
23478
23479
23480
23483
23486
23487
23490
23491
23492
23494
23495
23496
23498
23499
23500
23503
23505
23506
23507
23508
23509
23510
23511
23512
23517
23519
23520
23522
23523
23525
23526
23527
23529
23531
23532
23533
23534
23535
23536
23538
23539
23540
23541
23542
23544
23545
23546
23548
23549
23550
23551
23552
23553
23554
23555
23558
23559
23560
23561
23563
23564
23565
23566
23567
23569
23574
23575
23576
23578
23580
23581
23582
23583
23585
23586
23587
23588
23589
23590
23591
23592
23593
23595
23597
23598
23599
23600
23601
23602
23603
23604
23605
23606
23614
23615
23616
23617
23618
23620
23622
23623
23625
23626
23627
23629
23630
23631
23633
23634
23635
23637
23639
23640
23641
23642
23643
23644
23645
23646
23647
23649
23650
23651
23652
23653
23657
23658
23659
23660
23661
23662
23664
23665
23666
23667
23669
23670
23671
23673
23677
23678
23680
23682
23683
23684
23686
23687
23688
23690
23692
23693
23694
23696
23697
23699
23700
23702
23703
23704
23709
23716
23717
23719
23720
23721
23722
23723
23724
23725
23726
23727
23728
23729
23730
23735
23736
23737
23740
23741
23744
23745
23751
23752
23753
23756
23757
23758
23759
23760
23761
23764
23766
23767
23768
23771
23772
23773
23774
23775
23778
23780
23783
23784
23787
23788
23789
23792
23795
23797
23801
23806
23807
23816
23817
23818
23820
23823
23824
23825
23827
23828
23830
23832
23837
23839
23840
23841
23844
23845
23846
23847
23848
23849
23850
23851
23852
23854
23856
23858
23859
23860
23861
23862
23863
23864
23865
23866
23867
23868
23869
23870
23872
23873
23874
23875
23876
23877
23879
23880
23881
23882
23883
23884
23886
23887
23888
23889
23890
23893
23895
23896
23897
23899
23901
23903
23904
23906
23907
23908
23912
23914
23919
23923
23925
23926
23927
23930
23931
23932
23935
23936
23937
23938
23939
23943
23944
23947
23948
23949
23950
23951
23953
23955
23956
23957
23958
23959
23960
23962
23970
23973
23974
23975
23976
23977
23979
23980
23982
23984
23985
23986
23987
23988
23989
23991
23992
23994
23995
23996
23997
23998
23999
24000
24002
24003
24004
24005
24007
24009
24010
24011
24012
24013
24016
24017
24018
24019
24020
24022
24023
24025
24026
24028
24032
24037
24038
24040
24041
24043
24044
24045
24048
24052
24054
24055
24057
24058
24060
24061
24062
24063
24067
24068
24069
24070
24073
24074
24075
24076
24077
24078
24079
24080
24081
24083
24084
24088
24091
24094
24095
24096
24097
24098
24099
24100
24101
24102
24103
24104
24105
24107
24108
24109
24113
24114
24118
24119
24121
24122
24126
24128
24132
24135
24138
24141
24142
24143
24144
24147
24150
24151
24152
24153
24154
24155
24156
24159
24160
24161
24165
24166
24167
24171
24173
24175
24177
24179
24182
24183
24184
24186
24192
24194
24197
24198
24202
24203
24204
24205
24206
24207
24208
24209
24210
24211
24213
24214
24215
24216
24217
24218
24219
24220
24221
24222
24224
24225
24226
24228
24229
24230
24231
24234
24236
24237
24238
24241
24242
24246
24247
24248
24249
24250
24251
24254
24257
24260
24261
24262
24265
24267
24268
24271
24272
24273
24274
24275
24276
24277
24279
24280
24281
24282
24283
24284
24285
24286
24287
24288
24292
24293
24294
24296
24299
24300
24301
24302
24303
24304
24306
24307
24308
24311
24314
24315
24316
24317
24318
24319
24322
24323
24324
24326
24328
24329
24330
24331
24332
24333
24338
24340
24341
24342
24343
24344
24346
24348
24350
24351
24354
24355
24357
24358
24359
24361
24362
24364
24365
24367
24368
24369
24372
24373
24375
24376
24379
24381
24386
24391
24393
24394
24395
24396
24397
24400
24401
24403
24405
24408
24409
24411
24414
24415
24416
24417
24418
24424
24426
24428
24429
24430
24431
24434
24436
24437
24441
24446
24448
24451
24456
24458
24459
24462
24463
24473
24483
24484
24491
24492
24493
24495
24496
24498
24503
24505
24506
24507
24508
24517
24518
24519
24522
24523
24527
24528
24531
24535
24538
24543
24551
24552
24553
24554
24555
24558
24559
24560
24561
24563
24564
24567
24568
24572
24574
24576
24578
24579
24586
24587
24590
24593
24594
24595
24598
24599
24600
24601
24602
24607
24609
24610
24611
24613
24614
24615
24616
24617
24619
24620
24621
24622
24623
24624
24625
24627
24628
24629
24630
24631
24633
24634
24638
24642
24644
24645
24646
24647
24648
24652
24653
24654
24655
24657
24659
24663
24665
24668
24669
24670
24677
24678
24680
24682
24684
24685
24687
24688
24689
24690
24694
24695
24701
24707
24709
24717
24718
24722
24723
24724
24725
24726
24728
24730
24731
24732
24733
24734
24735
24738
24742
24743
24745
24746
24747
24748
24751
24752
24753
24756
24757
24760
24761
24763
24765
24767
24768
24769
24770
24771
24772
24773
24776
24778
24781
24782
24785
24786
24787
24792
24795
24799
24800
24803
24804
24805
24806
24807
24808
24811
24814
24815
24818
24819
24821
24823
24824
24825
24827
24828
24829
24830
24831
24833
24834
24837
24838
24839
24840
24841
24844
24845
24849
24850
24853
24854
24855
24856
24857
24858
24859
24860
24861
24862
24863
24864
24865
24866
24867
24869
24871
24872
24873
24874
24875
24876
24879
24880
24881
24882
24883
24884
24885
24886
24889
24890
24891
24898
24900
24901
24902
24903
24904
24906
24907
24909
24911
24912
24913
24915
24916
24917
24918
24919
24920
24922
24924
24926
24927
24929
24931
24935
24936
24937
24940
24941
24942
24943
24944
24945
24946
24947
24948
24949
24951
24956
24957
24962
24963
24964
24966
24968
24969
24973
24974
24976
24977
24980
24981
24982
24983
24985
24988
24989
24990
24993
24994
24995
24996
24997
24998
24999
25000
25002
25004
25005
25006
25008
25009
25010
25011
25012
25013
25014
25015
25017
25019
25023
25024
25025
25026
25027
25028
25029
25032
25034
25037
25038
25041
25042
25043
25044
25045
25046
25047
25050
25051
25053
25054
25055
25058
25061
25064
25065
25067
25068
25069
25072
25074
25078
25080
25081
25083
25084
25085
25086
25088
25089
25090
25092
25093
25094
25095
25096
25097
25098
25100
25101
25103
25104
25105
25107
25108
25109
25110
25111
25113
25114
25115
25116
25117
25118
25119
25122
25123
25126
25127
25128
25129
25130
25132
25133
25134
25138
25139
25141
25142
25143
25144
25145
25146
25149
25150
25152
25153
25155
25156
25158
25162
25163
25164
25165
25166
25167
25168
25169
25170
25171
25172
25175
25176
25177
25178
25183
25187
25188
25189
25190
25192
25193
25194
25195
25196
25197
25199
25200
25201
25202
25204
25205
25209
25210
25211
25214
25215
25216
25217
25218
25220
25221
25224
25225
25227
25228
25229
25230
25231
25233
25234
25235
25237
25240
25241
25242
25243
25246
25247
25248
25249
25250
25252
25253
25254
25256
25257
25258
25259
25260
25262
25264
25265
25266
25269
25270
25271
25272
25273
25274
25276
25279
25280
25281
25283
25284
25287
25288
25290
25291
25295
25296
25297
25298
25299
25301
25302
25305
25306
25307
25308
25311
25317
25318
25322
25323
25324
25326
25327
25328
25329
25331
25332
25333
25334
25335
25336
25338
25339
25340
25341
25343
25344
25346
25347
25348
25349
25350
25351
25354
25355
25356
25358
25360
25362
25363
25364
25365
25367
25368
25369
25370
25380
25381
25382
25384
25385
25386
25387
25389
25390
25391
25393
25401
25404
25405
25406
25408
25409
25412
25413
25414
25415
25416
25419
25420
25421
25423
25426
25427
25428
25430
25432
25433
25436
25437
25438
25440
25445
25446
25449
25450
25451
25453
25455
25456
25457
25458
25461
25462
25463
25467
25468
25469
25474
25475
25476
25477
25478
25479
25480
25482
25483
25484
25485
25486
25487
25489
25490
25491
25493
25494
25496
25497
25498
25500
25501
25502
25503
25504
25505
25506
25507
25509
25510
25511
25515
25516
25517
25518
25520
25524
25525
25527
25528
25530
25531
25534
25535
25536
25538
25539
25542
25543
25544
25546
25547
25549
25551
25555
25558
25560
25562
25563
25564
25565
25568
25569
25571
25573
25574
25575
25576
25580
25583
25584
25585
25588
25589
25590
25591
25592
25593
25594
25595
25596
25597
25598
25600
25602
25604
25605
25611
25612
25613
25614
25616
25617
25619
25620
25621
25622
25623
25627
25630
25632
25636
25637
25638
25640
25641
25642
25644
25645
25646
25647
25648
25649
25651
25653
25655
25657
25658
25660
25661
25662
25663
25664
25666
25667
25668
25669
25670
25671
25672
25673
25674
25677
25678
25680
25682
25683
25684
25687
25688
25690
25691
25692
25693
25695
25697
25698
25700
25701
25703
25706
25707
25708
25710
25711
25712
25714
25715
25716
25717
25718
25719
25721
25722
25723
25724
25725
25726
25727
25730
25731
25732
25733
25734
25735
25737
25738
25740
25741
25742
25745
25746
25747
25748
25751
25752
25753
25754
25756
25758
25759
25760
25763
25766
25768
25773
25774
25775
25777
25778
25779
25783
25784
25785
25786
25787
25788
25793
25800
25803
25809
25811
25813
25814
25818
25819
25820
25821
25824
25828
25831
25835
25837
25838
25839
25842
25844
25848
25849
25856
25859
25861
25862
25869
25872
25875
25879
25882
25883
25903
25906
25909
25910
25911
25912
25921
25923
25926
25927
25928
25929
25931
25934
25935
25936
25937
25942
25946
25947
25950
25953
25955
25961
25962
25963
25964
25974
25975
25977
25980
25982
25988
25996
26000
26005
26009
26010
26014
26017
26018
26021
26022
26023
26024
26025
26030
26031
26032
26034
26038
26039
26041
26043
26051
26055
26058
26059
26060
26068
26075
26078
26079
26083
26086
26091
26098
26099
26100
26105
26107
26109
26112
26113
26114
26115
26116
26117
26119
26120
26121
26124
26125
26131
26132
26134
26135
26136
26139
26140
26146
26149
26150
26151
26155
26156
26157
26158
26159
26160
26162
26163
26164
26170
26171
26172
26173
26174
26176
26177
26182
26185
26186
26188
26189
26190
26192
26193
26194
26201
26203
26204
26205
26206
26207
26210
26216
26217
26218
26221
26224
26229
26233
26234
26238
26239
26244
26247
26248
26250
26254
26259
26260
26261
26262
26263
26267
26269
26270
26271
26272
26275
26277
26282
26283
26284
26285
26288
26291
26292
26294
26297
26298
26299
26300
26306
26307
26309
26311
26317
26323
26326
26327
26328
26329
26331
26332
26333
26334
26336
26339
26342
26343
26345
26346
26347
26349
26352
26354
26355
26356
26363
26364
26366
26369
26372
26373
26378
26379
26382
26383
26384
26385
26386
26389
26391
26393
26394
26395
26398
26399
26401
26402
26405
26406
26409
26410
26411
26412
26415
26420
26421
26422
26427
26428
26429
26431
26440
26441
26442
26444
26445
26447
26449
26452
26458
26460
26467
26468
26469
26470
26471
26472
26475
26476
26480
26482
26483
26484
26485
26489
26493
26498
26500
26502
26503
26504
26505
26506
26507
26508
26509
26513
26514
26518
26521
26522
26525
26526
26527
26530
26531
26535
26537
26538
26542
26544
26546
26547
26548
26551
26553
26554
26555
26556
26558
26561
26562
26563
26567
26568
26570
26573
26582
26584
26586
26587
26589
26590
26596
26597
26602
26605
26607
26609
26612
26613
26616
26620
26621
26623
26625
26626
26633
26635
26639
26641
26642
26643
26649
26650
26657
26658
26661
26666
26669
26671
26675
26681
26690
26691
26694
26696
26698
26703
26704
26706
26707
26710
26711
26712
26713
26717
26721
26723
26724
26726
26727
26733
26735
26736
26738
26742
26744
26746
26747
26748
26749
26752
26753
26754
26756
26757
26765
26766
26771
26778
26779
26784
26785
26786
26787
26788
26789
26790
26796
26797
26798
26799
26804
26805
26806
26807
26809
26810
26811
26814
26818
26821
26822
26825
26826
26828
26830
26831
26833
26834
26843
26844
26846
26848
26852
26853
26854
26859
26862
26863
26864
26866
26868
26871
26873
26874
26875
26876
26882
26884
26885
26886
26887
26888
26891
26892
26893
26894
26895
26899
26902
26906
26909
26910
26913
26914
26915
26917
26919
26920
26921
26922
26923
26924
26927
26928
26929
26931
26932
26933
26934
26935
26936
26937
26938
26941
26942
26945
26946
26948
26949
26950
26951
26952
26953
26954
26955
26956
26958
26959
26960
26962
26963
26964
26966
26968
26969
26970
26973
26974
26975
26976
26977
26979
26980
26984
26986
26987
26988
26993
26994
27000
27001
27003
27005
27007
27009
27010
27013
27016
27018
27020
27021
27022
27023
27024
27026
27027
27028
27029
27030
27033
27034
27035
27037
27038
27040
27041
27044
27046
27048
27052
27054
27056
27060
27061
27065
27066
27067
27068
27069
27070
27071
27072
27073
27075
27076
27077
27078
27079
27080
27081
27083
27086
27089
27090
27091
27092
27093
27094
27095
27096
27098
27099
27100
27101
27102
27103
27104
27105
27106
27107
27108
27109
27110
27111
27115
27116
27119
27120
27121
27122
27123
27124
27128
27129
27130
27138
27139
27140
27142
27143
27144
27145
27146
27149
27150
27151
27153
27155
27156
27157
27158
27159
27160
27163
27165
27166
27167
27170
27171
27173
27174
27176
27178
27179
27180
27183
27184
27186
27187
27188
27189
27190
27192
27193
27194
27195
27196
27199
27200
27201
27205
27206
27209
27210
27211
27212
27214
27215
27216
27222
27223
27224
27227
27228
27229
27230
27231
27232
27234
27235
27237
27238
27239
27240
27244
27248
27249
27251
27252
27253
27254
27255
27256
27257
27260
27261
27262
27263
27264
27265
27267
27268
27269
27271
27273
27274
27278
27280
27283
27284
27285
27286
27287
27288
27291
27292
27293
27296
27297
27299
27300
27301
27302
27303
27304
27309
27313
27314
27315
27317
27319
27329
27330
27331
27332
27334
27335
27337
27338
27339
27340
27341
27343
27344
27346
27347
27350
27351
27352
27353
27354
27355
27357
27358
27359
27360
27361
27363
27364
27365
27368
27369
27371
27372
27373
27374
27375
27377
27378
27379
27380
27381
27382
27383
27384
27385
27392
27393
27395
27396
27397
27399
27400
27408
27410
27411
27412
27413
27415
27416
27417
27418
27419
27420
27421
27422
27423
27424
27425
27429
27430
27431
27432
27433
27435
27436
27437
27439
27440
27441
27443
27445
27446
27448
27449
27450
27451
27453
27454
27455
27456
27458
27459
27460
27461
27462
27464
27465
27466
27467
27468
27469
27471
27472
27474
27475
27476
27479
27480
27482
27485
27486
27487
27488
27492
27493
27494
27495
27496
27498
27499
27500
27501
27507
27509
27510
27511
27512
27515
27516
27517
27519
27520
27521
27522
27523
27524
27527
27528
27529
27530
27531
27532
27533
27534
27535
27536
27537
27538
27542
27543
27544
27546
27547
27548
27549
27550
27552
27554
27555
27556
27557
27559
27560
27561
27562
27563
27564
27567
27568
27569
27570
27571
27572
27574
27575
27576
27577
27578
27579
27581
27582
27583
27584
27586
27587
27588
27589
27590
27591
27592
27593
27594
27596
27597
27598
27599
27600
27601
27602
27603
27604
27605
27606
27607
27608
27609
27610
27611
27612
27613
27614
27615
27616
27618
27619
27620
27621
27622
27623
27624
27625
27626
27627
27628
27629
27632
27633
27634
27636
27637
27638
27639
27640
27641
27642
27643
27644
27645
27646
27647
27649
27650
27651
27652
27653
27654
27655
27656
27657
27658
27659
27660
27661
27663
27665
27666
27667
27668
27669
27670
27671
27672
27674
27675
27680
27681
27682
27683
27684
27685
27686
27689
27690
27694
27695
27697
27698
27699
27700
27703
27705
27707
27708
27709
27711
27713
27714
27715
27717
27718
27719
27720
27721
27722
27723
27724
27725
27726
27727
27728
27729
27730
27731
27732
27733
27735
27736
27737
27738
27739
27740
27741
27742
27743
27745
27746
27748
27750
27754
27755
27756
27757
27758
27759
27760
27761
27763
27765
27766
27767
27771
27772
27773
27776
27777
27778
27779
27780
27781
27783
27784
27785
27787
27788
27791
27794
27795
27796
27797
27798
27799
27802
27803
27804
27807
27808
27810
27811
27812
27814
27817
27818
27820
27821
27822
27824
27826
27827
27828
27829
27830
27833
27834
27836
27837
27838
27839
27840
27845
27846
27847
27849
27850
27851
27852
27855
27856
27857
27858
27859
27860
27861
27862
27864
27865
27866
27869
27870
27871
27873
27874
27875
27877
27878
27879
27880
27881
27882
27883
27884
27885
27887
27888
27889
27892
27893
27894
27895
27896
27897
27900
27901
27903
27904
27905
27906
27907
27911
27915
27916
27917
27918
27919
27920
27922
27925
27926
27927
27928
27929
27930
27932
27933
27934
27936
27937
27938
27941
27942
27944
27945
27946
27947
27948
27949
27950
27951
27952
27953
27954
27955
27956
27957
27958
27959
27960
27961
27962
27963
27964
27965
27967
27968
27969
27970
27971
27972
27973
27975
27978
27979
27981
27983
27984
27985
27986
27987
27988
27990
27991
27992
27993
27994
27995
27996
27997
27998
27999
28001
28002
28003
28006
28007
28008
28010
28011
28012
28013
28014
28015
28016
28017
28018
28020
28021
28022
28023
28026
28027
28028
28029
28031
28033
28035
28036
28037
28039
28042
28045
28046
28047
28048
28049
28050
28051
28052
28053
28054
28055
28056
28057
28058
28059
28060
28061
28062
28063
28064
28065
28066
28067
28068
28070
28071
28072
28074
28075
28076
28077
28078
28079
28080
28081
28082
28084
28085
28088
28089
28090
28094
28095
28096
28097
28098
28100
28101
28103
28104
28105
28107
28108
28109
28110
28112
28113
28115
28117
28118
28119
28121
28122
28123
28124
28125
28126
28127
28128
28129
28130
28133
28135
28136
28137
28138
28139
28141
28143
28144
28145
28147
28148
28149
28151
28153
28154
28156
28157
28159
28160
28162
28163
28164
28166
28167
28169
28170
28171
28172
28175
28176
28177
28178
28179
28180
28181
28184
28185
28188
28189
28192
28194
28198
28200
28201
28202
28203
28205
28208
28209
28210
28211
28212
28213
28216
28217
28219
28221
28222
28223
28225
28228
28229
28231
28232
28233
28234
28235
28236
28237
28238
28239
28242
28243
28244
28245
28246
28247
28248
28249
28250
28251
28252
28255
28256
28257
28259
28262
28264
28265
28267
28268
28270
28271
28272
28273
28275
28277
28279
28280
28282
28283
28285
28286
28287
28288
28289
28291
28292
28294
28295
28296
28297
28299
28300
28304
28305
28307
28308
28309
28311
28312
28313
28314
28315
28316
28317
28318
28319
28321
28322
28323
28324
28326
28327
28328
28329
28330
28331
28332
28333
28334
28335
28336
28337
28338
28339
28341
28343
28344
28345
28346
28347
28348
28350
28352
28353
28354
28356
28358
28359
28360
28361
28362
28363
28364
28365
28366
28367
28368
28369
28370
28372
28373
28374
28375
28376
28377
28378
28379
28380
28382
28383
28384
28385
28388
28389
28390
28391
28392
28393
28394
28396
28397
28399
28400
28401
28402
28403
28405
28407
28408
28410
28411
28412
28413
28414
28415
28416
28417
28418
28419
28422
28423
28424
28427
28428
28429
28430
28431
28432
28433
28434
28435
28436
28437
28438
28439
28440
28441
28442
28444
28445
28447
28448
28450
28451
28452
28453
28455
28456
28457
28459
28460
28461
28462
28463
28464
28465
28466
28467
28468
28469
28470
28472
28473
28475
28476
28477
28478
28479
28480
28481
28482
28483
28484
28485
28486
28487
28488
28489
28490
28491
28492
28493
28494
28495
28496
28497
28498
28501
28502
28503
28504
28505
28506
28507
28508
28509
28510
28511
28512
28513
28514
28516
28517
28518
28519
28520
28521
28523
28525
28526
28527
28528
28529
28531
28532
28535
28537
28538
28539
28542
28543
28544
28545
28546
28547
28549
28550
28552
28553
28554
28555
28556
28559
28560
28561
28562
28563
28564
28566
28567
28568
28569
28570
28571
28573
28574
28575
28578
28579
28584
28585
28586
28587
28588
28589
28590
28591
28593
28594
28595
28596
28597
28598
28599
28600
28601
28602
28606
28608
28609
28611
28612
28613
28614
28615
28616
28617
28619
28621
28622
28623
28624
28626
28627
28628
28631
28632
28634
28638
28639
28640
28642
28643
28644
28646
28650
28651
28652
28653
28654
28655
28657
28658
28659
28661
28662
28664
28665
28666
28668
28669
28670
28671
28672
28673
28674
28675
28676
28677
28678
28679
28680
28681
28682
28683
28684
28685
28686
28687
28688
28689
28690
28692
28693
28694
28695
28696
28697
28699
28700
28701
28702
28703
28704
28706
28707
28710
28711
28712
28713
28714
28715
28716
28718
28719
28720
28722
28723
28724
28725
28726
28727
28728
28729
28730
28731
28732
28733
28735
28736
28737
28738
28739
28740
28741
28742
28743
28744
28745
28746
28747
28748
28749
28750
28751
28752
28753
28754
28755
28756
28758
28759
28760
28761
28762
28763
28764
28765
28766
28767
28768
28769
28770
28771
28772
28773
28774
28775
28776
28777
28778
28779
28781
28782
28783
28787
28788
28789
28790
28791
28792
28795
28799
28800
28802
28803
28804
28805
28807
28808
28809
28810
28812
28813
28814
28816
28819
28820
28821
28822
28823
28824
28825
28826
28827
28828
28829
28830
28831
28833
28834
28835
28836
28837
28838
28839
28840
28842
28843
28844
28845
28846
28847
28848
28849
28850
28851
28852
28853
28854
28855
28860
28861
28862
28863
28864
28865
28866
28867
28869
28870
28871
28872
28873
28874
28875
28876
28877
28878
28879
28881
28884
28885
28886
28887
28888
28891
28892
28893
28894
28895
28896
28897
28899
28900
28901
28903
28904
28905
28906
28907
28908
28909
28910
28915
28916
28917
28918
28919
28920
28921
28923
28924
28925
28926
28928
28929
28930
28932
28933
28935
28936
28937
28938
28939
28940
28941
28942
28943
28944
28945
28946
28947
28948
28949
28950
28951
28953
28954
28955
28956
28959
28960
28961
28962
28963
28964
28965
28966
28967
28968
28969
28970
28971
28972
28976
28977
28978
28981
28982
28985
28987
28988
28989
28990
28991
28992
28994
28995
28996
28997
28999
29000
29001
29002
29005
29006
29007
29009
29010
29012
29013
29014
29016
29017
29018
29019
29021
29022
29023
29024
29025
29028
29029
29031
29032
29033
29034
29035
29043
29044
29045
29046
29047
29048
29052
29053
29054
29055
29056
29058
29059
29061
29062
29063
29065
29066
29068
29069
29071
29072
29073
29074
29075
29076
29077
29079
29082
29083
29084
29086
29087
29088
29089
29090
29091
29092
29093
29096
29097
29098
29099
29100
29101
29102
29103
29104
29105
29107
29111
29112
29113
29114
29115
29117
29118
29119
29120
29121
29122
29124
29125
29127
29128
29129
29131
29132
29133
29134
29136
29137
29138
29142
29143
29144
29145
29146
29147
29148
29149
29150
29151
29153
29154
29155
29156
29157
29158
29159
29160
29161
29162
29163
29165
29166
29167
29169
29170
29171
29173
29174
29175
29176
29177
29178
29179
29181
29182
29183
29184
29187
29188
29190
29191
29192
29193
29195
29196
29198
29199
29204
29205
29206
29209
29210
29211
29212
29213
29214
29216
29219
29220
29221
29223
29224
29225
29226
29227
29228
29229
29232
29235
29237
29238
29239
29240
29244
29245
29246
29250
29253
29254
29256
29257
29259
29261
29262
29263
29264
29265
29266
29267
29268
29269
29271
29272
29273
29275
29276
29277
29278
29279
29280
29282
29283
29284
29285
29287
29288
29290
29291
29292
29295
29296
29298
29299
29300
29301
29303
29305
29311
29312
29314
29315
29316
29317
29319
29320
29321
29322
29323
29324
29327
29328
29331
29332
29333
29334
29335
29336
29337
29338
29339
29345
29347
29348
29349
29350
29351
29353
29354
29355
29356
29357
29358
29359
29360
29361
29362
29365
29366
29367
29368
29370
29371
29372
29374
29375
29376
29378
29379
29380
29381
29384
29385
29386
29389
29390
29393
29394
29397
29398
29399
29402
29403
29404
29405
29408
29409
29410
29411
29412
29413
29414
29415
29416
29417
29418
29419
29420
29421
29422
29424
29425
29426
29427
29435
29437
29439
29440
29441
29442
29443
29447
29448
29451
29455
29456
29458
29459
29460
29461
29462
29463
29464
29465
29466
29467
29468
29470
29471
29472
29473
29475
29477
29478
29480
29481
29482
29483
29488
29489
29490
29491
29492
29493
29494
29497
29499
29500
29501
29502
29503
29504
29506
29507
29508
29509
29511
29512
29513
29515
29517
29518
29519
29520
29521
29522
29523
29524
29525
29527
29530
29535
29536
29537
29538
29539
29540
29541
29542
29544
29545
29546
29547
29548
29549
29550
29551
29552
29553
29555
29556
29557
29558
29559
29561
29562
29563
29564
29565
29566
29569
29570
29572
29577
29578
29583
29585
29586
29587
29588
29589
29590
29591
29592
29593
29594
29595
29596
29599
29600
29601
29603
29604
29606
29607
29608
29610
29611
29614
29615
29616
29620
29621
29622
29624
29629
29630
29631
29632
29634
29635
29636
29639
29640
29642
29644
29645
29646
29647
29648
29649
29650
29652
29653
29654
29655
29657
29658
29659
29660
29662
29663
29664
29667
29669
29670
29671
29672
29674
29675
29676
29677
29678
29679
29680
29681
29682
29683
29685
29686
29687
29688
29689
29690
29691
29692
29694
29695
29696
29697
29698
29699
29700
29704
29705
29706
29707
29709
29710
29711
29712
29716
29719
29720
29721
29723
29724
29725
29727
29733
29734
29735
29736
29737
29739
29744
29745
29747
29748
29749
29752
29753
29756
29757
29758
29759
29760
29761
29762
29763
29765
29768
29769
29770
29771
29773
29774
29775
29776
29777
29778
29780
29781
29783
29784
29785
29786
29788
29789
29790
29792
29794
29795
29797
29798
29799
29800
29801
29803
29804
29806
29808
29809
29810
29811
29813
29816
29818
29820
29821
29823
29825
29828
29829
29830
29831
29832
29833
29834
29836
29839
29840
29844
29846
29847
29848
29849
29851
29853
29856
29858
29859
29860
29862
29863
29864
29866
29867
29868
29871
29872
29875
29876
29877
29878
29879
29882
29884
29887
29888
29889
29890
29891
29892
29893
29894
29895
29896
29898
29900
29901
29903
29904
29905
29906
29907
29908
29909
29910
29911
29912
29913
29914
29915
29916
29919
29922
29925
29926
29927
29928
29929
29930
29931
29933
29934
29935
29936
29937
29938
29939
29940
29941
29943
29944
29946
29947
29948
29949
29950
29951
29952
29954
29955
29956
29958
29959
29960
29963
29964
29965
29966
29967
29968
29973
29975
29976
29978
29979
29980
29982
29984
29985
29986
29988
29990
29992
29993
29995
29998
29999
30000
30002
30004
30005
30007
30008
30010
30011
30012
30013
30014
30015
30019
30020
30021
30027
30028
30030
30031
30032
30035
30037
30040
30041
30042
30043
30044
30045
30046
30047
30048
30049
30052
30054
30056
30057
30058
30061
30063
30064
30065
30068
30069
30070
30071
30072
30074
30076
30077
30078
30081
30082
30083
30084
30086
30087
30088
30090
30097
30098
30104
30105
30106
30108
30109
30111
30112
30113
30114
30115
30118
30120
30122
30124
30126
30127
30128
30129
30130
30131
30132
30133
30134
30135
30139
30141
30143
30144
30145
30146
30149
30150
30151
30152
30153
30157
30161
30165
30166
30167
30168
30170
30172
30174
30177
30179
30180
30182
30183
30184
30187
30189
30190
30191
30192
30194
30195
30199
30200
30202
30203
30204
30207
30211
30212
30213
30214
30219
30220
30221
30222
30223
30224
30225
30226
30227
30228
30229
30231
30232
30235
30236
30237
30238
30239
30240
30241
30242
30243
30244
30245
30246
30247
30248
30249
30250
30252
30254
30255
30256
30257
30259
30260
30261
30262
30263
30266
30267
30268
30269
30270
30272
30273
30274
30275
30276
30277
30278
30280
30281
30282
30283
30284
30285
30286
30287
30288
30289
30290
30293
30294
30295
30296
30297
30298
30299
30300
30301
30303
30306
30307
30308
30309
30310
30314
30315
30318
30319
30320
30321
30322
30323
30324
30325
30326
30327
30328
30330
30331
30332
30333
30334
30335
30336
30338
30340
30341
30342
30343
30344
30346
30347
30350
30351
30352
30353
30355
30356
30357
30358
30360
30363
30366
30367
30369
30370
30371
30372
30373
30374
30378
30379
30381
30384
30386
30388
30389
30390
30391
30392
30393
30394
30395
30397
30398
30402
30403
30405
30406
30407
30408
30409
30410
30413
30414
30418
30419
30420
30422
30423
30424
30425
30426
30427
30430
30431
30432
30433
30434
30435
30436
30437
30438
30439
30440
30441
30442
30443
30444
30445
30446
30447
30448
30449
30450
30451
30452
30453
30454
30455
30456
30457
30458
30459
30460
30461
30463
30464
30465
30466
30467
30468
30469
30470
30471
30472
30473
30474
30476
30477
30478
30479
30482
30483
30484
30486
30487
30488
30489
30490
30491
30492
30494
30495
30496
30497
30498
30499
30501
30504
30508
30509
30510
30511
30512
30513
30518
30519
30521
30522
30526
30527
30528
30530
30534
30536
30537
30539
30540
30544
30545
30547
30548
30550
30551
30557
30559
30560
30561
30562
30563
30564
30565
30567
30568
30569
30571
30573
30574
30576
30577
30578
30579
30580
30581
30582
30584
30585
30586
30587
30589
30590
30591
30592
30593
30594
30596
30597
30598
30599
30600
30602
30603
30608
30610
30611
30612
30613
30614
30615
30616
30619
30620
30623
30624
30626
30627
30628
30629
30633
30635
30636
30637
30641
30642
30643
30650
30651
30652
30653
30654
30655
30656
30657
30659
30660
30661
30663
30664
30665
30666
30667
30668
30669
30670
30672
30674
30675
30677
30678
30679
30681
30684
30685
30686
30687
30690
30691
30692
30693
30695
30698
30699
30700
30701
30702
30704
30705
30706
30708
30711
30714
30715
30716
30717
30718
30720
30721
30724
30725
30726
30728
30729
30730
30731
30732
30733
30734
30735
30736
30738
30739
30740
30741
30742
30745
30746
30747
30748
30749
30750
30751
30752
30754
30758
30760
30761
30763
30764
30765
30768
30770
30772
30773
30776
30778
30779
30780
30781
30782
30786
30787
30788
30789
30790
30791
30795
30796
30797
30798
30800
30801
30802
30803
30807
30808
30811
30812
30813
30814
30817
30818
30819
30820
30821
30823
30825
30826
30827
30828
30830
30831
30832
30833
30835
30837
30838
30839
30840
30841
30842
30845
30846
30847
30848
30850
30851
30852
30857
30858
30859
30860
30865
30868
30870
30871
30872
30876
30877
30878
30879
30881
30882
30883
30886
30887
30888
30890
30891
30892
30893
30895
30897
30898
30900
30903
30904
30905
30907
30910
30911
30912
30913
30914
30920
30921
30923
30925
30926
30928
30929
30930
30944
30947
30951
30952
30954
30955
30960
30961
30965
30966
30967
30968
30969
30972
30973
30975
30977
30980
30985
30986
30987
30988
30990
30991
30992
30993
30995
30996
30998
31002
31003
31005
31006
31007
31009
31010
31011
31012
31015
31016
31017
31018
31019
31021
31022
31023
31024
31025
31026
31027
31028
31030
31032
31033
31034
31035
31036
31038
31041
31043
31045
31046
31047
31048
31049
31053
31054
31056
31060
31061
31063
31064
31065
31067
31075
31077
31078
31081
31082
31083
31085
31086
31087
31088
31090
31093
31094
31095
31096
31097
31098
31099
31105
31106
31107
31108
31109
31111
31112
31115
31116
31118
31119
31120
31123
31125
31126
31130
31132
31133
31134
31135
31139
31141
31142
31143
31144
31145
31146
31151
31152
31155
31157
31158
31160
31161
31162
31163
31164
31165
31167
31168
31169
31170
31171
31172
31173
31178
31179
31180
31184
31188
31189
31190
31191
31193
31195
31196
31198
31200
31201
31203
31206
31211
31214
31216
31218
31219
31222
31223
31226
31227
31228
31229
31230
31232
31233
31234
31238
31239
31241
31242
31243
31244
31245
31247
31249
31250
31251
31253
31254
31257
31259
31262
31263
31265
31268
31269
31276
31277
31279
31280
31281
31285
31288
31289
31295
31297
31298
31299
31303
31304
31305
31306
31307
31308
31310
31311
31312
31313
31314
31315
31316
31318
31319
31320
31324
31325
31326
31331
31333
31334
31335
31336
31338
31339
31340
31342
31345
31346
31347
31348
31349
31351
31353
31356
31360
31364
31365
31366
31367
31368
31369
31370
31371
31372
31374
31375
31377
31378
31379
31380
31381
31384
31385
31386
31389
31390
31393
31394
31395
31397
31399
31403
31404
31405
31406
31407
31408
31409
31410
31411
31412
31414
31415
31418
31419
31420
31421
31423
31424
31425
31426
31427
31428
31429
31430
31432
31433
31434
31435
31437
31441
31448
31449
31451
31452
31453
31454
31455
31457
31458
31460
31461
31463
31464
31465
31466
31467
31468
31471
31473
31474
31475
31476
31478
31479
31480
31482
31483
31486
31487
31489
31490
31491
31492
31494
31495
31496
31500
31501
31502
31503
31507
31509
31510
31511
31512
31513
31514
31515
31519
31521
31523
31527
31530
31531
31533
31534
31536
31537
31538
31540
31544
31545
31546
31547
31548
31549
31551
31552
31553
31554
31555
31557
31558
31559
31560
31561
31564
31565
31569
31571
31573
31574
31575
31577
31578
31580
31581
31582
31583
31584
31585
31586
31587
31588
31590
31591
31592
31594
31598
31600
31602
31603
31606
31607
31608
31609
31610
31611
31613
31614
31615
31616
31617
31619
31620
31622
31624
31627
31629
31630
31631
31632
31633
31636
31637
31638
31639
31641
31644
31645
31646
31647
31648
31649
31651
31652
31656
31657
31658
31659
31661
31663
31665
31666
31667
31672
31675
31676
31678
31681
31683
31684
31689
31696
31700
31704
31705
31707
31709
31714
31715
31716
31717
31718
31720
31721
31722
31725
31728
31731
31732
31733
31735
31736
31737
31738
31741
31742
31743
31744
31745
31746
31747
31748
31749
31750
31751
31754
31755
31756
31759
31760
31763
31764
31765
31766
31768
31769
31771
31772
31775
31776
31778
31779
31782
31784
31786
31787
31788
31789
31790
31791
31792
31794
31796
31797
31799
31800
31801
31802
31803
31804
31806
31808
31810
31812
31813
31817
31818
31820
31823
31824
31825
31827
31828
31831
31832
31833
31834
31840
31841
31843
31844
31846
31851
31854
31855
31856
31858
31863
31872
31874
31876
31877
31879
31880
31881
31883
31884
31885
31886
31887
31889
31890
31891
31892
31894
31895
31896
31897
31898
31899
31901
31903
31904
31906
31907
31911
31912
31913
31916
31917
31918
31921
31927
31928
31929
31930
31931
31932
31936
31937
31938
31939
31941
31944
31945
31947
31948
31950
31951
31953
31955
31956
31957
31958
31959
31960
31962
31963
31964
31965
31966
31967
31969
31970
31971
31972
31974
31979
31980
31981
31982
31983
31984
31985
31986
31987
31988
31990
31991
31992
31993
31996
31998
32000
32001
32002
32004
32005
32006
32007
32008
32009
32011
32014
32016
32017
32019
32020
32022
32023
32024
32025
32027
32030
32032
32035
32037
32038
32039
32042
32043
32044
32046
32047
32049
32051
32052
32054
32055
32058
32059
32060
32062
32063
32064
32065
32068
32069
32070
32071
32072
32073
32075
32076
32077
32078
32079
32080
32084
32085
32089
32090
32091
32093
32094
32095
32097
32098
32099
32100
32101
32102
32103
32105
32106
32107
32109
32110
32112
32113
32114
32115
32116
32117
32118
32120
32123
32124
32127
32128
32129
32131
32134
32135
32136
32147
32148
32150
32151
32152
32156
32157
32160
32162
32165
32166
32167
32168
32169
32171
32172
32173
32174
32175
32176
32179
32180
32186
32187
32188
32189
32190
32191
32194
32195
32196
32197
32199
32200
32202
32203
32204
32205
32206
32208
32210
32211
32212
32216
32218
32219
32220
32221
32222
32223
32225
32229
32230
32231
32234
32235
32236
32237
32238
32239
32240
32241
32243
32244
32247
32248
32249
32250
32251
32252
32253
32254
32256
32257
32258
32262
32263
32264
32265
32266
32267
32270
32271
32272
32275
32276
32278
32279
32282
32283
32284
32285
32286
32287
32288
32291
32292
32294
32295
32296
32298
32299
32300
32301
32302
32305
32306
32311
32312
32314
32318
32319
32320
32321
32323
32324
32325
32326
32328
32330
32332
32335
32336
32337
32338
32339
32341
32342
32345
32346
32348
32349
32350
32351
32353
32354
32356
32357
32360
32361
32362
32364
32365
32366
32369
32371
32372
32374
32375
32378
32381
32382
32384
32386
32387
32388
32389
32391
32392
32393
32395
32397
32398
32399
32407
32408
32411
32412
32413
32414
32415
32416
32417
32418
32419
32420
32425
32432
32433
32434
32435
32436
32439
32441
32443
32444
32446
32447
32448
32449
32450
32452
32455
32456
32457
32459
32460
32461
32462
32463
32464
32465
32466
32467
32468
32469
32471
32472
32474
32475
32476
32477
32479
32480
32481
32482
32483
32484
32485
32486
32487
32491
32492
32494
32496
32497
32498
32499
32500
32501
32502
32504
32508
32509
32510
32511
32512
32513
32516
32517
32518
32520
32522
32523
32524
32525
32526
32527
32528
32529
32530
32531
32532
32533
32534
32536
32537
32539
32540
32541
32542
32544
32548
32550
32551
32552
32555
32558
32559
32560
32561
32562
32563
32565
32566
32567
32568
32569
32570
32571
32572
32573
32574
32575
32576
32577
32578
32579
32580
32582
32583
32585
32586
32587
32588
32589
32590
32594
32595
32596
32597
32598
32599
32600
32602
32607
32608
32609
32610
32612
32613
32614
32616
32618
32620
32621
32622
32623
32625
32626
32628
32630
32631
32632
32633
32634
32636
32637
32638
32640
32641
32643
32645
32647
32648
32649
32650
32651
32652
32654
32655
32656
32657
32658
32659
32660
32662
32663
32664
32665
32666
32667
32670
32671
32672
32675
32677
32678
32679
32680
32681
32682
32684
32686
32687
32688
32691
32692
32693
32694
32696
32699
32700
32701
32702
32703
32704
32707
32708
32710
32711
32712
32714
32715
32716
32717
32718
32719
32723
32725
32726
32728
32729
32730
32731
32732
32733
32734
32737
32738
32739
32740
32743
32744
32746
32747
32748
32749
32750
32751
32753
32755
32757
32758
32759
32760
32761
32762
32763
32764
32765
32766
32767
32768
32770
32771
32773
32775
32776
32777
32778
32779
32780
32781
32782
32784
32785
32786
32787
32788
32791
32792
32794
32796
32798
32801
32802
32803
32804
32806
32808
32809
32810
32812
32813
32814
32816
32817
32818
32819
32821
32822
32824
32825
32827
32828
32829
32833
32835
32836
32837
32839
32842
32843
32844
32845
32848
32849
32851
32852
32853
32854
32855
32856
32857
32858
32860
32861
32862
32863
32864
32865
32866
32868
32869
32870
32871
32872
32873
32874
32877
32878
32879
32881
32882
32884
32885
32887
32888
32889
32892
32893
32895
32896
32898
32899
32900
32901
32902
32903
32905
32906
32907
32908
32909
32910
32912
32913
32917
32918
32921
32922
32923
32924
32926
32928
32929
32930
32931
32932
32933
32934
32935
32936
32937
32938
32939
32941
32947
32948
32949
32950
32951
32952
32953
32954
32956
32957
32958
32961
32963
32964
32965
32966
32967
32968
32969
32970
32971
32973
32975
32976
32980
32983
32984
32985
32986
32988
32989
32990
32991
32996
32997
33001
33003
33004
33006
33007
33009
33013
33016
33017
33018
33019
33022
33023
33027
33028
33029
33030
33031
33034
33036
33038
33039
33041
33042
33044
33045
33048
33049
33050
33051
33055
33058
33060
33061
33063
33064
33065
33067
33068
33069
33070
33074
33078
33079
33080
33081
33082
33083
33084
33085
33086
33088
33090
33091
33092
33093
33094
33096
33097
33098
33099
33100
33102
33105
33106
33108
33109
33112
33113
33114
33118
33120
33122
33123
33124
33125
33129
33130
33131
33134
33141
33145
33147
33151
33155
33157
33159
33160
33162
33163
33165
33167
33168
33169
33171
33172
33174
33176
33180
33185
33186
33187
33188
33189
33190
33192
33195
33199
33202
33204
33205
33206
33207
33208
33209
33210
33211
33213
33216
33217
33218
33219
33221
33223
33225
33226
33228
33229
33232
33237
33238
33239
33240
33241
33242
33243
33247
33250
33251
33252
33253
