1	0.9454265,0.7824344
2	0.725715,0.8744355
3	0.53252715,0.72479606
4	0.81331456,0.9496727
5	1.2840072,0.74934006
6	1.428809,0.6862131
7	1.431001,0.81306374
8	0.7016351,1.0079252
9	0.47286084,0.6413963
10	0.21301046,0.8564289
11	1.2789929,0.59439397
12	1.2823378,1.0477918
13	1.0533248,1.1228942
14	0.6117043,0.7891828
15	-0.110877395,0.66017836
16	-0.15216771,0.553963
17	1.7193213,0.7477817
18	0.89198416,1.1261935
19	0.032476224,0.23262988
20	0.6639276,0.6209486
21	-0.029883439,0.747102
22	1.0313511,0.96436805
23	-0.11769589,0.4446721
24	0.19911157,0.22320896
25	0.562268,0.059753053
26	0.40856373,0.024628839
27	-0.17940977,0.26926428
28	0.40565476,0.30846
29	0.4143142,0.48020977
30	-0.01669643,0.31900534
31	0.34353042,0.75270003
32	0.53396964,0.37929112
33	0.14555858,0.5213527
34	0.20704192,0.52091485
