1	258.5519211424416,-331.667813180457
2	115.942988252214,-584.0457129877157
3	-2719.4797042827827,-4034.2418387415155
4	4734.674245615862,271.76132913533223
5	317.44674830844457,84.58744574729599
6	-95.39836290290313,-456.464627495156
7	346.4303479823125,-811.1649352237321
8	285.5233281187933,-609.1737106071689
9	188.4888351144889,-150.07642771791328
10	3.3661234512023377,-356.9229148662346
11	-641.1060018175012,251.46493534950767
12	139.45206672787577,-341.1327246798549
13	118.63024971948403,-412.84158332348596
14	-43.52714101601625,-309.9938770496314
15	294.6961308132992,-584.8566756227972
16	-114.14660875079734,-568.0916905896089
17	-210.7141373972541,-318.1620358250656
18	45.258299720027,-648.6869761443364
19	401.9560920018158,-386.27011628772993
20	-39.606312567234035,-462.86100976696366
21	-15.665979575424434,-355.0271026252478
22	29.043886273159742,-304.8160960828029
23	85.0928845809841,-484.8496833988218
24	132.25974056115203,-483.4361891126768
25	-1986.1921231959875,-4287.818476859852
26	458.7713410640038,-212.2682252425602
27	183.86391894515154,-479.70529098417467
28	316.9105642160866,-222.2036403715952
29	247.70826903441332,-786.231739680361
30	-292.26825687034983,-532.4842914444677
31	23.911281947363833,-407.2623161682008
32	9.760118295339783,-149.8177381592795
33	332.04402972457495,-75.07535854640153
34	269.28126311563864,-231.47291864441937
35	-73.02172591100089,-563.3200468991289
36	280.7006316875118,-300.4244038882809
37	237.81152041444585,-898.3508803604702
38	241.28203453783576,-452.4295368851366
39	353.5146230131005,-623.9888577963246
40	256.92574354996947,-578.1849252588664
41	215.9023332419926,-703.464761860967
42	302.9364411640674,-413.5068999186045
43	322.4231917755689,20.96419276757652
44	522.3446498313125,-546.5800997531485
45	-28.2264359498348,-868.8201681472331
46	230.36131550942684,-439.0295843429716
47	321.5676139637727,-311.19365157014187
48	-1844.90494887673,4512.93223857422
49	-1220.2170979571677,4758.604704043659
50	3063.6553107751843,-3706.915347380931
51	229.71324370499434,-846.7423890978739
52	150.5414026963264,-937.5842192639544
53	359.41838881725954,-509.68183359532946
54	3258.539405353346,3478.423121149132
55	168.8934176585576,-378.0163158346567
56	29.42257776444011,-696.9535709723324
57	1470.5156147339696,-4733.208679071445
58	187.31420287239916,29.89832536449258
59	519.9200145791982,-552.7949225646961
60	-1684.5356094579033,4474.241161942482
61	4725.510044335027,-1082.3546237816736
62	375.88615555760833,-856.6451543842971
63	3458.4071325111063,3222.350421771851
64	209.8729515182748,-70.03957411020413
65	250.05818456522573,-731.0936766935173
66	551.7060150179088,-847.2743578033086
67	519.3449230878591,-420.1954322148711
68	54.94639626707945,-385.2586859501947
69	-98.47502773783889,-375.0217075536566
70	352.388595442535,-406.8577331128899
71	-2729.76086063647,-3822.1100287599143
72	72.04875985447515,-571.1460711264581
73	-98.11632113885254,-492.25509900129543
74	-4595.164975419063,1749.065394467342
75	237.3587467224094,-517.7074529463727
76	505.45298981995177,-126.89762526661985
77	428.9437227538213,-310.33615303908084
78	399.6554744000387,-302.29485041106796
79	388.9339848950688,-602.17193065937
80	93.2070465988202,3.36697710656754
81	232.4059676880632,5.78956424189729
82	359.5843839059736,-387.35928294136335
83	462.6145056371076,-509.43225389006676
84	-129.8364373393854,-223.66069584109007
85	411.6426391755687,-455.1380892543537
86	490.70090175780985,-582.8334830259217
87	417.09288452948044,-387.38465604178793
88	145.13204337598987,-130.5917045850294
89	-76.52945789887858,-520.7436244088024
90	-41.20578648484869,-613.8759498407849
91	-4751.393331609461,-1217.6647732436302
92	72.09734982394568,-322.13121926409195
93	223.22967836569313,-123.71324623864884
94	4209.877737056788,2141.4546932876256
95	274.78824818342366,-784.130811115623
96	353.1195850076992,-342.715934798582
97	359.47810968778316,-579.442614212615
98	181.13913409705364,-283.60603619969623
99	114.59294726584311,-627.631391070004
100	138.94617383878204,-415.9734591685058
101	115.09480686922993,-478.0516644150813
102	276.6911297138119,-491.0977572529277
103	450.81405041715766,-346.753740370062
104	400.4281948756994,-707.6466510350949
105	507.7417285305378,-713.116265878371
106	529.2641159954162,-493.0027384668035
107	315.5891172640327,-594.0602546449388
108	-2652.465500537281,-3894.5725966133436
109	108.59345674293536,-555.2158376468068
110	-165.10846535333656,-398.8015375607094
111	-3605.9179186820347,-3296.5897615762715
112	4454.025008677652,-1784.853637633665
113	83.42796327952485,-315.728901412489
114	213.10136638122236,-355.19335800616795
115	296.78657344609724,-344.75903413028465
116	459.80275381079946,-802.6818009465477
117	98.57800617583794,-178.16771264454258
118	-20.77163773312096,-643.0789365554884
119	13.167308960661055,51.32092715599607
120	-3533.7796322032445,-3363.361909287325
121	376.57338238882244,-251.2013590427334
122	3468.6596204634757,-3316.951945327353
123	361.1140155749064,-343.62522336471056
124	232.9040695978993,-541.2453311274597
125	257.82979182280116,-367.01651751773454
126	-293.07153857212154,-4858.417764849047
127	400.68727857192613,-552.215845115534
128	35.039002146919785,-102.50974754389108
129	577.0297769684765,-309.3639386460568
130	5.370342621927406,-308.5395348369683
131	-5534.754442852328,779.6598146106651
132	68.90197629741907,-138.0722853680022
133	391.6339187141231,-291.72646537593334
134	4736.991639045904,-497.71162989030705
135	-4597.079427863804,158.97999977525865
136	151.49563606296957,56.36169010064437
137	100.14006283811942,-662.9750200559541
138	344.62196770579646,-367.69047827491494
139	4226.279820045021,-2372.507294242
140	342.655802225867,-539.2493786823601
141	478.1457541789123,-629.8694486038128
142	185.66656585459688,-182.02503969365057
143	203.15731197195487,-449.14396911004184
144	102.30645922247975,-724.5698362649533
145	156.51290961737408,-486.0496936470175
146	-3730.079157977125,-2393.105495059733
147	356.99596353061446,-318.51879452698836
148	-2238.7339595916305,-4103.614626904308
149	201.99942834769374,-341.7166272821274
150	-70.87950276130015,-335.148546360013
151	0.18854190367688428,-279.38170495075497
152	376.11229989734727,-290.9306217553172
153	3388.584873300127,-3385.3612356002955
154	27.66018015024282,-580.7615288857983
155	243.5178377783864,-265.2802130237228
156	6.997273610786693,-502.67660724329596
157	392.4453560328882,-373.0544905003397
158	-208.37642620781847,-264.51453148034295
159	214.44158512332024,-462.9187422449576
160	192.76544214614137,-255.76211601825023
161	-3636.0981782888903,-3077.183715332046
162	301.8179583186672,-608.0242127309172
163	343.010597274873,-350.4109345799279
164	-2691.3289311420435,4400.849011231605
165	295.7410707669902,-499.2395330423049
166	321.26393483006683,-150.37288002177525
167	-49.61044761620167,-493.53826878324446
168	336.98545568251996,-641.3872144053129
169	4683.430030789804,313.14297735656567
170	99.51162074379057,-99.48044584095848
171	-296.7205774334239,-518.3725941864978
172	255.80556537633151,-479.7097276545189
173	277.2698020156563,1240.7826897111988
174	-4488.765210815456,1752.6520188248
175	331.11436982296163,-156.696480461612
176	-1272.3908090877574,4795.170331587381
177	336.21774470647995,-410.35104795715324
178	-132.80146518610385,-481.9070785427238
179	298.23460309822656,-152.08990948698795
180	-32.53458864996542,-691.8926617665255
181	308.28120683547843,-548.9415320696355
182	3412.5605978125436,-1269.6597383720118
183	-4667.380850844836,1348.494924723922
184	342.9177045123998,228.26005518707908
185	-10.75212939727203,-300.1087085263023
186	283.47268352895503,-459.45008343892226
187	-50.50787623612744,-429.8100643639572
188	407.64628409722206,-536.7779364983654
189	68.42027788089929,-528.4199871750839
190	253.45659145081197,-307.3843274529875
191	219.4156985644362,-558.0203760034613
192	274.90817965120056,-455.7158047252349
193	502.0236460497714,-553.880936172324
194	105.89811975000775,-403.72704408812257
195	-3778.0318909003836,-3019.2239935415946
196	2525.924679934711,-4149.433784343254
197	4678.0219199223575,585.5986752992345
198	-175.92435405391376,-400.9558236108908
199	-3969.2206388234813,-2865.4672327696603
200	323.6943611375552,-685.2154786616184
201	469.8003551682243,-578.4887079493277
202	39.536259281312546,-724.299858702635
203	99.17527881252923,641.4604114238336
204	241.26992426133862,-200.70189883427378
205	228.45521211974113,-473.76769729821444
206	-4245.559015778391,-2272.65118388397
207	269.4367426321382,-326.77982985051915
208	366.2116445427299,48.40357793357367
209	211.33795706308354,-377.8031716190109
210	230.3106783085256,-399.0850129509548
211	84.94631455819558,-141.40104914807122
212	552.9970376851702,-348.85915040089566
213	202.02265571066155,1078.2340836083392
214	2051.6556101308056,-4316.105719148956
215	498.31047870615623,32.81891185819224
216	-618.416828398952,344.8723771020725
217	246.94735615405756,-362.7563141641068
218	-86.51553841034328,-480.5762361624825
219	-84.86000167153914,-600.2015842616389
220	327.2854045666515,-412.96017253001185
221	4452.233497656555,-2042.7263313525882
222	429.92467650865825,-448.8463956613873
223	-25.576957044391726,-340.134156810605
224	320.2121268194196,-527.8177945817432
225	353.3430835983298,234.28425224546385
226	4804.169549827636,-857.6071437375663
227	353.45585252129626,-440.7162395469775
228	12.727313122663514,6389.544964295766
229	344.2587732449044,-472.40603694932685
230	-663.8575597916181,354.2888620248908
231	1128.5310946376587,4712.89001746731
232	-3734.7058942919325,3003.9865107394608
233	263.6972060579566,-546.8720402817581
234	2603.650558299993,-4149.380077545429
235	-177.18952798727113,-699.9564421426575
236	-4191.931473346298,-2670.117493604013
237	420.9311076300485,-157.57727347478286
238	184.8135863162493,-461.22595835550476
239	-104.04041769367076,-362.07471622111086
240	4561.475739501929,-1219.2442468955044
241	148.8119468291797,-298.9079355063866
242	4560.3356955299,271.1016681676544
243	318.51185397230955,-425.24680250613704
244	433.7933842690125,-615.0463132786778
245	470.4205601484128,-384.52182832848104
246	518.1670801655902,-574.6232786840849
247	4524.24277706691,-1767.6260856386853
248	314.67005034996447,-644.7146622197556
249	120.76332323242065,6.628941925192946
250	-218.0161090883864,-393.56092436243677
251	4567.947748881826,-1618.748566277566
252	-77.40057558308705,-913.0467060360838
253	-23.029216822713366,-159.20657122391276
254	4373.971755504568,-2123.9870617366964
255	315.10563951810116,-805.127199618785
256	181.52951998869162,-524.0630985146008
257	165.17496525951884,-542.5729136806988
258	2185.3914570586458,4533.886236625047
259	269.4947798421786,-516.1303166142937
260	1848.1974279835024,-4651.420194203631
261	-4662.901103881932,1125.7701624962667
262	-113.66529635194554,-676.4171328070202
263	4750.522152722869,453.34472707071143
264	332.10714928194835,-576.2136053787359
265	1264.3086205394063,-4776.187859711932
266	5883.545866835781,-443.83362302617564
267	17.852752749619068,-100.24575398666938
268	168.28252118037415,-688.1157321640654
269	385.6179563994475,-254.7411909286387
270	-1473.5804899413379,4577.468617263852
271	-1744.9560878152183,-4606.335554258055
272	417.0566200527372,-589.8846167787328
273	406.82320761001523,-489.6634786115949
274	350.57267151783924,-711.1742974656701
275	212.70576875253434,-805.4480365089695
276	-94.64923854320058,276.41943943366806
277	204.5423515419027,-391.88427496996366
278	238.6966355613234,-325.12837361847187
279	449.5998788231483,-420.4481782222959
280	-114.59947154770217,-483.13277704256626
281	47.948247414696034,-497.94619538666404
282	169.72730629822874,-635.0095344356359
283	286.3984453560139,-694.2625676365656
284	338.31590338352004,234.15001585251946
285	-118.06885912843558,6174.717115239611
286	-4658.39476394328,-1088.0863406890244
287	438.2950302522541,-445.53430768932674
288	127.40831506163032,-571.1460161752154
289	329.5168822522822,-384.39834426464876
290	229.21733051683617,-293.49066026616924
291	337.45106198141383,-820.5364068989413
292	433.31365918488814,-550.1244373077985
293	68.6934216899954,-340.80412063404214
294	2342.724785760399,-4231.901703916735
295	41.934064596725584,-286.3002700296895
296	-49.616900291964235,-45.95826215522459
297	-36.32158385173389,-385.69603424454283
298	296.3087899604385,-222.08034412950047
299	309.88198765783477,-319.5792107985664
300	307.294729832547,-429.47019972881367
301	-18.154444450839996,-453.7142028108386
302	-2933.3240531324404,-3755.1313390285572
303	117.74604384202985,-201.5067255200157
304	1886.6854851311157,-4605.566434649856
305	335.46411601413456,-342.75366264170685
306	4349.575569217748,-544.7187087570687
307	312.749706807133,-188.5309782049074
308	-42.67362013417055,-163.5031206825305
309	275.89068614666866,-145.92087531488096
310	184.31274636377748,-813.3262764248581
311	304.0294286097585,-310.94688673111875
312	15.485172415524447,175.83475792347562
313	409.5052078530103,-514.0704538801026
314	329.9257914514358,-287.35280546205394
315	-45.84891517253556,-213.46253509227608
316	44.56105652333825,-580.0304449188192
317	189.8811948509336,-440.78166985111193
318	403.3987778959634,-598.9577976835
319	3191.0716228581123,-3704.9556981130754
320	-4291.568006297392,-2232.956689508347
321	237.2437933502252,-834.7245815860643
322	-4032.558395111687,2616.634555239545
323	35.75877782430106,-335.2316696631396
324	-2941.1646557613285,3537.0451232841947
325	-419.72926133357026,778.4610433371184
326	1.685787557338415,-607.9166752921608
327	-319.39171061634676,-119.32927466389026
328	4.9652068261873605,-695.1171855333513
329	410.02294631225203,-344.32701845497303
330	1317.8867077284538,-4649.990602965994
331	313.26923300139504,-605.0252891444078
332	65.05147231933873,-76.5600942270073
333	342.5749658136353,-327.3836057318257
334	-4897.936958668476,-181.52742127376624
335	61.46163147859903,-548.021787062228
336	3791.943652736191,2986.8423231268866
337	284.0949295953107,-619.5794330475815
338	295.2160532341876,-871.0110939282337
339	-1400.4780545552387,4635.620857534419
340	236.70478025900113,-786.4214015004447
341	429.47598841241177,-484.2083097680965
342	5326.721805111562,-3.5642814928155886
343	-1582.0396410162575,4572.952132264609
344	117.65072023033127,-312.357360899079
345	137.81602989369955,24.021504838812483
346	3001.831090208964,-3758.1589215943627
347	37.91609786401839,-425.28482697270255
348	3689.012518271003,-2993.7465795784697
349	-105.3176452271653,-180.98339565368525
350	314.0861397837123,-498.5606876826626
351	178.510873062154,-695.9756448078972
352	-80.22137372291881,-25.273067732391603
353	41.321048038148646,-841.8784085077652
354	332.6073016397579,-816.1486616707195
355	375.0978822269043,-344.1679081991642
356	-145.06887921371091,-474.3600241390468
357	-147.49465102577932,-221.64277543387558
358	476.1128314640778,-732.175489776392
359	908.4652468686311,4685.059830613564
360	463.7044429682407,-650.4149974915695
361	233.53781412092482,-362.51365482465144
362	364.2088913597905,-282.44017622565707
363	259.3478826796896,-651.3945749167556
364	-173.48341905093915,-706.16905938535
365	200.5525823529,-135.45607107579326
366	4681.749597999133,-1090.3245645314933
367	405.89446933329396,-414.4639800143806
368	402.6519220782865,-428.49707630905164
369	-2224.35595826292,-4465.273395588064
370	199.22934788123436,-38.24634568888505
371	108.11433079753213,-783.708955410131
372	2057.4538307913986,4442.147901471827
373	-290.4113785755611,-513.7808187761817
374	-10.090412362652858,-750.4967109670013
375	-738.6162806189961,-4822.843434435218
376	4474.353549896072,-1966.868630629552
377	184.25338159634262,-324.5482018289986
378	213.44664658504655,-312.6605023397537
379	251.5325896893597,-446.89790112232527
380	262.5361110479754,-1124.6253475502456
381	66.73397367254947,-263.87115587921147
382	236.89994288576588,-47.26913682977613
383	-20.290097739709427,-423.940819821306
384	380.757318028012,-399.96033761443385
385	383.25727899406627,-407.1484651519365
386	-3393.47724068949,-3519.871715662848
387	82.90882933853098,-409.1768822042117
388	145.93051405354177,-132.68884343276218
389	173.22775375591357,-590.313862811258
390	-111.71639271998778,-99.66231712773687
391	289.1500213756293,-530.9501382882579
392	124.02194662950832,-1071.2240309122647
393	359.5515236898152,-454.8878456488502
394	-80.63246705135147,-425.0737048130407
395	-3516.238383986863,3255.920010520597
396	183.10188725250023,-422.53295400755013
397	647.8103294400559,-237.2286311871712
398	4912.278850306386,-86.77573643108192
399	161.44116036992452,-652.7267645119214
400	935.0087562402578,-735.3317764460791
401	355.23739434252974,-187.92525396483853
402	307.9477106875533,-375.76959085731
403	-237.6543094146412,-331.2814634409712
404	516.2897191249467,-569.3417203532135
405	18.622839624051494,-449.2989838533814
406	-97.1884201816481,24.998150886243167
407	-298.358674061263,-531.239571793119
408	-292.44309096518555,-524.6453757352989
409	333.8006448987234,-434.582184408718
410	212.5727804987526,-523.898228970725
411	315.04648157692657,-734.4498292920669
412	-4633.55459094849,-1002.0335792858159
413	-4748.370466819751,-609.948823092255
414	206.10030335799712,19.365266095857823
415	75.33459031034391,-308.33719168888086
416	260.2372887474815,-528.3771060307598
417	-86.26624012048494,-657.3069663932636
418	-17.98424670499864,-226.76725067228307
419	148.26809465355907,-130.51558546033414
420	-85.25729525327039,-446.3837307091922
421	83.63847958279646,-340.6066634806872
422	271.0266190888368,-356.50796507717973
423	-4652.487249820225,-1814.7721460281941
424	494.78224990960103,-318.6583946889193
425	4942.533224780543,878.182338116494
426	503.6535651440582,-355.22094894838966
427	223.9363557567736,-456.085641858683
428	277.1374520015714,-427.68022574658846
429	451.2135592544735,-631.851520478606
430	-3399.2595441422272,-3718.3731835610943
431	93.88975424502271,-385.0850978802565
432	287.13270047327273,-559.159607364985
433	2894.8482462043958,-3953.3812378785015
434	272.4462233650015,-397.2413578595327
435	-2542.6445253159877,-4049.767276456273
436	26.312699175875736,-559.4063643757792
437	41.99608760144221,-114.01552809230229
438	63.465263241449414,-26.90659692411648
439	88.45812095549745,-837.9360148095601
440	297.09224517453976,-36.630507507816766
441	130.22394522553486,-614.230700513218
442	-250.14519601661914,52.83319368722051
443	300.51757312517196,-452.52887393335425
444	29.276060412849713,-483.2820235324403
445	323.77532047253385,-295.1122873306998
446	121.33040088562353,-664.6710441015443
447	4555.968647428546,-963.1812142187804
448	345.69686438466294,-175.9565725404925
449	253.61457774380943,-423.683167598812
450	315.89659470952495,-944.6674819882667
451	56.92913916944223,-496.38175157340464
452	309.1529658984672,-249.3916489184699
453	253.3668174402089,-341.4532536917522
454	220.21129562330466,-631.5419525206005
455	-4487.2118012640785,-1999.2655727040278
456	-1347.6033604414636,4730.926174042655
457	-3689.1285008589193,-3252.838253908747
458	1960.6946899932316,-4586.799555991592
459	4134.736283961647,-2391.3612637533024
460	12.747548499752497,-543.4346981979652
461	20.97309641959332,-489.7627157907035
462	602.8990842747592,-510.5492420260413
463	4039.2039566067047,-2626.926836831816
464	4665.298537471515,852.3146674559754
465	210.50514855668936,-656.2274586676648
466	133.64005278117946,-715.742468708964
467	-44.036794094708775,-571.2447908685305
468	-12.319374260402855,-490.2144236425303
469	6.5387021608700575,-415.9470939752625
470	127.61664992769546,-281.1872205307742
471	391.1751814456966,-37.09747645641549
472	102.27232541436949,-451.4643760200646
473	1619.733713869218,-4838.262533961773
474	349.36268829357687,228.60378055481763
475	361.69665972945273,-300.0905407953167
476	-2863.591340670698,-3962.5562392021257
477	-80.94640661863733,-166.19367711653018
478	98.71627926629517,5498.117620975556
479	5.236336974969984,-243.90175624574667
480	164.12332106019196,-335.1303579876489
481	286.1768144873211,-430.973464264964
482	-4161.174992046395,-2417.591032896585
483	88.31853169107912,-281.63312240965814
484	183.84134609208138,-500.59984090235224
485	3866.4791470330083,-2962.4037592208765
486	-3162.898011279376,-3753.946769949207
487	760.6051005959432,-671.8236849676751
488	457.6025001526276,-506.4478865596108
489	181.46720550892823,-650.6534681278087
490	-77.34106750353682,19.256575249260624
491	499.0245385759179,-380.2531328192877
492	223.87002373760123,-593.5161991608877
493	77.07966392318572,-448.22745227107885
494	196.20692048089052,-351.1039402065319
495	26.34007202180952,-647.7548295508849
496	437.6280042885919,-622.754876847847
497	339.8486795617799,-814.5272883321646
498	306.75468204706647,-395.02140531190076
499	32.92852418516834,-67.27455166354108
500	95.90297961846974,222.98507962212778
501	-47.13948985273908,-381.7435458018761
502	-243.88588617912202,-655.1698952903362
503	213.5264762720067,-432.5245145112715
504	307.9765811065506,-280.22705672333757
505	275.1714024736179,-292.76562838199817
506	158.10488527064035,-137.9081603358606
507	-22.93445781091463,-69.34139735278987
508	322.877327391599,-473.1616029540025
509	344.16052028043345,235.5572742403863
510	-3268.192160585998,-3640.554734547992
511	159.70033210382385,-837.1448979771251
512	136.01903365329574,-509.2062856568206
513	244.033441577762,-894.8259954061976
514	253.67619921876656,-194.9405241603597
515	89.19341209563365,35.611774895535
516	590.8971371768994,-511.4760580590912
517	279.05647335898556,-627.8439091875362
518	159.6761704837003,302.89597585200386
519	186.86292009591156,-212.42532427686726
520	-4579.084032881703,95.28678389873001
521	378.5683447587327,-707.0836302438862
522	-393.21688380400195,5089.390613983932
523	-455.2471228997228,813.7761178406587
524	108.56579006646356,-528.2847004184906
525	343.0539303900358,-274.44726454587425
526	3568.317888794076,-3327.4602763767475
527	-166.9773196166719,-305.7452119578252
528	4319.771393814972,1832.8663425276402
529	1433.5327279303626,-4886.359870956306
530	-107.38192287965296,-355.6341858156608
531	4737.510758025889,-837.6391764589315
532	196.02317897255892,-308.5693415407191
533	4952.344120222914,215.0693978249371
534	524.5487467871735,-525.7553226733627
535	29.690107870236567,-378.8816542450299
536	36.05618093175834,-617.8311847129152
537	343.5738157510763,-197.3591620724175
538	242.8183712834492,-133.79741708418595
539	-3.1431953216340824,115.5160542014517
540	452.281887500609,-283.11461201419087
541	299.6135708073843,-575.503435979743
542	-15.408337542836666,-843.9779152439207
543	301.80636531438483,-868.0217811683505
544	-53.89824086049594,-510.01656678752556
545	3653.6456490981777,3135.766502455093
546	4298.485865539824,-2224.621078474098
547	128.88832903466715,-442.994893732909
548	-37.32333587881256,-558.7904385196116
549	306.9906993838304,-420.66088434541615
550	300.88394618238675,-667.3503242167558
551	306.4251198578138,-455.29699160164324
552	-2972.6785468236726,-3899.1426424923316
553	363.8180834330646,-604.970191160094
554	463.5583698116452,-469.54067271578793
555	332.90482880185215,-355.89551240309765
556	141.4192668094666,-661.027343062238
557	-707.8263650102857,5790.0381640570595
558	-1962.1897819540318,4519.280992434386
559	31.30982320762965,-268.7517359007074
560	-55.937246718936635,-472.29958035325154
561	-24.903381230042562,-529.3616334683455
562	8.149065529483803,-302.00430453964947
563	-77.2621682636926,-706.6544390269847
564	-39.182875022293345,-544.4110592459266
565	-4434.397381195554,-2018.2042807898042
566	29.466915375896917,-519.4811991598496
567	184.80417847982548,-254.13446230855524
568	376.6666854231841,-489.3294238689881
569	4666.42560668104,1065.3387774577077
570	-9.114898710343141,-727.3006716740343
571	686.2539859155095,4623.93404931376
572	336.9434909120224,-612.6694736709095
573	35.16762559941482,-566.9321182561713
574	36.012656764903575,-539.0068521690033
575	60.26203029310146,-477.84283708889546
576	1663.2957871159583,-4441.415807844007
577	154.51749600110816,-724.4325691664762
578	303.5513872126178,-497.2467284321776
579	-64.11842700276922,-749.2028694143909
580	368.02908940719186,-192.32731783195453
581	-495.8590128990202,5470.8491170146435
582	2115.126889390244,-4666.241433219202
583	177.7603458324252,-307.576475118091
584	472.38863995200074,-306.9618489493084
585	25.068036481156266,-610.7711274030178
586	5226.773603264834,-487.05340785366457
587	121.02142122744131,-268.6556177434977
588	110.08398930814522,-9.226485201333018
589	210.21202508989373,-607.0580478218704
590	220.26308259176847,-489.26200313609627
591	182.218651249545,-617.7799727298637
592	-27.835002585128912,-4506.041243962059
593	-4645.238264271023,-1268.4949622089568
594	4894.539398430655,-519.4375926418464
595	77.64118907794929,-362.5889989963296
596	169.22907622438458,-519.9919082839012
597	193.37673229662497,-191.219266194246
598	-114.9944113199009,-489.0435499029966
599	-2717.3538092375547,-4095.1405641682477
600	-258.9203423783893,39.37992048954169
601	324.72840002874204,-83.99458094058623
602	28.914837197629986,-7.90340090451745
603	-148.86173702255445,-521.7158846015501
604	70.68525958275781,-706.0211288674117
605	107.14120370573029,-341.34902135926234
606	215.3516998183155,5056.958746983319
607	-4983.7583224144955,-247.62496126046446
608	-4660.213131294617,-642.4210712745987
609	151.15124960396602,-607.9632852974715
610	-41.544906229728696,-187.47491626510856
611	-3236.796291372001,3735.376669856538
612	163.1555844855527,-613.3954911242798
613	246.36940620944753,-719.4736952189008
614	224.95824119499676,-158.18909701658825
615	-97.29035936315069,-390.25169937125315
616	171.6865106786663,-908.9708274000869
617	84.63378765681881,-520.8357072691214
618	62.859008069962705,-617.1388627937399
619	-161.42607114606275,-247.40839217897033
620	-22.91771437242448,-513.5705709946579
621	215.04249342363713,-755.693020581052
622	223.6669244732103,-891.3627640488138
623	88.17024092632956,-597.9505045400284
624	243.96857573465968,764.3616344434788
625	299.2177916999364,-815.9520650002565
626	252.9860723764514,-379.93879281508896
627	-2160.4983428116752,-4230.315890271058
628	590.5793271790226,-521.9047395207598
629	-3051.471777268823,3910.5426830242504
630	-2153.365603260286,-4103.861346316048
631	-113.0302455518024,-247.45593281566215
632	-122.46017710618959,972.0993988272966
633	3360.9804022371113,-3740.029971953486
634	51.09722366635187,-751.9412040616977
635	-9.174864375017107,-376.84684151948136
636	1124.5654739439874,4630.966552201684
637	373.3328602289162,-432.81915709664884
638	5270.563891440477,-215.7526434685291
639	-2518.4003882963507,-4191.239301326492
640	217.7539723031586,-679.4011982850759
641	145.69715454799484,-233.2856820609816
642	116.93955559979584,-351.42579620479427
643	141.36342564499571,206.39933124766787
644	-16.90945031515896,-574.2230335961751
645	201.4513304123381,-579.2504722183061
646	218.4933020389747,-119.36075631052776
647	104.63198780267442,-486.71212219837645
648	389.6785453125176,-624.5225786201818
649	245.98128111375803,-490.4235619428664
650	197.70118532025595,-702.1416145980501
651	468.15573274918216,-669.5513055949812
652	49.771753026846085,-455.40445805799675
653	269.32067083686263,-441.0352253888084
654	-312.4553519859282,-279.8451983011948
655	357.31971594314916,-891.3528699717695
656	4790.737866552663,-29.567953689122557
657	-46.35492233253417,-144.31437985037167
658	-6492.8717369719725,3450.6944857449776
659	-146.04416336451285,-427.2568400265729
660	88.01317512214202,-547.6325502546786
661	358.4452635799616,-506.1218227563924
662	53.69471149507821,-600.5735814757239
663	4726.277039981424,-114.88619055350124
664	200.14199945035855,-495.2569708622299
665	-4326.609507457698,2181.3996296491164
666	3416.616503733069,-1271.2455993467345
667	387.2422152569827,-548.0357607730564
668	78.2479812403543,-384.4860357298585
669	-112.89175693031716,-399.81720316985803
670	-158.53482239249882,-782.8011731489095
671	431.4970379475563,-290.25004856006973
672	-3259.7987251678232,3667.366095659115
673	-4733.248161971305,-1047.4021318230793
674	16.70229472474938,-258.2827412660224
675	157.7094125510689,-460.0909092973207
676	-104.1686994841641,-311.00175110975186
677	-53.4139534192653,-402.53836325509633
678	4344.663820505366,1748.7813241539302
679	97.92165105880787,101.17219084278642
680	323.48998011084404,-371.1356195863647
681	257.46953341520634,-612.0651321004508
682	677.1100386707517,-92.83532479190396
683	80.94131345938274,-354.51852950321125
684	6.023545311713615,-90.00773248656314
685	-42.72090935529701,-405.39880881787406
686	240.17628289467726,-667.2918719468529
687	184.59325757099458,-559.4671150050983
688	153.4552247158122,-538.0158438943557
689	582.2761831523816,-378.55261485886484
690	-309.04928501592434,-275.04712031439277
691	203.50547246939055,-405.126059982148
692	-4301.772322842486,2287.1638516355847
693	87.66142703734468,-647.5117755093173
694	223.06523280426782,-485.10087131543014
695	4914.961461809147,797.2439161700089
696	-445.34554938639417,186.40215383274912
697	-3842.316304682726,2930.5780217119645
698	4642.708795259681,431.39450324102324
699	152.2083947332367,-694.511393011265
700	376.90277540104455,-747.0969768420233
701	29.70561198209961,-124.09770017822574
702	159.4199996559645,-519.9219286769821
703	135.24082103248236,-644.4366080702329
704	409.3327957298179,-353.6299574261063
705	576.7598026524498,-303.01183742331824
706	4563.585797270974,-1330.1472657820243
707	-4408.485692969541,-1740.965989850352
708	202.5145138414216,-689.1558523382224
709	62.291864109852625,-102.45004741408488
710	4618.338878161322,-52.255498212138
711	67.88822688723009,-359.2424876541128
712	81.47964822584542,-635.8228922717211
713	478.78400686663736,-449.069569184036
714	300.0309586570794,-474.7555359932303
715	290.2715507008892,-261.3742543682914
716	593.9063281359417,-516.912061372078
717	-82.89398371025023,-1088.75792509505
718	475.225291595263,-618.3162769842571
719	-4677.767483015272,-126.94940869584201
720	308.45128460999587,221.33388424648675
721	251.97418211092662,-96.1387036032081
722	421.6626819641643,-636.8018595460316
723	-3334.64792753834,-3555.4326974738015
724	2354.554551235323,4294.469039416828
725	-119.36192171496451,-426.0502513496305
726	125.9960996702893,-768.1834768915363
727	-40.03578114765835,-438.1938970879065
728	-1536.35433002359,4541.406922604921
729	53.45718819203393,-228.20068159500278
730	490.32044651801704,-372.4631612725067
731	104.61909046615679,-310.9954028139145
732	369.59612481031,-838.0642830250799
733	2282.9647718717642,-4289.523648235035
734	4783.360125946258,262.8624797174515
735	246.723927827447,-396.02442358361833
736	268.7747514391576,-604.1769603186536
737	135.78910726573295,-374.0058457797468
738	-300.03304845393154,-524.187052732096
739	436.45695667745184,-465.40036779763165
740	410.39319005093824,-263.9151008018711
741	41.787550631719675,-167.11347472488282
742	-2001.0235327209934,-4422.298117704409
743	155.25624802420145,-434.31612367907945
744	239.41335517854586,18.175063428345872
745	437.47139166786405,-648.59074519074
746	2421.3577050713734,-4255.442833258169
747	243.88322051893803,-567.0371696155914
748	4710.982167655942,708.4502433339281
749	230.12849757798875,-40.95773945052002
750	1144.7306508574868,-5037.765686711636
751	-566.20187733467,-4799.593357974338
752	-1866.53499095042,-4567.629793523333
753	3634.439112288311,-3071.532317895183
754	142.61472518564662,-554.8542272778624
755	-60.414385392419334,-531.3706850607401
756	-77.14010443068322,-285.91714417420496
757	318.52744920253866,-912.2496334587518
758	-102.6952764095863,-459.568634667445
759	-4486.728626867708,-85.25338516014733
760	-350.6919534002401,667.8131904982869
761	-537.5022040647299,273.3268485772281
762	-59.410977347017344,463.68527727546444
763	-142.17392012059037,660.0564062107827
764	37.36954196042702,385.44452244138887
765	-58.619189984000165,153.21858874488964
766	-192.1380816337547,726.4590482297465
767	-319.74102902742055,513.8996213490562
768	-376.08607453188904,388.7820309136764
769	-3818.706265199882,2895.303094270439
770	4501.650131667747,1446.7860378787964
771	67.4928800817256,591.8444708970975
772	-306.0854435307415,586.7395064712116
773	-17.351633869777373,330.4579737349893
774	-587.9997782615616,476.1785919143666
775	-210.47008165590043,637.8529699565463
776	-301.4994039634642,919.5973280653378
777	-319.5998058528493,364.4808804868231
778	-271.09473156033226,560.9488836776032
779	-194.34780015859775,440.22806287017545
780	-306.3632339923025,916.5285426604614
781	-262.49124999490857,346.86180600969806
782	-72.41740415011174,134.8750851060438
783	4646.72748774398,923.4876407258193
784	-377.80850983057087,580.0592467969743
785	4775.214262818044,644.1336425329238
786	-34.22138972902533,368.98255095736295
787	-156.26072841938057,569.5648712476369
788	-176.78827688329753,29.452427772346304
789	2219.139804203995,-4301.670656002321
790	-365.0825224459049,195.72033341827213
791	-363.25989105958064,164.78379569138724
792	-226.45915220945082,394.73568829212263
793	-6.497418770590848,623.727332538182
794	-1233.2468968276698,942.1741539958339
795	1117.6570915419513,4813.131089727641
796	-154.7510536377089,543.0744205035086
797	339.58488656937584,159.23391691770857
798	-162.83624390974714,-51.067466203099805
799	-30.757059390881683,912.3208987702205
800	-515.7028463122597,493.24346577283694
801	-294.2172101237564,452.13895592621583
802	-364.87819799672303,535.8316141504444
803	32.23044616613893,490.9211512181441
804	-625.78965868352,316.6213279534184
805	71.59855698270019,537.5770550034243
806	-160.25493579852773,490.19251758798305
807	-210.37194458847964,248.8242403964466
808	-105.40966232872732,220.19124058483297
809	-49.00383586319859,-488.44508620536794
810	-53.36868289220792,396.59803859277014
811	-54.311465644224576,636.3676463974704
812	-514.2389385156729,664.471696131006
813	-270.98471353270617,402.780982725497
814	-213.53066185289978,728.5626010363799
815	-214.07186661419973,440.0899215991372
816	-193.0764096677558,333.18509439948406
817	-174.27498037984546,466.5611603924963
818	-32.94218181638052,119.72537799408688
819	-18.234691575205098,815.8220256238143
820	-1142.5618234430276,835.7668472641498
821	-1118.5896416397425,805.6393873856374
822	52.349247197583864,451.8168996494877
823	-343.42199308677334,357.4302244918713
824	-35.561329004071666,191.02896425347683
825	-171.29535806795488,858.8724617062431
826	-268.31218728956935,265.7792962170449
827	-385.6237799470613,740.8343616240759
828	-321.8644259325969,565.0417923191012
829	-74.62981777527116,408.6115624045607
830	-46.91485694349128,353.6200298642447
831	-248.6479332164615,532.0923447337613
832	3744.1466032564936,2810.9718351293345
833	-423.06271080432106,584.9958249294066
834	-46.96196559887743,802.3124195265648
835	-295.64664264187945,286.5385808877844
836	51.57041369751189,8.049119953689956
837	2.9949693201790435,260.4286689740225
838	-180.1717694339175,268.44351777367075
839	-268.07600046387216,608.1356404267265
840	-27.59544837665517,447.9382685050048
841	-81.71778369627805,688.4225728017965
842	-168.94780806029343,673.1208446594416
843	-123.591786407722,759.0411296766625
844	-3971.7493450653706,2791.580332378792
845	-4405.209911481123,-2163.1818736510986
846	96.28338570357158,324.7363087937913
847	-354.23944187800294,487.28010386477064
848	-317.06099913087326,904.8329654737761
849	-265.31357119916106,865.9101062235576
850	61.7175488828959,497.3182813671625
851	-117.69768998585636,613.5026518233342
852	-288.86519339565814,254.24097143640378
853	-4712.660306646544,-1342.0749071331704
854	-175.5148496364866,800.1574187595288
855	-250.2831919360117,701.1409367834898
856	-208.78580134636033,289.99907346576424
857	-248.68914331005303,137.4951388918194
858	-245.3105183253566,799.0490185646281
859	-28.14701643544349,555.0170167120516
860	-4.373497894491885,572.4055608591874
861	156.3701160629467,-177.57833941809955
862	-160.5897024461167,592.4904084877389
863	-485.2736270004148,740.7283848863353
864	-99.7705393747809,459.2832109086676
865	-202.60472785037723,486.39401743365556
866	-1538.4561537018474,-4694.263832223597
867	3017.615785699032,3907.2887890839065
868	-15.88153169902572,862.022911215737
869	-16.063423291485346,650.81722475662
870	-450.40613269107075,457.0303476259982
871	-311.14922015346104,498.01516567075737
872	-316.29945054559687,583.1551708967936
873	-351.75929066353626,364.2593201135318
874	-246.98685647901408,670.8322483522609
875	-381.6903046705334,357.75146666653296
876	-400.087254239715,622.4065898556847
877	-1303.9513252376464,4654.846418359657
878	-22.8519668046999,420.600599522414
879	87.17342060105635,373.8849324399357
880	18.312847651464732,432.3132230342657
881	-47.6613812503245,366.20221843817984
882	37.72497856000631,637.3373969261979
883	-267.96963919052143,321.77125342277145
884	238.30286520565681,768.6232032016754
885	17.942802130893824,339.4504959670511
886	76.91684398161675,192.82837434339686
887	0.18244683018389102,59.457993775205374
888	-282.66947756103343,633.192492280897
889	-97.93403041461652,839.3037202981941
890	341.2650024961245,242.9782366472228
891	112.02863014898635,238.86427717319438
892	-239.6443693264429,425.32198766910733
893	-104.23705193325654,600.136800211422
894	-155.0779366766674,742.582036059424
895	-211.90247980312643,350.8132305510415
896	-325.3050755314516,-146.55857720019876
897	-293.6521155187426,304.2490392124992
898	-207.4721963633075,547.2327244835524
899	-205.04601814615046,697.3877215088079
900	-117.93716177415808,456.43560202963687
901	-180.470343819507,516.1484307289263
902	-1244.0789336500716,-4541.891295177931
903	-177.5030208073392,824.152028102421
904	-200.31507432185063,606.5112114880445
905	2956.241137456283,-3858.8232955214885
906	-3882.9203502631294,2853.8912973515976
907	-164.37715148345612,530.743892331404
908	-188.5713136488225,647.3325534962655
909	-172.11997257795826,339.054423447465
910	-494.07209778598434,557.9623257695763
911	-204.52146430511283,-105.89937757480806
912	349.08260391868873,238.6523951999363
913	-95.26782904229832,762.8145923561427
914	-35.596280530079575,739.4438392457408
915	-336.13565759316714,661.834595631655
916	-189.54675547844354,453.522228360344
917	-3816.142036021193,-2827.364804852057
918	-398.6412030625611,145.95359573293004
919	-426.76963807979627,487.21478147897597
920	80.44561731220666,791.5089097525807
921	-221.01608921842006,266.6862657376973
922	-17.228110550464756,511.17200180393
923	4446.623003005,1831.271906645818
924	4853.424986672209,-243.90986775483347
925	-374.7306558150082,593.2675976193711
926	-515.1489823388562,478.6673127531587
927	-141.15848460253974,164.76172487075112
928	3769.2811575856667,-3149.176735871376
929	-348.34682396128136,637.18693708211
930	-74.06576498148007,606.0295485270252
931	-481.3437115125289,488.28693096630843
932	-227.5888568171039,199.0776070310773
933	40.71135073368863,416.5938321290706
934	-52.28395229607482,486.0094394549239
935	35.85728840857165,218.42642974793796
936	-129.87657351956986,-15.373310374165783
937	-244.84168320818463,468.74663420263477
938	-217.08741448440622,154.2583879116097
939	-444.388408141471,568.8250254861276
940	-160.22297360775306,466.6651913501917
941	-122.65128487710247,306.7523944234694
942	-148.95679498323432,425.8290983801129
943	9.80438623970716,208.85061947658997
944	-318.7586646366757,197.48726679515164
945	-11.430877492884054,853.3014991399245
946	-119.67305631397804,607.3249640448138
947	-357.0145697435686,212.84176762586745
948	-26.910065823223523,5910.025179474299
949	-202.07519132593995,680.9008725850649
950	47.12807693345224,501.93728352935454
951	-193.39140913254505,594.133176232136
952	-268.9092905628099,386.3320483614585
953	-256.45881830334105,435.3430598408085
954	-63.36607969679896,677.2919516982375
955	-132.68113582933879,597.0912561729727
956	-96.39767890910485,395.4804549862969
957	3736.3805477782876,-3419.5932364907844
958	-21.072404226618737,667.1659358093257
959	-127.66070761259382,526.2697546052938
960	-270.50967628268626,949.8901294488089
961	-236.49688264779437,229.95405491972872
962	104.36863952670262,306.95306360171514
963	-436.39251543124254,312.63516725096724
964	-392.6146501827421,571.3170619998998
965	-89.83253106085371,735.4197033602778
966	-89.43692083562992,489.18933030832676
967	-218.29711251551493,-6.471769369568664
968	-244.16419539372325,162.21274348273883
969	-4437.687421451396,1966.2146761000265
970	88.00169259435215,141.52892628819214
971	-361.9989886117016,419.9144744416839
972	-9.78879259834616,304.63051513990246
973	32.36975582343655,310.95803785718806
974	-300.15603628595466,356.8578420738427
975	-0.8731147214050079,385.37902666486116
976	4868.930522365502,571.4843328857669
977	-326.32540062613737,222.36229440553203
978	-405.7579162824237,412.9926433585309
979	194.47307438547082,182.43630441561743
980	-66.5755590432762,569.3494482773308
981	-158.86884466291016,510.33943783427026
982	-72.61087382929179,397.51698991853453
983	-342.2092698412537,229.65878953334317
984	-474.219013772585,247.42606948822768
985	3959.651196300569,2618.631430373923
986	-4543.562048949416,1614.2290862501477
987	-328.7896672289355,899.6539749359446
988	-288.5331315054119,398.3521853073797
989	-256.250395669429,603.2941581872143
990	-267.441274945082,211.04092160917781
991	-24.340556958305864,473.5153529738675
992	-290.7938266340562,548.2200903179099
993	-75.80237180557619,352.24843688911074
994	-312.9509563984181,127.15228540776674
995	-167.65973275755618,593.407561990645
996	47.524718135517354,549.3735688438562
997	-4327.362832506945,-1597.0733590545842
998	-277.3497816878832,370.995382464057
999	2177.6431355635045,-4482.635699795395
1000	-140.18917365455815,681.0203193986663
1001	47.256281223050564,205.12091786651627
1002	-4649.007573593289,-519.0358317829481
1003	-20.21115257768913,379.1036695945611
1004	-221.29350022432428,169.00366063368722
1005	37.75870832684253,689.0220470403419
1006	-74.92249536853441,808.1205215125722
1007	-258.4606342945792,498.76803370601436
1008	-229.58037314449555,609.1544829483188
1009	-129.93257447508523,762.297743105382
1010	-385.8001838716091,370.23279967484314
1011	145.1824045297019,-5913.637045145142
1012	-2802.8417360149188,-3882.443885008878
1013	-305.34739048333245,368.771097009753
1014	147.63233236493977,425.9248698624937
1015	-192.68156778776626,541.8660669141634
1016	6449.926099157481,-2031.8656280704115
1017	-312.7595314147231,914.6810401320864
1018	-503.8153453247425,364.6728730112423
1019	-428.678954031019,438.11571641290607
1020	-224.1982780607852,170.96929207702246
1021	-290.4789247274087,69.42219768188984
1022	4399.529878649957,-1743.0427233305281
1023	128.67845170241606,300.52636835418764
1024	-0.11874935807735554,552.2802590832009
1025	-455.13061459583116,514.4798185635027
1026	-294.5547539790903,592.3761614967351
1027	4926.271475589292,625.1080025344827
1028	24.2575901128851,522.0894087165979
1029	-73.07650474035316,829.7310464372438
1030	-338.02478679228585,902.7663664599409
1031	-66.14504714847857,306.6504320192263
1032	-1077.9965191206022,4721.350621895705
1033	4429.2756945777055,-1102.4975949868463
1034	-427.6936431591795,606.3047386272918
1035	1156.7839339350817,4620.179073983761
1036	-231.67388522781778,510.6569940531946
1037	-86.35516286615709,648.5438812448267
1038	-352.64708106778613,343.40932278804553
1039	-4120.319384425938,-2557.554786594429
1040	-227.6807577767726,335.892588923163
1041	-93.75257500883693,307.9269098768184
1042	-191.20071042067383,267.58168274309804
1043	-1510.552092981938,4630.642379114765
1044	-276.8722816434645,165.39174927633692
1045	-271.88006601106514,526.222353947866
1046	-667.7016330217534,-175.80298790641217
1047	-67.94995443617714,362.53861727616123
1048	-5.518829329394205,369.2828132106843
1049	-152.73004631669622,346.75672026102455
1050	2363.7109602610817,-4310.711423234463
1051	-175.41197328009812,192.5084302266055
1052	64.43511919039722,388.1868658082186
1053	-108.03975416447689,518.4755298985788
1054	-291.67895001059276,427.23519036444355
1055	-401.9036992983112,255.515442735092
1056	-2354.755127570012,4500.837577658167
1057	-60.06533565789486,699.6782222024435
1058	-38.599927569699986,723.9022788354321
1059	-3907.387760576057,-2954.7195388907767
1060	190.38618512906743,117.98045443810419
1061	-186.98944709545,365.6693609779211
1062	-200.27031703922682,589.561862679129
1063	-122.20291858583583,46.478246244019935
1064	-155.42328034653215,897.1314922169732
1065	-48.150502620932535,678.4904856106162
1066	-25.534034548671112,-4707.5781925254105
1067	-312.6532040065639,259.39785483943837
1068	-106.5897599824196,673.0238496245374
1069	-338.8926063772459,476.25133271943275
1070	132.31196852483512,411.65086864568343
1071	-185.13366623327664,494.76266640756006
1072	-426.0019189658657,547.3532884993688
1073	2732.644716041102,3904.254929499506
1074	-85.34569185548824,-227.84431774885846
1075	-324.02274445466895,74.74682535410966
1076	-386.71132154770106,404.49940701904995
1077	-332.4937887009384,551.2979295580827
1078	-342.7515896112181,566.6149503112084
1079	348.42548154165667,244.6783017473937
1080	-65.37143620832883,730.2743911153143
1081	-143.07511189174852,454.8839896431363
1082	-285.72350021396716,578.2981230279556
1083	-364.35435713979786,237.79432395383867
1084	-435.4458609439896,552.493989197812
1085	15.939617870617004,103.30778520185213
1086	-93.27204721085432,72.72359563888509
1087	-312.14891671181664,826.6716323767148
1088	-209.9157517955683,454.1919041887895
1089	-210.68134197923723,-414.8863907994902
1090	-492.2528205898606,558.2726301681472
1091	-324.81970273792876,438.48365876924805
1092	-77.78476402659088,497.9160888539644
1093	-255.8983643780679,651.3716218270052
1094	3236.3486700359067,3433.715840659521
1095	-86.43143595609003,563.3397966656828
1096	2.3821537992768276,485.93864352875534
1097	-273.1737670695335,673.581903892372
1098	4674.397047576049,784.2161591724687
1099	524.2373093538598,-424.72486982180067
1100	-439.3226401924785,360.61883124969023
1101	-121.3023608550143,551.9835188346841
1102	-200.31380742776022,755.1682310921183
1103	-207.42884668273024,423.06182740159574
1104	-96.90953474768611,366.0586165811085
1105	-204.31260492433225,802.9809508287185
1106	-316.5549337744424,459.8711390390207
1107	-2340.286315726715,-4358.72300826453
1108	-45.74236492743992,579.1196716625193
1109	-88.38501883801584,-21.83884870667039
1110	-1331.744651696753,-4722.200628366104
1111	1082.2156880287787,-4609.843365136082
1112	-250.04727387951937,311.7439257028604
1113	-288.11970167257954,214.48115292383844
1114	-279.1850721335946,445.02185101631386
1115	-294.86259429129194,418.09363930048465
1116	-357.89084550445364,685.9633374956937
1117	-11.510088732214678,-6.675465509200155
1118	-4587.115193137558,-2261.2572762268464
1119	-599.6810838841355,208.02680282819986
1120	-3140.76276496245,3775.0911924721
1121	-286.16041994973386,327.93244663116195
1122	-113.89976976828032,467.8624546849954
1123	-350.68863282477525,382.53486745785506
1124	-37.259277892302094,641.9118377547728
1125	-241.82309033625532,402.7369736378692
1126	-92.59402973845043,688.2315362742944
1127	-419.8273782039122,447.4848184837618
1128	-52.38396902518882,438.9312929988837
1129	-309.48009942560947,748.1161056085868
1130	-256.2261978342927,715.4247771411995
1131	376.3154982493921,-519.6515593178444
1132	4384.468598996283,938.3039453423486
1133	-304.0095215564019,561.4901505995769
1134	-304.5564321409653,223.86284976886483
1135	-107.20101535053033,431.9509507432214
1136	-319.15184196947905,547.0622950113946
1137	51.48539908539942,6158.841945814296
1138	4210.840885540323,-2051.4189641851744
1139	-2.255735576668952,306.9002348618629
1140	-244.1732477059568,30.029863365022887
1141	-202.26744891173468,533.3897416657544
1142	3865.853218080763,2887.0852924531196
1143	-4001.6362548115044,-2968.0466586545635
1144	-184.18785712504953,482.4582032119884
1145	-278.1456697123139,657.7899062959467
1146	-105.50279199201263,697.3934531772207
1147	-185.1954747455141,-5551.044717649165
1148	-239.5142830989549,349.9717398841673
1149	-406.6697522494958,372.232309658054
1150	-28.43322979441301,529.8766241050639
1151	4494.9256796030895,-542.5462868067324
1152	-130.72011769829,105.42028153783436
1153	-164.95064139637614,397.41442423168735
1154	-260.11021695428536,678.8156369550018
1155	-341.40321299302644,150.67546118891312
1156	-159.32861843141927,723.7110398483544
1157	-315.48696569646006,910.6680742487338
1158	-269.8745888240187,656.861674715649
1159	-291.96242800430184,613.8479658211995
1160	-1.0534343283639522,781.3865447761623
1161	-320.15956900748483,313.3089398649336
1162	-247.99949886066184,280.2435665342973
1163	-144.00288504516902,490.5023108726041
1164	-236.34649527417614,483.2199414613457
1165	-207.1509458393639,777.3342404459544
1166	-265.3174013936821,247.74599219400454
1167	-233.29300113763586,667.4538341898383
1168	-59.92006132804906,378.2166029201089
1169	113.8900027898211,380.4912735229669
1170	-462.0894876231426,441.4834342426166
1171	65.32233755980879,474.8482896497011
1172	27.20350795488791,555.7687424396581
1173	2148.0638760880456,-4401.753001309822
1174	-1079.1799074632327,4595.969003503689
1175	-384.61863403378135,546.4225639851936
1176	101.82714753416843,152.08098136274444
1177	-129.7048742520696,413.39889633485546
1178	-310.8913331701835,921.9034947014437
1179	-202.97295430292704,83.09840294831903
1180	-236.45545319943707,-29.172400018592494
1181	3182.6314048005565,3648.5438667378394
1182	-305.80725818989373,908.0209090714384
1183	-924.8766147818804,616.6653462938099
1184	-357.66493130279423,629.5037315226849
1185	-201.73761860814292,394.8797585540068
1186	-470.2032510092734,-53.111658715734045
1187	-170.55488406749603,452.47652292074144
1188	134.9157106155355,760.2767240006585
1189	22.925419880196117,-790.6639066934016
1190	-149.6838390024076,848.7148562596349
1191	-207.5007105093796,371.7663224443416
1192	-235.13311322073974,543.4286149309271
1193	-435.23256458362766,-105.93099297807517
1194	-315.9105069572804,641.8660980204148
1195	-54.16809695138794,418.5338022591398
1196	-134.26500387747356,841.796496280666
1197	-163.17512843466724,562.4528427086666
1198	-396.7696770153747,336.0868432633537
1199	-82.1930591133108,627.2210704089633
1200	-33.001640622676355,239.56435301864656
1201	-1.5777524901426299,704.1255104907494
1202	-36.24514089021529,393.4455328463043
1203	-297.17463246993105,38.90807647273473
1204	-473.4637432042915,267.72448674434827
1205	-182.38006982962392,564.0999622932598
1206	-149.83082107778404,808.4043328691586
1207	-271.22958104718276,638.056012983325
1208	-365.44742811700553,582.1124845093015
1209	-48.42083146357024,230.77289713200693
1210	-162.4511818071383,691.835348250634
1211	-1.3481876414075278,403.34094170076094
1212	46.718270120757886,222.47367324752545
1213	20.11573329490072,819.2069037729364
1214	-248.10656128895388,386.33118437181963
1215	-193.29557747889262,573.6533200660609
1216	-228.876088049361,45.322332871972904
1217	-158.0350853876271,327.7333002947369
1218	-67.2731836458644,617.4903223950444
1219	-315.3066564122182,634.2141589324505
1220	-94.63958253278064,712.906883261791
1221	-224.40026520254307,566.8729892942688
1222	-57.65968061308229,331.3224215862221
1223	-267.3108603669031,137.04291153511107
1224	-149.72648006648092,787.9355115557895
1225	351.8554183250842,-249.6846667137092
1226	-218.79451550609846,473.9631250598934
1227	-53.09912206878637,614.779119272772
1228	-417.5463076765147,4984.821519051054
1229	350.26276989346024,-586.8094449810299
1230	4417.06527001222,1533.843557037817
1231	-61.0277396761789,272.6200567145386
1232	-120.56396379291608,377.30737551000215
1233	-60.48456641100084,-880.9073603561498
1234	24.144328991536923,722.6216579945401
1235	-5051.944754430315,927.7017877625501
1236	-155.52640521834348,277.0248905076099
1237	-367.5981633314042,296.2205422559814
1238	-289.4630088246479,359.1255778720325
1239	-277.5773983595819,305.73716038435475
1240	-36.998099512735735,458.4339230729666
1241	-4481.35228459852,2102.5804605614744
1242	-61.906196747316244,805.2490774768862
1243	1986.8441187795715,-4541.116146649076
1244	-217.28078965572678,655.0962349936954
1245	-139.7342570652113,248.815344420687
1246	-49.41194438131286,297.6758752829109
1247	-628.8716837190292,351.71477420988555
1248	4521.611007870627,1326.4073125363527
1249	-339.4693839125939,535.4866101823409
1250	-177.5537982268638,142.8110659283787
1251	-158.8386217126226,664.4526799868299
1252	-302.6174305069778,469.17405916132685
1253	-409.5516506703374,162.69989509973558
1254	-20.655519593085085,486.9024389477607
1255	-59.068010113183334,595.7471515741005
1256	-79.27973471804636,421.1578728406539
1257	28.502234064583796,360.6142662478028
1258	-164.0578966319569,233.46258057194785
1259	-1141.4924805560113,648.4857202530809
1260	-1013.2403359672933,608.0962614626045
1261	-4.244096354139971,145.44277791902084
1262	-62.58816353533217,774.5859177786677
1263	-410.7682707679682,224.60116631913985
1264	-278.5226377794897,549.0457778178944
1265	-335.1396119293431,913.0037410630802
1266	-268.74871720390024,189.45765196144717
1267	46.58997733412329,593.2729041598739
1268	-176.11728658776804,546.9979496081194
1269	-180.39060525769258,426.9144282239969
1270	-91.48174046404144,230.90668994906355
1271	-342.81231703284476,454.65670544423693
1272	5277.114518598029,-2899.518357271979
1273	-261.5908106032301,689.0942320962008
1274	-356.00968436585896,501.6424684856425
1275	-5.545101883530737,475.89484375128984
1276	-296.4203260369836,150.077581140421
1277	-41.73723458949302,273.70418708622304
1278	-86.39585011508512,448.43370973057614
1279	-656.1288824913835,391.77869969937996
1280	-353.26502500315866,333.47025646072933
1281	-323.37815399515466,912.4590959594302
1282	-258.2646476330666,475.1789404350341
1283	-3995.736752738343,-2783.4135713579076
1284	1060.1786488037205,4706.0447835186815
1285	-4613.9037839635475,-1095.5034861927536
1286	24.99480098795191,140.07192116914257
1287	-173.77690646753055,619.4745233280024
1288	-399.0737189580333,606.7482229868576
1289	166.6562225554447,75.9404496873767
1290	-273.04358189250104,623.2639048438925
1291	-610.028957073559,554.1137046559066
1292	1223.3476758804286,4653.181666198916
1293	-318.7639929619643,479.7387320455439
1294	1165.1641074479558,-4806.124692512473
1295	62.70273423076188,415.97003505967643
1296	52.980889810977835,348.9214348053419
1297	-311.11330026271463,903.9572673797143
1298	-342.545209863469,522.3520652874254
1299	2799.4320131258733,-3965.241879582058
1300	-148.93377351356236,507.75237736856917
1301	-184.27805049714152,613.6448792608641
1302	-294.67421469751616,27.78597023222858
1303	-479.7735547824215,371.49149523774935
1304	-319.57186162036396,917.3505726790987
1305	-150.1343945643218,798.5573880577876
1306	-327.9720106517693,396.26094060897447
1307	-116.67012964501221,729.0887701583123
1308	-169.87088974312292,751.5625494911205
1309	-239.2238683895581,455.030135391496
1310	-186.36777412472375,775.9095790599877
1311	-2579.770237229009,-3905.061542952925
1312	4445.583817458803,1718.0304393758313
1313	-318.75492648953406,339.8748177881449
1314	-454.89879087116645,79.88439510368362
1315	-336.8520625397456,261.823575125398
1316	-458.78215518891716,496.0759333711212
1317	-213.14410833719444,206.73874892903783
1318	-192.9280615949894,554.6636244562111
1319	-407.6542061602998,95.5892199360694
1320	-298.7606160800275,384.4057007120234
1321	-74.22434085113204,660.2431470515425
1322	-121.52473119933708,656.6587410082062
1323	-80.60666849783848,706.1758114572352
1324	2711.735202622959,-4034.4785566573846
1325	-240.0298409187548,90.05762781219478
1326	-147.5671749206739,49.879994269653785
1327	95.39349724102347,4908.2689280145605
1328	-69.32610216206632,523.109456677429
1329	-209.27098633295242,137.68172357337895
1330	-338.09883716792154,307.1711924228919
1331	-282.11350699519215,-1.2907829709330496
1332	-372.200014902458,394.7518947505711
1333	-238.46162495496736,258.2764208470063
1334	-58.838198897961846,437.84049024958097
1335	-291.40684811705967,233.4340637412282
1336	-329.51261545266647,910.154175067646
1337	-296.7058896548681,185.5628527517834
1338	-227.57386323910427,902.4527158501223
1339	-172.16958603858168,364.663483761623
1340	-401.14898016630343,290.0532060804445
1341	-345.1074620196048,564.5492622380253
1342	107.90092209723265,375.43040393648596
1343	-321.0205121570602,899.7805858217167
1344	-193.60458908228512,780.3355520003173
1345	-28.4650748715462,303.8546939272178
1346	5.465712047596239,641.6699533263571
1347	-4929.204051633915,-296.6897450890727
1348	-55.35769982247898,504.18339279144953
1349	1.8917920995521147,590.8437947977443
1350	-223.4023829860097,677.5395386798159
1351	-118.05239174590136,493.6312785316392
1352	-142.85479843437113,388.6906987418897
1353	-318.60434446463086,922.7996012388749
1354	38.55010116070142,616.7754376169484
1355	-336.89320134924924,119.91133729406015
1356	-263.59489482696927,595.2289326076606
1357	19.099630732680062,464.3280243751167
1358	-1779.8388317959216,-4802.989857756214
1359	-113.83492651160161,593.06038671428
1360	-248.0848971455028,179.46846897206845
1361	-389.2152113640204,413.38567178945647
1362	-209.96731894526732,325.507474583683
1363	-3471.801989309248,-3439.2520869985456
1364	-188.03644895547217,695.5484362886874
1365	-191.72885794655426,667.2941342982615
1366	-334.7143159279429,610.1032442670435
1367	0.7969448134305823,761.5035601365943
1368	-491.3966079711815,399.71327428709026
1369	-136.8691586403608,615.2288582775295
1370	831.9688912007881,-4634.551712055634
1371	-160.52193899069405,544.0240934625072
1372	-93.32633182702608,679.8875936485055
1373	-25.40954485005609,462.16633572235116
1374	-287.5438093382968,478.35716123472827
1375	-330.4078025742377,634.7069782786181
1376	-3989.7309154038735,-2426.8061730443774
1377	-301.3097357461549,912.0149844650796
1378	-554.590137813703,207.39336750138548
1379	-541.4116441331078,352.29399640295907
1380	12.383669273200804,-775.8518458961304
1381	-142.62399258727132,28.624697128050382
1382	47.991010009900826,110.70841974440303
1383	-233.99533690482176,528.6344529133437
1384	-287.99650928535357,509.9235367130963
1385	-227.58316569255155,817.5399775913845
1386	-4451.388261990463,1251.2974801196076
1387	60.40181150286144,484.4563124181543
1388	-387.28871574001204,624.3152484448831
1389	-157.3327078722348,605.0965309768021
1390	-269.7138081306588,424.39529301680244
1391	-455.19886950709764,255.08073385918064
1392	-0.8600173928444121,224.81504195861402
1393	1.9848998652972252,678.9210367423823
1394	-135.510258888434,219.08390633519008
1395	-457.71577358264096,163.74025945541848
1396	-408.0916592721839,422.1490402489522
1397	-623.423159511591,340.8472884601928
1398	148.6118370655629,557.469865457233
1399	-129.19672371168846,511.7522373851877
1400	4812.354192433674,787.3720935045667
1401	-78.33871168269265,109.30116949535667
1402	-342.0473355166376,587.9904282275583
1403	-98.908997503609,589.0114333062488
1404	-220.894943996799,756.6177789301935
1405	-622.0682139101023,349.6273576125605
1406	-148.1141639765435,554.7118254753756
1407	-359.75503362189966,228.5649930789248
1408	-258.2845938095859,585.1585131523467
1409	79.90653078913205,339.8390397113293
1410	-329.01138300502083,240.28996288971342
1411	-244.2555821153884,635.2046233959449
1412	-365.56237056225916,424.5966726720872
1413	-313.3579979615466,156.1312435921679
1414	-283.1075220454667,487.82146062919463
1415	-384.7438676386055,806.7072706469246
1416	-69.98415060367735,804.4805585341759
1417	-7.881748986492241,63.47438536743535
1418	-117.5929821283149,394.80982083401386
1419	-207.05121634955833,270.2473353821345
1420	-209.98926004465534,521.6518955455904
1421	-159.01911463486812,762.0559377856924
1422	-217.699009527253,533.878490181984
1423	-210.66094980674637,515.5963256282304
1424	975.9396332889729,-5041.753651212268
1425	-249.40245128350702,366.6806085140241
1426	-364.1022625415033,469.7338999400544
1427	-115.63269461941212,166.48705874396197
1428	-327.5291666456406,917.982638706651
1429	-178.53178617511884,282.55432034232484
1430	-157.30292628111854,131.91969902670306
1431	-348.55505455235874,388.25542394519414
1432	-170.96516230726942,491.005530521879
1433	-341.7315370501128,690.5321712574024
1434	-38.76436608813027,667.7372088063139
1435	-190.69013812291934,235.75930882992296
1436	27.254555902913648,613.6289875518544
1437	68.83578280161592,273.830507089085
1438	-267.22050039232334,462.89552511625635
1439	-57.847538899106524,-89.96297060056315
1440	-622.4046533383719,169.84117982401835
1441	-191.18673527887847,535.3651245796259
1442	115.74170672186065,657.3324266822068
1443	1406.4264826070378,-4679.738008402884
1444	-57.35252668885631,540.1273656640982
1445	-207.8229011288915,462.5427312578783
1446	1.891411646028378,170.74571890353442
1447	225.54307602876457,464.8907373925655
1448	-306.4679589584239,678.1752799034311
1449	-82.4864561570805,433.2867859837681
1450	-163.60316153156023,716.683657263875
1451	-328.70412514479153,283.27829718080403
1452	971.915267158767,4798.02046301506
1453	1483.9279628742154,-4683.138044309557
1454	-231.39545897751483,795.1685664517614
1455	-379.39934817822586,434.670569679068
1456	-394.5908342367879,389.42930662331975
1457	-198.29837965195975,500.97517930458866
1458	-204.1166870569338,505.1836664631129
1459	-149.52581269274395,305.5499431393983
1460	-58.339617085772936,516.1848919474933
1461	-104.33378866726287,194.89936526882695
1462	-3170.6918925626233,3826.370307758678
1463	-158.80072800103898,70.95868971371975
1464	1023.4995131675483,4677.524590167842
1465	4830.257124850373,-942.2994991445792
1466	-3313.358521671942,3652.588515738069
1467	-331.17045757534675,905.2794718913959
1468	-70.62833571444462,641.1005516111248
1469	-212.00790223742212,759.9882668627133
1470	-389.3726264558978,685.1241530795146
1471	-364.9101324867489,396.8001941763062
1472	-111.22132835202726,677.0088373894177
1473	-42.31559074186421,56.23869228384244
1474	-323.43093440334553,906.4971854934762
1475	-85.48112624228108,535.1098256149116
1476	-170.23907230811975,256.04848189043423
1477	8.347546638645184,-388.78387353913814
1478	-106.21021489968079,118.36325503240383
1479	-121.66305996713756,342.1204688596223
1480	4622.289560304309,1641.1116901152513
1481	233.96548976088573,339.22840353026487
1482	-88.2758510985915,330.98848721819775
1483	4509.77068480021,-166.1068163289963
1484	-485.1220585091148,141.34875395239106
1485	-274.8578756131612,862.3168654689827
1486	-220.64141275925383,941.1737414968978
1487	-167.21914939261282,638.4028882152461
1488	-118.93135692426968,1058.73069045772
1489	-125.46958338742363,803.2566171973392
1490	-580.7599002657881,730.6758282873146
