1	0.4661575,0.5774955
2	0.45958534,0.6215343
3	49.032665,-13.455279
4	-31.356853,39.987255
5	0.7167312,0.55048734
6	0.23418798,0.7111169
7	0.38669306,0.8517571
8	0.4504887,0.6258894
9	0.44443032,0.5207816
10	0.47188824,0.5513468
11	0.31174675,0.27355373
12	0.3836668,0.73065066
13	0.48340687,0.56731194
14	0.5232116,0.5380415
15	0.49398962,0.6271046
16	0.4851759,0.5653016
17	0.26418436,0.61934775
18	0.47469354,0.5921136
19	0.30150685,0.5721428
20	0.5686766,0.5984128
21	0.5546017,0.58170533
22	0.5339711,0.54420364
23	0.47257304,0.5875676
24	0.46345425,0.591144
25	14.806168,49.019257
26	0.42444545,0.81613576
27	0.46101898,0.57480204
28	0.43190223,0.58015347
29	0.46403348,0.6442523
30	0.13013008,0.7627255
31	0.53237045,0.5585772
32	0.42482713,0.5048777
33	0.6941153,0.6284365
34	0.36896592,0.5326533
35	0.5436696,0.59223676
36	0.42197952,0.5744059
37	0.47071964,0.79461807
38	0.62383276,0.75956565
39	0.48515186,0.6533339
40	0.48372802,0.5986306
41	0.41829738,0.69981545
42	0.5703033,0.6129616
43	0.646768,0.59566104
44	0.61487025,0.86750174
45	0.35602826,0.7104064
46	0.54371303,0.6058605
47	0.64716184,0.7000362
48	29.871212,-40.487648
49	-41.819874,27.837984
50	5.4767756,-49.775723
51	0.4962927,0.8621493
52	0.30814192,0.8032965
53	0.4589119,0.7100281
54	49.464973,-12.256051
55	0.5044542,0.58255917
56	0.5058249,0.6017741
57	-36.72225,34.146763
58	0.6240762,0.5576393
59	0.60113704,0.8727695
60	40.697796,-30.161098
61	30.845688,41.12844
62	0.41203222,0.86126107
63	41.244087,30.126379
64	0.56521755,0.54167277
65	0.42477158,0.6271775
66	0.31848136,0.8286669
67	0.69676125,0.75463617
68	0.47325864,0.55412304
69	0.4163549,0.7612038
70	0.5531691,0.6425546
71	-39.254585,31.843796
72	0.51358306,0.591972
73	0.5567256,0.6385417
74	-46.203644,19.514408
75	0.5053743,0.6053918
76	0.24673545,0.5290852
77	0.49685776,0.77655894
78	0.5418135,0.66739017
79	0.45728433,0.67513424
80	0.6052735,0.5268892
81	0.72300446,0.5392569
82	0.5808858,0.6276647
83	0.6829002,0.80040586
84	0.4291245,0.5141764
85	0.51902753,0.6702377
86	0.5097467,0.813812
87	0.5868086,0.61449045
88	0.36645523,0.557552
89	0.48823902,0.5556473
90	0.5253223,0.6093405
91	28.00617,42.96579
92	0.6248947,0.63229597
93	0.6085111,0.56293666
94	1.631785,-50.078457
95	0.47136506,0.7157172
96	0.50809795,0.70946366
97	0.56325674,0.6941336
98	0.4138393,0.69009477
99	0.511398,0.6008553
100	0.54842806,0.6044907
101	0.47289643,0.5769758
102	0.52463627,0.61132616
103	0.6418547,0.67252654
104	0.5812829,0.8764806
105	0.62711227,0.8690544
106	0.45216838,0.89795154
107	0.37228817,0.6939945
108	-0.9086873,50.930588
109	0.47087905,0.60734725
110	0.63956064,0.72084975
111	4.036191,50.901443
112	-10.971154,-48.53325
113	0.47980127,0.5361501
114	0.5118185,0.6332198
115	0.5320184,0.58922005
116	0.2734201,0.8123922
117	0.5638843,0.5684818
118	0.5116093,0.60904115
119	0.56467295,0.50121045
120	-2.151701,50.796993
121	0.58520705,0.6826716
122	-18.671307,47.153248
123	0.46605688,0.68026847
124	0.52909416,0.6523159
125	0.5383128,0.694178
126	50.133007,-8.394275
127	0.60199094,0.68182665
128	0.23033659,0.5287368
129	0.6074765,0.8910808
130	0.56633884,0.57923764
131	51.002434,3.479816
132	0.476441,0.5232041
133	0.725761,0.67585015
134	-46.674507,18.41299
135	-49.92504,-0.7521261
136	0.4771413,0.488205
137	0.46774384,0.6145907
138	0.5584938,0.6809444
139	-49.76061,-1.8708235
140	0.53132415,0.64002633
141	0.34007674,0.73231965
142	0.43373612,0.5287592
143	0.5541774,0.7055588
144	0.49587372,0.59763485
145	0.51465005,0.6213469
146	45.06711,-23.323944
147	0.3954093,0.6545153
148	-42.166695,-26.510704
149	0.5845492,0.64615196
150	0.5277682,0.5506771
151	0.54840875,0.54463935
152	0.72459084,0.75626135
153	-18.009502,-46.539127
154	0.50239575,0.5893935
155	0.49849132,0.5869825
156	0.5132173,0.6205916
157	0.50631976,0.6842831
158	0.7767586,0.71918654
159	0.4651934,0.6050629
160	0.4519798,0.5981745
161	-47.70369,-14.630992
162	0.4426039,0.603651
163	0.34502146,0.6075935
164	34.68546,-36.89985
165	0.54296553,0.6362804
166	0.63283014,0.7972102
167	0.4852612,0.5597315
168	0.4598301,0.6562952
169	-49.525185,-6.3165402
170	0.4711553,0.51952916
171	0.11955028,0.7397766
172	0.51039284,0.63407546
173	0.32363498,-0.09469889
174	42.074467,-28.212265
175	0.6614813,0.69338834
176	46.995502,-19.168003
177	0.57932436,0.62836593
178	0.40661663,0.5779964
179	0.60491407,0.5593065
180	0.50050765,0.581181
181	0.52395904,0.61397356
182	-6.6139884,-49.216885
183	33.66674,-37.59251
184	0.20975792,0.3846537
185	0.41421118,0.53008276
186	0.5427085,0.6703106
187	0.53905183,0.5737811
188	0.48219964,0.72066903
189	0.50508666,0.5868142
190	0.45456818,0.5592852
191	0.4997879,0.61285675
192	0.4020236,0.58974254
193	0.4672185,0.83382773
194	0.40270385,0.6778085
195	-41.78591,-27.4625
196	-9.543247,50.071964
197	-36.230247,35.19011
198	0.574443,0.8130091
199	37.51412,-33.460148
200	0.36189416,0.6900432
201	0.5273718,0.867174
202	0.49333292,0.58542234
203	0.73309064,0.31614602
204	0.550432,0.5765568
205	0.5180542,0.62004465
206	-4.871009,-49.65677
207	0.47106308,0.6701061
208	0.9299601,0.58851844
209	0.5535831,0.60666245
210	0.49925384,0.6072404
211	0.4683615,0.5167654
212	0.5117147,0.9365601
213	0.39234746,0.07857235
214	26.994135,-42.30492
215	0.14665076,0.5048376
216	0.32007825,0.23350406
217	0.44446322,0.6279472
218	0.5239979,0.5691525
219	0.5301651,0.5982049
220	0.52217954,0.6795992
221	37.226665,-34.555717
222	0.39128247,0.7644641
223	0.5094907,0.5433683
224	0.5202185,0.62157416
225	0.21855253,0.36518908
226	-44.14681,23.810434
227	0.41131136,0.5975025
228	4.182512,-49.634872
229	0.5254938,0.6253893
230	0.36315238,0.19072409
231	26.839632,43.384823
232	-29.495966,41.306477
233	0.48082912,0.622764
234	-39.512005,-30.71306
235	0.27277336,0.7666424
236	29.047981,42.26494
237	0.7514471,0.71740186
238	0.4893992,0.6124444
239	0.6118328,0.7322646
240	20.253916,-45.735905
241	0.47412646,0.5746963
242	14.253369,-48.00598
243	0.44368863,0.645998
244	0.58014524,0.78019017
245	0.6221745,0.67337906
246	0.32452565,0.748751
247	34.394558,37.702835
248	0.4306116,0.6425727
249	0.5117191,0.5079127
250	0.35117337,0.56560826
251	-44.665222,-22.247742
252	0.45967492,0.86503303
253	0.49150518,0.51778674
254	-43.278248,25.894415
255	0.23062827,0.6866351
256	0.48773012,0.6157561
257	0.4982278,0.6253854
258	17.890417,-46.670113
259	0.47662196,0.618749
260	-21.257479,-45.26751
261	-43.6368,-23.977386
262	0.58756256,0.6980657
263	-48.28104,-12.582824
264	0.5177697,0.64343506
265	45.79732,23.080551
266	-49.31612,-8.431535
267	0.39688048,0.4971861
268	0.48850778,0.655237
269	0.73358804,0.8209059
270	50.121902,10.137067
271	-21.726004,45.756348
272	0.46317932,0.8499568
273	0.41187942,0.63914907
274	0.39115158,0.7078796
275	0.42380556,0.69913495
276	0.5698142,0.4567479
277	0.4475888,0.7055748
278	0.52749664,0.5675792
279	0.40251598,0.7101659
280	0.31662962,0.63902766
281	0.42626905,0.61154824
282	0.46229517,0.63585645
283	0.38828287,0.6277052
284	0.20981845,0.37242165
285	50.374954,-7.0848103
286	42.79561,-27.259262
287	0.47740185,0.7622827
288	0.516118,0.60299474
289	0.49818477,0.6550126
290	0.59621114,0.6608673
291	0.37514982,0.84673125
292	0.5768772,0.74519515
293	0.59798807,0.6357738
294	12.973945,-48.26061
295	0.5837185,0.56742376
296	0.5309082,0.5058203
297	0.5253939,0.56971925
298	0.5959959,0.58750045
299	0.5666078,0.6371175
300	0.4281174,0.63961667
301	0.5102354,0.57157046
302	21.484287,-45.228607
303	0.5851181,0.6027804
304	-47.561314,16.227314
305	0.48552257,0.7033924
306	-49.375217,7.1526275
307	0.43141872,0.56532323
308	0.2489415,0.5715929
309	0.6075147,0.70103824
310	0.41200498,0.7277113
311	0.50866157,0.69597816
312	0.5725812,0.4739081
313	0.4973296,0.6844268
314	0.64406884,0.71096534
315	0.44350925,0.5257057
316	0.56410813,0.603431
317	0.520745,0.62298834
318	0.3510877,0.67799586
319	47.535603,-18.074696
320	-7.0521936,50.13491
321	0.37541652,0.75534844
322	-49.95475,2.663595
323	0.50764906,0.5755331
324	-25.762857,43.74461
325	0.76305884,0.16236615
326	0.47769645,0.60613817
327	0.27809024,0.4398075
328	0.5515049,0.69003063
329	0.34859556,0.6258534
330	48.862984,15.350786
331	0.53520143,0.71309966
332	0.553123,0.5321285
333	0.36410964,0.6428318
334	-45.449047,-20.34197
335	0.4425412,0.55974805
336	17.114313,48.17785
337	0.38736707,0.66337234
338	0.38967758,0.8799356
339	41.32736,-29.139088
340	0.28260407,0.68272305
341	0.4876301,0.67885774
342	50.96587,-1.8924077
343	44.97041,24.230791
344	0.42531326,0.5982749
345	0.60235864,0.53852993
346	16.775146,-47.323524
347	0.513867,0.55965585
348	50.32198,7.381141
349	0.5949016,0.5487521
350	0.47747874,0.6543356
351	0.49224174,0.6431324
352	0.406719,0.46553868
353	0.38408938,0.70964754
354	0.36307165,0.84127736
355	0.33666703,0.69360536
356	0.31775692,0.6219335
357	0.64489126,0.5566176
358	0.4024581,0.78081334
359	-49.892155,-2.9833243
360	0.5436353,0.8072432
361	0.4354341,0.56003696
362	0.4590925,0.7616475
363	0.5022666,0.6182817
364	0.2837896,0.7802326
365	0.6387408,0.65596193
366	-48.216873,13.963155
367	0.41197053,0.6875616
368	0.5061164,0.7213291
369	-33.896645,37.784294
370	0.35146803,0.5083136
371	0.5037064,0.651783
372	-14.168734,48.75748
373	0.62622035,0.74268836
374	0.52997184,0.623989
375	-14.586199,-47.64597
376	-40.97691,-28.070791
377	0.53557324,0.6042227
378	0.43781754,0.60063183
379	0.45641774,0.68653655
380	0.16680996,0.91087794
381	0.40020368,0.5700186
382	0.23535703,0.50392985
383	0.4396716,0.61546075
384	0.4973875,0.7282112
385	0.49733564,0.72813725
386	-34.559643,36.8235
387	0.49246663,0.5593396
388	0.28087136,0.5276304
389	0.5117106,0.59917635
390	0.51911944,0.5058788
391	0.4801542,0.6445254
392	0.14528584,0.7252617
393	0.49669135,0.5628634
394	0.52039254,0.55199647
395	15.530094,-47.75708
396	0.54056877,0.62199074
397	0.70235354,0.87315005
398	-26.679249,43.03646
399	0.482196,0.6060644
400	0.48998702,1.115865
401	0.6802969,0.61260015
402	0.5489916,0.6164307
403	0.74013203,0.6871785
404	0.33654103,0.7600539
405	0.5233752,0.56828517
406	0.5730497,0.4924669
407	0.13692611,0.772279
408	0.12533571,0.7518744
409	0.45466784,0.6485747
410	0.51964045,0.6241138
411	0.25577712,0.67426443
412	33.741856,38.7262
413	-24.668629,44.095394
414	0.68060535,0.5787248
415	0.38284343,0.55068016
416	0.4048307,0.62464607
417	0.5169891,0.5879263
418	0.5820437,0.5863228
419	0.3661541,0.5448454
420	0.33947912,0.6696004
421	0.3782244,0.60839444
422	0.42225507,0.5671871
423	23.78655,-44.056705
424	0.36138263,0.8138604
425	-28.440681,41.685177
426	0.32424125,0.78319985
427	0.4745347,0.68932074
428	0.37168643,0.5837375
429	0.36236763,0.7391381
430	29.795177,41.23694
431	0.48600507,0.5801634
432	0.45726168,0.5842635
433	-34.21069,-36.579823
434	0.5103862,0.6027368
435	-34.77687,-35.722584
436	0.5321539,0.6341667
437	0.24845509,0.5584022
438	0.5603794,0.52140087
439	0.51812613,0.7518819
440	0.3654741,0.50878036
441	0.49693087,0.6099234
442	0.59500575,0.48883516
443	0.55710536,0.66099596
444	0.44909713,0.59556735
445	0.68815994,0.7559382
446	0.4868987,0.62944174
447	-2.2398617,-49.898083
448	0.5930743,0.66965663
449	0.48795694,0.5890864
450	0.34271607,0.8473686
451	0.54361093,0.65083826
452	0.39793792,0.55367905
453	0.50796676,0.61796
454	0.4764295,0.6347531
455	5.1630974,50.420193
456	8.765938,50.385315
457	-20.597929,46.01394
458	-26.83593,-42.13342
459	-22.074953,-44.535748
460	0.520954,0.5858081
461	0.54810065,0.5934027
462	0.53620374,0.9006453
463	31.830338,-39.07466
464	-36.806385,-33.56433
465	0.50552666,0.6222551
466	0.4370001,0.69614345
467	0.5233159,0.5659892
468	0.51337886,0.5617071
469	0.51388204,0.553036
470	0.62766623,0.6889995
471	0.71044046,0.6913528
472	0.53705263,0.5837228
473	-48.385765,-11.511037
474	0.22438072,0.34985423
475	0.57086605,0.63069665
476	-48.424282,12.806701
477	0.53824973,0.5275599
478	-50.04613,1.5221763
479	0.5143943,0.5373047
480	0.5379591,0.5745549
481	0.48960453,0.6672403
482	25.000263,44.7249
483	0.51397693,0.55742073
484	0.47449282,0.59484595
485	43.00523,28.022036
486	-35.363388,-34.868156
487	0.4965945,0.92798007
488	0.5940049,0.7678056
489	0.49879768,0.59497696
490	0.54125875,0.49232474
491	0.37041768,0.74570143
492	0.5136702,0.61448294
493	0.5148795,0.57881945
494	0.5493663,0.71539927
495	0.49007207,0.6007322
496	0.5551683,0.79851794
497	0.39867803,0.8574486
498	0.50042874,0.63431644
499	0.5879943,0.5149465
500	0.6259823,0.4723238
501	0.5505956,0.576077
502	0.25229123,0.6109042
503	0.42757413,0.6270455
504	0.6060877,0.6197489
505	0.3899679,0.52683383
506	0.7140799,0.7226733
507	0.69381016,0.5886033
508	0.5330128,0.652827
509	0.21277413,0.35475975
510	23.907803,45.298634
511	0.3379597,0.63974375
512	0.48989046,0.59350705
513	0.45467913,0.7918398
514	0.53162134,0.56224895
515	0.5698726,0.50740975
516	0.5222048,0.90099394
517	0.52823174,0.65772164
518	0.40621698,0.425042
519	0.5471157,0.55351096
520	-12.968486,49.065872
521	0.43524826,0.7223037
522	-42.766052,-25.663115
523	0.549839,0.062897936
524	0.48937565,0.57376903
525	0.57514334,0.6700757
526	-49.583626,-5.1984525
527	0.4087331,0.5538617
528	-19.841362,46.835945
529	6.3600416,50.620934
530	0.34063566,0.5501534
531	35.161606,-35.830223
532	0.41259417,0.6037289
533	38.584717,-32.871513
534	0.48686635,0.8448624
535	0.52224284,0.5779723
536	0.5286197,0.6241938
537	0.53870094,0.76589644
538	0.43074197,0.51570725
539	0.54219013,0.46387732
540	0.7150051,0.6647014
541	0.56537265,0.7190976
542	0.6390446,0.8178537
543	0.36909738,0.8718074
544	0.4399869,0.5911405
545	46.243095,-20.09335
546	-11.777643,49.466583
547	0.5226859,0.570548
548	0.3141306,0.59666014
549	0.3822912,0.5984382
550	0.42828584,0.6545028
551	0.39939114,0.62164354
552	15.917492,48.492016
553	0.35163802,0.6478407
554	0.31340328,0.7008426
555	0.39863858,0.6361786
556	0.4821662,0.61850214
557	-38.370487,32.652813
558	-15.788934,-47.39552
559	0.5251138,0.5366862
560	0.49818075,0.5573954
561	0.5017425,0.5734045
562	0.45975646,0.5251644
563	0.49873596,0.58411026
564	0.45147428,0.6147863
565	-41.132095,28.831224
566	0.50049627,0.56879437
567	0.45434657,0.55026525
568	0.45134497,0.62422985
569	29.010845,-41.45481
570	0.5044521,0.59652996
571	-3.400426,50.83773
572	0.4608284,0.63235456
573	0.46426666,0.60335904
574	0.53110397,0.60338956
575	0.52306813,0.58830893
576	44.395287,25.54065
577	0.4778388,0.6070538
578	0.48301443,0.71312356
579	0.5117995,0.5913581
580	0.5202224,0.71493906
581	-33.281616,-37.03797
582	-8.269181,50.21982
583	0.587888,0.64494044
584	0.6981128,0.69231826
585	0.49195448,0.6268148
586	-39.845028,30.802677
587	0.45336115,0.54049796
588	0.59404093,0.52850044
589	0.44507313,0.5939458
590	0.52122325,0.66571957
591	0.52548325,0.5995537
592	-48.591846,11.651577
593	-36.2773,-34.461098
594	-27.741236,42.578777
595	0.59733975,0.7349106
596	0.45712936,0.5794142
597	0.58323735,0.61534
598	0.6269607,0.6467317
599	50.019382,-9.7076435
600	0.3912019,0.44816738
601	0.6955613,0.6665721
602	0.53851175,0.51264167
603	0.59084815,0.6051822
604	0.4865833,0.6198975
605	0.42595482,0.5606396
606	-10.5191145,49.438873
607	22.732489,-44.819714
608	48.829994,14.093553
609	0.45464355,0.60896736
610	0.5053998,0.5159795
611	-42.914867,-24.68711
612	0.49945045,0.6240553
613	0.555951,0.7448884
614	0.63116956,0.6072983
615	0.5276774,0.5472231
616	0.26656953,0.7472478
617	0.5017129,0.6692558
618	0.5147966,0.599626
619	0.58150476,0.5543875
620	0.5341944,0.58710283
621	0.4595799,0.63852423
622	0.30172804,0.7636985
623	0.484819,0.5851271
624	0.42179185,0.13427092
625	0.3627452,0.8036236
626	0.44787112,0.6637517
627	32.872776,-38.501152
628	0.5613444,0.89697856
629	27.982409,-41.449585
630	-35.49484,36.10795
631	0.5261473,0.53016925
632	0.71497005,0.1617343
633	45.512794,-22.21828
634	0.49207416,0.6004449
635	0.51795936,0.69213545
636	-16.848885,-46.832176
637	0.5270567,0.6381553
638	-29.30826,-40.322617
639	-5.8646975,50.49922
640	0.46615756,0.65605074
641	0.5206824,0.58220416
642	0.52682745,0.5774586
643	0.32732415,0.346847
644	0.5024474,0.5708322
645	0.45535812,0.6234469
646	0.3664341,0.5842152
647	0.46889278,0.57862854
648	0.4907054,0.68783295
649	0.5128006,0.63609743
650	0.478553,0.61953545
651	0.34393325,0.81608045
652	0.5107667,0.650942
653	0.5735838,0.69369614
654	0.8500205,0.6481387
655	0.1958354,0.73809487
656	-23.885824,44.910145
657	0.36277255,0.48647156
658	36.090233,35.892365
659	0.3129948,0.6587945
660	0.5376433,0.6235784
661	0.5049089,0.6701217
662	0.45027694,0.5763687
663	50.57189,-3.1355321
664	0.50101787,0.59279484
665	43.84342,-25.234175
666	-6.610273,-49.188587
667	0.52724373,0.723197
668	0.37847352,0.6406035
669	0.5132464,0.5570612
670	0.5748681,0.84804785
671	0.4461792,0.71998316
672	1.5914729,50.966946
673	-22.792305,45.306305
674	0.24949165,0.6542701
675	0.48343334,0.5732948
676	0.53143865,0.5353979
677	0.5452181,0.6137572
678	19.19138,-46.487186
679	0.4582141,0.46501353
680	0.5067815,0.7469366
681	0.40260193,0.65476984
682	0.045792792,0.53974235
683	0.53543854,0.6899549
684	0.37536976,0.46440065
685	0.56821615,0.6491446
686	0.56460124,0.7774222
687	0.48852724,0.6109817
688	0.47226223,0.5729677
689	0.65375704,0.887776
690	0.8559376,0.6326562
691	0.4450448,0.6502709
692	-25.7871,-42.52276
693	0.5408371,0.6077048
694	0.47377938,0.650789
695	2.9541163,-50.000393
696	0.8139024,0.46272442
697	-49.650333,6.035875
698	21.707666,46.402275
699	0.47774512,0.62095815
700	0.44995165,0.844909
701	0.25055966,0.5846324
702	0.47189343,0.651006
703	0.5010054,0.6361809
704	0.4327341,0.7577923
705	0.5825898,0.89757824
706	40.59718,31.39536
707	51.07034,-0.52743787
708	0.57982516,0.7236238
709	0.3858859,0.50680816
710	2.7980201,50.713535
711	0.5532713,0.5709677
712	0.5098764,0.58040017
713	0.514494,0.73175347
714	0.47790757,0.5770884
715	0.5779862,0.68274254
716	0.5485614,0.89959514
717	0.2117761,0.86538184
718	0.31623977,0.7246211
719	39.49434,-31.998074
720	0.79330444,0.4940291
721	0.63297766,0.58828074
722	0.4419636,0.7729554
723	-27.398314,-41.273895
724	35.46878,37.011536
725	0.45063713,0.55545986
726	0.5040678,0.6081307
727	0.5130076,0.5655735
728	-45.703922,20.60303
729	0.53187245,0.5618497
730	0.42782807,0.736463
731	0.4202263,0.55080605
732	0.41127953,0.83554864
733	18.299015,47.82786
734	-48.8897,-10.580102
735	0.557893,0.6525043
736	0.4757605,0.6367497
737	0.43921074,0.60271764
738	0.14377199,0.7832153
739	0.5498417,0.73004067
740	0.66082704,0.80829716
741	0.48724276,0.5408982
742	-45.09094,-21.31012
743	0.5503581,0.5940078
744	0.7452077,0.56116074
745	0.29814652,0.68815804
746	49.860485,11.51758
747	0.5440296,0.6771002
748	50.787514,6.1057596
749	0.6466766,0.5437686
750	-12.239269,-48.47904
751	48.19963,16.589539
752	46.31484,21.751842
753	39.754673,-30.926474
754	0.5036864,0.5724939
755	0.48632514,0.56562203
756	0.5331594,0.5558472
757	0.24274468,0.76886845
758	0.242761,0.7259622
759	-30.23437,-39.805916
760	0.5091701,0.24274847
761	0.3565084,0.3029681
762	0.5526651,0.40663376
763	0.5448395,0.2985886
764	0.5350654,0.43086034
765	0.54808813,0.46501297
766	0.59423226,0.27334273
767	0.54730946,0.37475565
768	0.47009066,0.36091626
769	-15.371114,48.49993
770	-19.065636,-46.018715
771	0.74868214,0.36076096
772	0.56518203,0.3462922
773	0.55810726,0.42240584
774	0.5981949,0.1819123
775	0.5523631,0.35482338
776	0.7157047,0.1312255
777	0.54802346,0.40461743
778	0.53741056,0.3650337
779	0.5255577,0.40408596
780	0.70527613,0.11125364
781	0.5586221,0.4103697
782	0.5103433,0.44650558
783	-3.5628064,-49.87071
784	0.5117842,0.27942443
785	-39.907127,-29.752968
786	0.5985279,0.42681873
787	0.5455782,0.36735654
788	0.5456621,0.48224035
789	9.284766,-49.26595
790	0.40270725,0.34440607
791	0.6120829,0.45325327
792	0.6089968,0.424992
793	0.5042012,0.3467405
794	-0.3063051,0.23921025
795	-42.553234,26.882105
796	0.61703336,0.35427648
797	0.37827978,0.49945936
798	0.5144098,0.49030635
799	0.55226123,0.10968194
800	0.8324844,0.34216177
801	0.5003112,0.38350013
802	0.52109236,0.34423834
803	0.5114947,0.38179475
804	0.39978045,0.2720857
805	0.4903954,0.33614337
806	0.5546198,0.37081984
807	0.5187733,0.42567393
808	0.4197468,0.41335
809	0.43448648,0.58673847
810	0.53345096,0.41722712
811	0.4800276,0.2841708
812	0.5068844,0.18166395
813	0.5622788,0.38614643
814	0.5889194,0.33487314
815	0.5183682,0.37622583
816	0.5836059,0.42940313
817	0.59245557,0.40006727
818	0.5505397,0.47387213
819	0.5504248,0.20120458
820	-0.15832168,0.2836154
821	-0.11431307,0.2968062
822	0.5152636,0.40489787
823	0.48467642,0.39597505
824	0.55801696,0.4610317
825	0.70551986,0.22445406
826	0.54912955,0.42034695
827	0.5182486,0.19363342
828	0.6350381,0.36996084
829	0.5993359,0.43672296
830	0.5957659,0.43858653
831	0.63948655,0.30946517
832	-46.44219,-18.529373
833	0.46629283,0.23113453
834	0.7866334,0.26213178
835	0.581021,0.42471638
836	0.59028965,0.5197224
837	0.56463003,0.46530324
838	0.5540835,0.4488443
839	0.5673378,0.3389842
840	0.69980454,0.4258444
841	0.5473603,0.24824458
842	0.61371684,0.30676284
843	0.56845754,0.32741976
844	38.29879,34.229866
845	-23.88798,-43.321236
846	0.3450106,0.27851954
847	0.50269926,0.3309126
848	0.6326611,0.09238084
849	0.62282264,0.2035814
850	0.39619306,0.2937864
851	0.57870775,0.37340719
852	0.53754926,0.4213528
853	7.568276,50.29701
854	0.53765416,0.288232
855	0.5889212,0.31951115
856	0.54864484,0.43589845
857	0.50093615,0.44165406
858	0.7014025,0.28191254
859	0.503192,0.31660235
860	0.6305447,0.40699172
861	0.42337063,0.54444593
862	0.58484584,0.3606008
863	0.5662679,0.085631885
864	0.65626246,0.3986081
865	0.58034825,0.39952186
866	38.310944,33.340065
867	-32.842552,38.260086
868	0.58461547,0.08918689
869	0.5956973,0.3060149
870	0.5127022,0.27443054
871	0.6810873,0.35209912
872	0.5756997,0.32788616
873	0.4924747,0.36245298
874	0.5348009,0.30878574
875	0.43946236,0.33976614
876	0.5336987,0.24773493
877	-46.630985,-17.512531
878	0.55826306,0.42502835
879	0.5278268,0.42955062
880	0.55451894,0.4079924
881	0.4921663,0.4029062
882	0.65588504,0.34349272
883	0.57692224,0.41077384
884	0.40406188,0.14276594
885	0.5404412,0.44080168
886	0.53019446,0.46567187
887	0.6582088,0.5266603
888	0.7211,0.2950305
889	0.65794295,0.24642907
890	0.2314683,0.32091624
891	0.436067,0.4087677
892	0.5574238,0.39615303
893	0.5703292,0.3592812
894	0.6468648,0.26577297
895	0.5878832,0.4393465
896	0.33319837,0.4592006
897	0.6166231,0.44130576
898	0.64468765,0.37175307
899	0.6518096,0.329694
900	0.56894773,0.41588444
901	0.52150357,0.34621254
902	19.430801,47.32714
903	0.68084,0.2686818
904	0.5368703,0.32981932
905	-47.77445,15.060782
906	-38.61018,-31.15655
907	0.5177966,0.38425595
908	0.59844726,0.35939154
909	0.5761778,0.43117326
910	0.47869503,0.13951191
911	0.6462775,0.5169835
912	0.22815387,0.33250815
913	0.49017927,0.2772904
914	0.5586516,0.24214801
915	0.6269226,0.26241854
916	0.59065616,0.37833366
917	0.3400679,51.008224
918	0.6007208,0.4689041
919	0.55771923,0.39789495
920	0.3893333,0.24478155
921	0.50530654,0.4130498
922	0.5357099,0.38358507
923	-30.350672,40.524967
924	-47.16647,-15.525794
925	0.5862374,0.2663864
926	0.4512461,0.2231595
927	0.5262006,0.45529038
928	50.681194,-5.788152
929	0.60480255,0.19547029
930	0.6268888,0.36670303
931	0.60886246,0.22439168
932	0.57464397,0.4610064
933	0.6014792,0.41665456
934	0.53730273,0.3964217
935	0.5667406,0.45347047
936	0.55650884,0.49191403
937	0.6140226,0.3937467
938	0.4915215,0.43106315
939	0.54669386,0.14717947
940	0.61815596,0.40711552
941	0.5464572,0.42780694
942	0.6110602,0.37648934
943	0.5369754,0.4601016
944	0.5407571,0.42428762
945	0.7727682,0.17539313
946	0.52740586,0.3303089
947	0.47804427,0.41752246
948	-28.399843,-40.87473
949	0.56529796,0.3288038
950	0.58539355,0.40464652
951	0.4379639,0.2586708
952	0.5497377,0.4048478
953	0.55499595,0.4035586
954	0.68120754,0.2895189
955	0.5122448,0.30911174
956	0.54351,0.39845046
957	-37.77979,33.722866
958	0.53403616,0.28270414
959	0.62426114,0.38181382
960	0.6122246,0.10721649
961	0.5541622,0.43764699
962	0.6842176,0.45011026
963	0.5032441,0.38904056
964	0.6241695,0.3284121
965	0.5336883,0.26638728
966	0.54678506,0.39090097
967	0.5560343,0.48171455
968	0.6432474,0.4548834
969	20.602337,46.95203
970	0.66283613,0.508305
971	0.5735977,0.37763512
972	0.52270883,0.4217365
973	0.5767028,0.4447625
974	0.5198718,0.3905
975	0.4517184,0.36383474
976	9.958456,50.01147
977	0.46670064,0.38386458
978	0.3653483,0.2810158
979	0.43007302,0.4341471
980	0.5830814,0.38589367
981	0.5699995,0.37884042
982	0.500309,0.36305192
983	0.7449653,0.42662022
984	0.38370776,0.2911371
985	43.125843,-26.165792
986	-49.89629,4.912981
987	0.6825394,0.10043716
988	0.59853995,0.4056992
989	0.5253687,0.31214145
990	0.5240156,0.42003465
991	0.6520491,0.39480677
992	0.5231782,0.3018254
993	0.5938888,0.428453
994	0.42892703,0.39153638
995	0.4889564,0.34321377
996	0.5141731,0.35417795
997	46.22353,-21.23371
998	0.5085948,0.41317543
999	43.588463,26.730507
1000	0.5753813,0.34678718
1001	0.49479228,0.46077788
1002	-38.199764,-32.08664
1003	0.6086026,0.40093887
1004	0.51977736,0.46163335
1005	0.44707504,0.23609997
1006	0.54310626,0.16343573
1007	0.5304849,0.3870101
1008	0.58135307,0.3672399
1009	0.56395906,0.29668668
1010	0.49374077,0.36374664
1011	-8.446868,-49.060154
1012	39.574352,32.3779
1013	0.5663891,0.3939305
1014	0.80882514,0.3906766
1015	0.5234774,0.34419253
1016	24.992985,-43.6652
1017	0.64571524,0.100169346
1018	0.35232365,0.25011015
1019	0.7526049,0.35005522
1020	0.6028923,0.45908052
1021	0.48960942,0.47096688
1022	-44.82255,22.831083
1023	0.3755183,0.37990955
1024	0.5103722,0.35038212
1025	0.4267662,0.23541714
1026	0.54664797,0.32029927
1027	-45.26571,21.716534
1028	0.5073566,0.3914338
1029	0.4469049,0.15560377
1030	0.6708536,0.10802911
1031	0.5128013,0.43012083
1032	-13.383382,-47.9725
1033	-46.99029,17.261293
1034	0.7547142,0.33233178
1035	-49.757484,3.7895617
1036	0.5729709,0.3660981
1037	0.55310327,0.34817556
1038	0.48532104,0.40728393
1039	46.634716,20.403719
1040	0.61087555,0.4329101
1041	0.5643867,0.4277371
1042	0.7532917,0.3961662
1043	13.598023,49.3416
1044	0.45714366,0.43677828
1045	0.562971,0.38059506
1046	0.08439895,0.42979342
1047	0.57355845,0.43278402
1048	0.5483913,0.43116942
1049	0.52226484,0.4125878
1050	-49.837708,-4.1138563
1051	0.5460759,0.4411549
1052	0.56538486,0.4411465
1053	0.54739946,0.38872504
1054	0.53699154,0.37593716
1055	0.5092994,0.41283172
1056	48.0339,-15.695586
1057	0.650546,0.2917889
1058	0.64980924,0.27952644
1059	0.3674044,-49.842896
1060	0.69289625,0.5146704
1061	0.58837575,0.41018125
1062	0.5992404,0.34136924
1063	0.55868036,0.4799266
1064	0.7252656,0.2146183
1065	0.61538523,0.3579432
1066	-48.081306,-13.635382
1067	0.5244809,0.4258839
1068	0.6385027,0.291321
1069	0.5331219,0.37282792
1070	0.660294,0.45328137
1071	0.6387329,0.38630706
1072	0.506458,0.2922824
1073	42.264427,29.260523
1074	0.63229483,0.5731707
1075	0.72717696,0.44723728
1076	0.6448493,0.38417196
1077	0.6793003,0.33406913
1078	0.4020536,0.23029761
1079	0.21900779,0.3394608
1080	0.6054072,0.2644821
1081	0.5289295,0.38599843
1082	0.66158247,0.36853346
1083	0.64733756,0.43227792
1084	0.4232924,0.27349108
1085	0.47663775,0.45404458
1086	0.5441762,0.47914517
1087	0.67699367,0.19584046
1088	0.56039155,0.37248492
1089	0.7366354,0.7389622
1090	0.48275504,0.24382667
1091	0.577203,0.40082073
1092	0.5870755,0.3916891
1093	0.56475604,0.30249062
1094	32.68853,39.393047
1095	0.60828507,0.39686084
1096	0.5877771,0.39170447
1097	0.7395955,0.28615075
1098	22.830833,45.89486
1099	0.6834105,0.7656459
1100	0.73088104,0.41609347
1101	0.5794188,0.39174277
1102	0.6180928,0.19195223
1103	0.5604789,0.40506923
1104	0.538052,0.42819452
1105	0.60238034,0.28051057
1106	0.5406287,0.34624404
1107	12.3672695,49.515743
1108	0.5728581,0.37441146
1109	0.60732734,0.5139076
1110	49.438,12.850912
1111	50.73999,-4.4452715
1112	0.5324083,0.4167015
1113	0.5248673,0.44601226
1114	0.48303795,0.36796066
1115	0.51708776,0.37514985
1116	0.5301006,0.20475717
1117	0.54020476,0.5018302
1118	11.194237,49.945522
1119	0.3750423,0.32380548
1120	47.400955,19.253279
1121	0.5426275,0.42127132
1122	0.53963834,0.3792672
1123	0.63160807,0.40667284
1124	0.6679144,0.34031382
1125	0.55906373,0.42326042
1126	0.5255093,0.33465403
1127	0.4407872,0.30832297
1128	0.49313316,0.37394398
1129	0.7110527,0.24948189
1130	0.57468104,0.30454832
1131	0.44643435,0.6347408
1132	48.632286,-14.647702
1133	0.59536165,0.35926953
1134	0.5051244,0.41350746
1135	0.5702389,0.40048242
1136	0.7323104,0.33291274
1137	50.541634,4.7445784
1138	47.758858,-16.891102
1139	0.6397501,0.4381809
1140	0.50209814,0.47889167
1141	0.5640985,0.3509695
1142	44.631107,-24.434715
1143	-40.652462,-29.034697
1144	0.64122206,0.41919476
1145	0.6466445,0.2310618
1146	0.60853887,0.31430915
1147	10.496554,-48.776783
1148	0.4914924,0.38038006
1149	0.47856185,0.327421
1150	0.5755235,0.39030933
1151	47.929073,17.944925
1152	0.5452655,0.46316785
1153	0.5629266,0.41738474
1154	0.58750653,0.32693192
1155	0.41753888,0.39485198
1156	0.69783556,0.3168463
1157	0.6587797,0.10493727
1158	0.6688699,0.32479116
1159	0.59965235,0.3286784
1160	0.82708204,0.3006621
1161	0.54195625,0.41175145
1162	0.592244,0.43867746
1163	0.53719693,0.39586475
1164	0.5645901,0.3973055
1165	0.5421114,0.2102706
1166	0.5803823,0.45148888
1167	0.57375467,0.27822423
1168	0.612648,0.39622855
1169	0.75047946,0.43656978
1170	0.76254857,0.38545167
1171	0.43384847,0.32031715
1172	0.557582,0.37650603
1173	-49.476116,8.273809
1174	-40.660923,29.912617
1175	0.4596772,0.25533423
1176	0.6673827,0.57503176
1177	0.5745067,0.4199505
1178	0.7164387,0.11863972
1179	0.53388196,0.46051106
1180	0.60584664,0.5060665
1181	-17.57899,47.65432
1182	0.7040024,0.124538794
1183	0.056810807,0.34816003
1184	0.7917762,0.34592566
1185	0.5725768,0.4094007
1186	0.33803675,0.42499986
1187	0.56757784,0.3967462
1188	0.73674,0.24749091
1189	0.5260764,0.79264045
1190	0.659351,0.19254792
1191	0.55383754,0.41963845
1192	0.538881,0.35523385
1193	0.28831303,0.4597973
1194	0.5275176,0.28742278
1195	0.5263923,0.4023408
1196	0.6970211,0.25392866
1197	0.6397915,0.38227612
1198	0.4117697,0.33276284
1199	0.4893935,0.31256384
1200	0.5100746,0.43063542
1201	0.54624206,0.3011249
1202	0.5826869,0.44655997
1203	0.68722755,0.49078348
1204	0.38022426,0.30583793
1205	0.6622859,0.3879236
1206	0.71966535,0.27249452
1207	0.6144389,0.32951078
1208	0.8035451,0.3541295
1209	0.5450433,0.44298527
1210	0.5557053,0.31043124
1211	0.6150677,0.42599523
1212	0.47065893,0.44498995
1213	0.45660162,0.21787213
1214	0.5366509,0.3950787
1215	0.579436,0.3750667
1216	0.45306742,0.45797557
1217	0.5763131,0.41754496
1218	0.560773,0.33494735
1219	0.6488559,0.31623918
1220	0.5259506,0.31450757
1221	0.5275913,0.3646418
1222	0.578105,0.4288691
1223	0.55478746,0.45782363
1224	0.62728935,0.24934137
1225	0.6609682,0.6581732
1226	0.6083372,0.37669203
1227	0.54762924,0.33812544
1228	6.776926,-49.54994
1229	0.42438206,0.66984415
1230	-23.159859,-44.157845
1231	0.5839854,0.4353977
1232	0.5691312,0.41240832
1233	0.4379876,0.8593618
1234	0.4205846,0.2614423
1235	-48.99023,-9.486904
1236	0.5590473,0.43704453
1237	0.44893605,0.38418677
1238	0.60321254,0.38465112
1239	0.6146321,0.4063467
1240	0.68129075,0.38194346
1241	50.81843,2.112858
1242	0.52942854,0.1630513
1243	50.76137,0.7374685
1244	0.59365517,0.34424943
1245	0.5432829,0.42793462
1246	0.5658563,0.43992627
1247	0.3388364,0.21150766
1248	-24.950397,-43.279343
1249	0.6735992,0.36335075
1250	0.56385404,0.45238802
1251	0.5860832,0.36349842
1252	0.49263844,0.34673136
1253	0.48429716,0.43424776
1254	0.50022316,0.39114633
1255	0.6281569,0.3461713
1256	0.5003855,0.43050972
1257	0.61156136,0.45130202
1258	0.62546474,0.4503286
1259	0.6923272,-0.2411806
1260	0.6546687,-0.07381881
1261	0.7113753,0.47915208
1262	0.49053305,0.19286989
1263	0.676002,0.3930022
1264	0.6616679,0.37572908
1265	0.6570345,0.092122406
1266	0.49879348,0.44393766
1267	0.38473892,0.21964052
1268	0.6315098,0.35212204
1269	0.57140404,0.3947549
1270	0.538381,0.42261532
1271	0.4785597,0.3690587
1272	-31.761843,-38.423523
1273	0.588963,0.22082725
1274	0.60579836,0.34640038
1275	0.6123489,0.41532403
1276	0.4767542,0.4399276
1277	0.57414687,0.44182363
1278	0.62454355,0.39653763
1279	0.3641035,0.21931738
1280	0.6181109,0.42490202
1281	0.6435859,0.088277236
1282	0.5245929,0.3667445
1283	-30.882328,-38.996525
1284	-4.6589108,50.7985
1285	-0.9269915,-50.030365
1286	0.5125227,0.47572187
1287	0.5814498,0.33927593
1288	0.5836731,0.2855299
1289	0.7974576,0.5638284
1290	0.57498264,0.3158248
1291	0.5390883,0.11915436
1292	11.778606,-48.772923
1293	0.540572,0.3634163
1294	31.770124,40.232124
1295	0.49768716,0.41633055
1296	0.5250966,0.43786895
1297	0.7286795,0.1385018
1298	0.6339699,0.3664688
1299	8.015875,-49.16142
1300	0.63803464,0.33269215
1301	0.58275676,0.34616953
1302	0.32582968,0.40375376
1303	0.45095173,0.2910188
1304	0.66991186,0.09529677
1305	0.48122114,0.22372285
1306	0.5475498,0.4028633
1307	0.6066789,0.25036457
1308	0.57113194,0.28027165
1309	0.50231695,0.37255675
1310	0.67318726,0.31612635
1311	-49.17459,-7.36629
1312	50.26779,8.757374
1313	0.5941735,0.41242638
1314	0.7122959,0.4133136
1315	0.62778664,0.46920967
1316	0.47976333,0.21043794
1317	0.55912375,0.45210642
1318	0.6003165,0.34556854
1319	0.38724643,0.38515252
1320	0.60144216,0.4107326
1321	0.5636865,0.3221085
1322	0.5005292,0.2719776
1323	0.6615883,0.30477208
1324	-32.641045,-37.860897
1325	0.5544874,0.46746385
1326	0.5827495,0.49255532
1327	-47.10319,-16.564867
1328	0.55210936,0.39033246
1329	0.54223055,0.45775318
1330	0.54375947,0.41567853
1331	0.2919843,0.34688115
1332	0.46657953,0.33324465
1333	0.5866028,0.43284217
1334	0.5259798,0.3883949
1335	0.62732404,0.41753277
1336	0.69282395,0.11915551
1337	0.53416854,0.44470307
1338	0.57477087,0.1904504
1339	0.59747124,0.39879695
1340	0.42017528,0.32558587
1341	0.4122122,0.22065035
1342	0.41639367,0.35741183
1343	0.62177855,0.08742647
1344	0.5776946,0.25792393
1345	0.4967518,0.42837334
1346	0.5283932,0.3460496
1347	-43.443523,24.79083
1348	0.54085404,0.38664797
1349	0.68766904,0.3727637
1350	0.63507825,0.2731772
1351	0.5346223,0.40325633
1352	0.5808483,0.419406
1353	0.73998654,0.13846348
1354	0.73599005,0.34638178
1355	0.7020559,0.4614666
1356	0.6426129,0.35460463
1357	0.51415426,0.40601212
1358	30.924004,-39.87646
1359	0.62683165,0.3601719
1360	0.55017555,0.44771618
1361	0.41089892,0.28603852
1362	0.5592361,0.43870917
1363	37.203354,35.312477
1364	0.5825971,0.3339809
1365	0.5002245,0.20467702
1366	0.49470803,0.29475158
1367	0.5617199,0.20445882
1368	0.4398176,0.2940256
1369	0.608716,0.35867432
1370	-50.005848,0.3809272
1371	0.59720224,0.37215057
1372	0.5375466,0.31379002
1373	0.65053636,0.40982306
1374	0.60357857,0.39145118
1375	0.5547435,0.2924477
1376	26.146284,44.223892
1377	0.68118274,0.11437392
1378	0.35823625,0.33524868
1379	0.41958904,0.30800062
1380	0.4673821,0.7008422
1381	0.5593369,0.48829457
1382	0.48478204,0.4740713
1383	0.51657265,0.3406979
1384	0.5576705,0.38402
1385	0.68944263,0.22585528
1386	-48.943977,10.54101
1387	0.4845323,0.3841498
1388	0.4940447,0.2436589
1389	0.5258096,0.3499924
1390	0.59987986,0.41614783
1391	0.7475541,0.40818623
1392	0.542743,0.45992398
1393	0.7342026,0.29863372
1394	0.51807326,0.45537487
1395	0.6344295,0.4485632
1396	0.47969013,0.35191143
1397	0.32952294,0.2219395
1398	0.4348743,0.22264387
1399	0.57743794,0.38875148
1400	-9.763764,-48.995434
1401	0.57050556,0.4833827
1402	0.561179,0.31949994
1403	0.4779663,0.32662436
1404	0.5573119,0.2630551
1405	0.34958312,0.20098114
1406	0.49735188,0.34520626
1407	0.50866354,0.4258193
1408	0.5518282,0.35267764
1409	0.60152155,0.4676897
1410	0.58871543,0.43647426
1411	0.56654257,0.34573698
1412	0.56946534,0.3780775
1413	0.5910516,0.46063167
1414	0.5390679,0.36474058
1415	0.643481,0.16365342
1416	0.55782,0.16321969
1417	0.6537327,0.51038677
1418	0.5923606,0.42323416
1419	0.6232906,0.4336847
1420	0.50913453,0.368071
1421	0.51667935,0.3057501
1422	0.5485913,0.34007198
1423	0.60590285,0.38598612
1424	26.187847,-43.205482
1425	0.6190477,0.43657455
1426	0.5390173,0.34948134
1427	0.5387941,0.4540694
1428	0.74634534,0.14852256
1429	0.5652719,0.43183616
1430	0.5353288,0.46031687
1431	0.521933,0.36368442
1432	0.5087132,0.36456844
1433	0.5679443,0.21368076
1434	0.53064775,0.2261784
1435	0.5231616,0.44090673
1436	0.6191192,0.35032406
1437	0.5659078,0.44129407
1438	0.5346133,0.36484686
1439	0.5281124,0.50753367
1440	0.33654034,0.3641924
1441	0.49540418,0.39206782
1442	0.50908345,0.22330664
1443	49.662304,-10.971717
1444	0.48477662,0.3863442
1445	0.5573687,0.36367187
1446	0.5068556,0.45360962
1447	0.72044665,0.451744
1448	0.4204532,0.16833644
1449	0.59682286,0.376551
1450	0.715922,0.30989462
1451	0.6469115,0.42952812
1452	-16.40087,47.89355
1453	-46.0029,-19.478256
1454	0.6284601,0.22250338
1455	0.5563639,0.35880393
1456	0.6628885,0.41352868
1457	0.4683916,0.35303614
1458	0.6523741,0.38232473
1459	0.56359553,0.43213707
1460	0.61214733,0.3418015
1461	0.55620015,0.448889
1462	-49.201195,9.405677
1463	0.5428038,0.47504494
1464	-32.20973,39.197487
1465	-37.61357,-32.927605
1466	-20.136457,-45.55393
1467	0.6935762,0.10609305
1468	0.5919763,0.2424334
1469	0.67385024,0.2563572
1470	0.6701448,0.2215862
1471	0.5106578,0.35644844
1472	0.6040662,0.31364498
1473	0.49319395,0.4763629
1474	0.7282436,0.12654568
1475	0.59794044,0.3752865
1476	0.6148552,0.46295014
1477	0.57521206,0.6199572
1478	0.5416148,0.4639268
1479	0.5616181,0.42053798
1480	-44.284927,-23.207438
1481	0.76949203,0.31410763
1482	0.5675745,0.42819393
1483	36.245712,-35.36088
1484	0.3631831,0.36448872
1485	0.6999508,0.2013823
1486	0.6138496,0.14317718
1487	0.5502818,0.32047462
1488	0.5226432,0.046160705
1489	0.54327786,0.27034476
1490	0.45102128,0.117213815
