0	409.4233563979538,230.06746931743325
1	-639.3008752795272,313.55372976427356
2	513.2541846403054,199.79986030082492
3	390.1188288857119,564.4099283849358
4	-597.0827662853897,62.43547935178094
5	-163.3572097406386,336.78205947305327
6	-594.9995648477383,235.29726510217526
7	564.3275117601793,323.4139477959728
8	396.94005770080815,619.4417864282275
9	-148.68020914699454,-22.249190827385025
10	-311.32009810420215,-709.7162778290283
11	467.9121393389889,-520.5495524140557
12	-168.89793831890645,884.4244878486433
13	207.07499204261006,-114.177079205002
14	-541.6698919027119,-389.1136319358533
15	-338.49891250045823,-43.035446659384846
16	532.3489913693684,443.18333843541205
17	110.08343013544535,647.2351702952794
18	-346.37418698334557,-354.7014759323395
19	-172.65764505710828,279.8252643854573
20	255.32758290101478,-249.39925144254764
21	-78.27740351469231,339.9996104638965
22	-412.8275097504001,-40.445095296202766
23	587.4220828896135,64.87828094172805
24	-143.92011398839335,510.58757162333245
25	386.7081897822179,194.08218858614572
26	548.1420546371072,-566.7852214729041
27	25.04822471715223,516.9089391881183
28	572.3573039179199,242.4383908293631
29	721.7750824147928,-182.31220979400936
30	741.9858945524543,60.06913938839523
31	-775.4505998894264,323.07210903503665
32	270.3074711179027,603.3245767141852
33	332.6040066031553,412.0041895207291
34	317.8542422364184,640.7551909307703
35	80.01854809183288,-404.7607197373419
36	309.3113604654242,215.79970462883625
37	114.7876454564762,60.61824507052501
38	198.7874192085265,475.40180922489117
39	-248.3671906647942,790.94761991832
40	-145.64937926287243,-652.0631466933796
41	760.6656679576246,125.77226410128071
42	-580.0966431643016,323.5910930443788
43	-281.6589059796603,619.0365269715808
44	-342.7220680702474,607.1966708210039
45	-39.48757751367712,-230.13698408278452
46	-245.14584469478706,-243.3795934494697
47	-90.81480701057156,865.042961781696
48	-240.8526825101187,670.3754643828876
49	708.0775811377778,-450.690472153515
50	-697.6679931108112,318.39007585277113
51	126.40979619802276,236.25065313552057
52	395.8813514396935,519.3061909145853
53	-34.75537457899934,-542.4659921976861
54	609.5503082638807,-234.7719040825463
55	-60.79751927830504,-563.2312049602524
56	-472.51432078491626,-190.34414325762293
57	-152.74042145698513,452.4835947459799
58	757.211646442479,-100.6808057789029
59	378.23270126675845,-685.4408339172609
60	486.6920734523745,752.6369385616405
61	-67.01616841296,137.27744216279928
62	534.0887721052304,-36.45770669716867
63	321.20767644934506,763.01800303525
64	31.70817977871368,-270.1541686999253
65	-356.79742669130684,240.26296043105071
66	132.0478186908939,-526.451693229523
67	-475.34192284839185,166.74067089295198
68	-704.2641846559098,-197.81897206723713
69	-284.72014526719744,-652.0797102539823
70	-320.05408021883767,-188.73472708874465
71	613.2623822158333,-35.00615596122935
72	361.5008397239992,-48.081826184883774
73	-22.783932320513003,654.6530006726639
74	610.9706618666611,-147.08314702543882
75	726.7140436003613,-38.48269354249537
76	398.7224018500473,415.68786931263253
77	-606.107811600489,-387.9498765210253
78	175.77173032916565,412.5832953719189
79	-53.97666527321197,26.767839456805117
80	24.969797394642292,459.83910452646865
81	-232.68294655653668,871.4050901792486
82	24.170568097230316,-96.21650818478307
83	292.85229734580054,-369.65103757696767
84	-319.80965251781356,550.3116592579127
85	58.225627030011225,152.78855611735906
86	469.760546917062,-296.39832148763713
87	391.97281695072485,-166.72583565168986
88	-319.0493588811676,-243.78010138987233
89	-691.5868312485082,-377.3502899350866
90	-154.6906582924736,658.0924389496678
91	-474.0440602837519,227.56948992929736
92	-137.0203185832559,403.7421303416304
93	804.3812594125305,359.92257215958807
94	788.6297024369918,59.94325799372339
95	-313.0635843029779,62.973199403061486
96	-418.6303021443905,-102.49515108674842
97	632.964767583699,67.95512177852264
98	-818.2612504175189,136.3713378257174
99	-634.0781810606552,573.0302538672383
100	-158.33137937807086,178.8740267958311
101	632.7206157429617,231.4175774630098
102	-702.5704504919516,534.5630097654164
103	614.330375574419,-87.88679031324335
104	-465.20610127003823,307.3013455294022
105	-420.0555335991036,-546.5743258694558
106	150.9324374874824,764.9199552203526
107	-71.0861180996378,405.9742899632265
108	-294.4358978474043,-107.57922724504269
109	-209.9646517809619,-308.3957279356804
110	458.06180290102964,644.139434468493
111	-507.1982005574119,550.0446570772214
112	576.9304982118342,-385.23554165575763
113	225.20171819685635,415.14630536615823
114	-127.82756799266367,555.4185510506999
115	-692.4339715085426,121.88004433861965
116	26.89137810122752,761.4903396183335
117	668.9356156408193,420.0807779896998
118	-740.3386007911332,-123.97633136385687
119	70.05609850727585,-493.67013409371435
120	-208.75679346000598,-50.35186732801329
121	260.31849255883054,-520.9020361724473
122	326.7654219167362,272.8040054063899
123	-55.89188969506287,248.33621424619682
124	-423.4747037209107,-153.17352995601186
125	-242.0520948067866,403.4580856967788
126	-130.7534567355496,300.8165666023796
127	-587.2062952691448,-184.40179147929328
128	-537.6505998600842,-228.14948672512247
129	170.1574247335557,-200.96619842527235
130	615.6967961548232,-203.7324775871862
131	745.3024552849341,314.8433404727982
132	-119.77306605706565,-347.8720112562386
133	355.4025529043201,-444.38234260530965
134	-114.8056006758158,-435.6313642141503
135	304.91659186904945,374.74713134477213
136	-472.4586009629758,576.7715015398785
137	694.8153660098246,60.04596696084304
138	4.415017116196328,250.6628975709218
139	652.6079295146933,141.78883991674593
140	-58.37564407064676,-286.03778424466174
141	-227.21304910835235,-409.6166180750596
142	-388.7827304823344,148.02281963816304
143	-221.32095313862268,450.4067201585206
144	142.89031062714048,-573.0587584558588
145	443.20921608622524,-456.0308141446812
146	302.2190076926559,-43.315037547473125
147	104.82150664056014,905.5465534560282
148	486.2993708517064,-650.271805591314
149	539.8877709864034,134.69946870341255
150	330.6894216823767,-114.44386522318753
151	105.97340351393268,-633.9275017549954
152	743.9002873886831,-2.5368479891361955
153	381.00220017362,-622.2016489036963
154	-475.61714666322695,-556.0052005540757
155	-604.5008732903657,125.06489283088196
156	868.4368817846238,-27.129325817174934
157	334.6707249842254,694.2726551565754
158	389.2941711749784,460.15746743412274
159	220.4908415703025,665.8619997243028
160	-531.9755818469183,228.6781021262503
161	-132.15080876603267,-583.0660806910865
162	801.0521636732243,-30.0167272747723
163	-572.4604009497367,-58.937240107786444
164	380.38724410834976,371.38823770129
165	-262.975787344288,58.439445129092526
166	3.546985485201878,349.932248496381
167	212.01065099298424,68.9676056660852
168	27.438763468411413,-393.16831755459964
169	-70.37549708216358,-631.4313949934065
170	391.934487692582,105.98579480674896
171	26.504699313871136,118.35153500037494
172	-670.0413187600781,-131.52588624423643
173	-25.42548905860827,-129.00986571888126
174	-44.58680340425378,-719.346482501898
175	729.1941065189623,-138.25446337447312
176	-515.9129373207776,661.4546067786015
177	143.70833735102394,-663.859306811137
178	-436.17019547916414,419.9018984573089
179	-249.39638251480318,-311.48931463437117
180	-804.8875127092383,-29.57608594105585
181	-234.21912340396943,618.2128588996801
182	635.4148466266255,300.2975715589287
183	52.7991638652383,551.5443802252574
184	-361.70246670471215,321.76125156378663
185	123.12260715784524,415.9973227578588
186	-423.1169828675853,-225.51124773867318
187	568.3681175578015,-505.89229684951573
188	198.68004013695275,18.664217144721217
189	-277.85700944836594,-39.9355839869014
190	-766.7532257545386,59.29247552146086
191	-470.6183349071979,-103.26455943034144
192	360.7154616599931,-299.0542086785047
193	-238.39392426424456,-568.7929499929737
194	-68.05857846779364,-142.6460601478241
195	580.5819800579549,648.0539083454319
196	27.16512526384422,-146.56091825490194
197	-702.4689621859461,61.31925945789193
198	-267.80447983607,-158.9390693201202
199	-118.67840187073966,657.6157861338006
200	120.07019463833953,365.7721755061612
201	-183.85639874654987,-545.3613547732663
202	600.2647595078702,-596.2496108527879
203	124.25656608754124,-750.2861470444449
204	550.7657939870423,553.2874658976008
205	-129.7361441353637,-757.4713410128486
206	-150.76725340695518,616.84226044026
207	322.5090135277108,311.2386740583408
208	-664.8263108480463,377.81513681130787
209	-368.2350083610972,-672.8627282687328
210	-387.40161082522604,416.3530613408137
211	-574.181983212886,-346.7972041684061
212	291.7886628588256,816.888755690825
213	-413.5208070841359,686.9679964039345
214	469.1989589868835,-351.822566210171
215	-577.2741209998337,-238.9899694809495
216	116.75299349504368,-684.9641266545863
217	313.825755855349,138.59702284784376
218	200.60970655506344,-156.3054285021489
219	27.649724992165353,-557.3903640462606
220	853.224340009665,233.66743331592536
221	-15.826101971378066,801.9659662700473
222	205.00205497285452,217.2385716362423
223	196.52244543378512,-517.362272512468
224	-431.48563491342384,776.0581168430709
225	406.4803231104136,-48.93680075024209
226	-374.27016900030605,676.9758498028158
227	217.1944902562238,-553.5599681412051
228	-160.15581940085457,76.07753347775723
229	-328.42556206826646,489.1087189560962
230	731.5944736302022,250.16834087985606
231	-828.9551487262693,55.671355184037715
232	-253.10542739082726,207.1612680491382
233	544.8580736699138,-119.66479048365883
234	-298.4093160428335,662.4577142664854
235	552.4901771693027,411.8767140767516
236	604.2852827098941,582.8985894059248
237	198.6421202297187,312.0534505376194
238	436.13178402865606,316.62213923270605
239	74.33075606906327,61.85535932290829
240	523.3220522805926,513.4256791891582
241	-143.36286123481813,-389.29270944858524
242	-249.50380742077482,135.75598958128097
243	529.5239381829538,67.80353099797699
244	-452.32556983255154,119.01493279575722
245	-735.5565574212352,271.4762598190198
246	253.3736032811971,56.01156929624213
247	136.16361139830192,-444.50532302221063
248	632.7542161182431,488.183028108294
249	-122.69951437437717,-533.8114860120724
250	-176.6275593135504,405.49113276515664
251	-504.48308602405143,503.11787759769476
252	487.11903898423856,244.7378093218778
253	451.0191987944614,435.9252670781111
254	-510.43300757279576,-525.5848654107231
255	-431.40391704128285,541.9824349908911
256	-63.27152636620237,183.73630669337052
257	243.58629837758312,254.14633351795064
258	200.21924648943022,706.3151221496109
259	256.21768356342506,-438.38775315021917
260	-420.44532542299464,73.46841707900693
261	389.44398733474594,747.7342246928407
262	-480.59549529452613,-390.9576740331565
263	324.93098099768906,-645.3423398782891
264	-467.687055778034,63.2881946775825
265	381.52319507482497,831.4933180419357
266	-312.884013475292,318.2427433869831
267	-321.45556284483473,-306.96948602664196
268	-36.52947936220771,418.8753736424073
269	-367.93745471587687,-309.7540272727161
270	-425.6280875518287,337.38146349115436
271	-705.3390108946852,454.1339709125476
272	190.5761750743842,632.0844877641501
273	-312.80887690930103,-360.5984837342649
274	390.7654919752786,-113.64643918886082
275	210.6724402290701,-669.4627764585947
276	-308.1233912937797,-528.4837907759046
277	-339.0585969321804,710.6083851228034
278	-731.9880617194933,214.95524245326374
279	477.293382892558,63.477209277968505
280	411.64544522405345,63.887159474263726
281	-55.3770077470746,918.1197907630727
282	-403.0115849954157,580.0245183119389
283	317.7171302759043,556.024160321752
284	-215.00764366347593,-448.09667840014913
285	-224.38927085769404,61.03466710133367
286	670.4953147095367,-216.75745155786106
287	360.75236282308066,60.48973097265154
288	266.28901623403937,172.65581473422768
289	-333.71914149944126,420.01513106356487
290	-77.19382788277882,-19.609547283746753
291	-27.338154392087223,-671.3979921300029
292	217.9020922652529,140.3193138828288
293	96.16799824090998,771.0406758272683
294	437.82921219247567,-566.6538048379238
295	-597.1807817868561,643.5472801796634
296	482.60502504337165,-415.4561233956311
297	186.0671686781041,-769.9388711248856
298	636.5502661786154,-361.54164282203294
299	-218.07817243227115,-359.2891249054282
300	82.56791951576996,826.1412109772408
301	493.52104513303453,127.73805627139666
302	265.53684351883845,-10.795483523832857
303	-472.22501855092025,-473.23176930993003
304	-429.8684153821538,261.5240046258679
305	-663.7890149614933,63.975415909557675
306	-46.63817046988732,763.3900198301488
307	-694.1442932155605,-60.70895928863037
308	121.68916972664196,174.90422655967856
309	108.70905016848407,710.6686186671628
310	-746.8063215238063,130.4216809838078
311	620.4860895611397,17.751551378879746
312	-511.68780215416666,-455.71057963856146
313	-611.6845730447852,530.92010498544
314	-452.8137335672435,-48.57177295204501
315	-447.2882926620156,-260.1138198256554
316	377.201503678051,299.4203312843172
317	-334.26511690232024,-615.738318772505
318	-62.819212560590586,702.6165432093396
319	302.6703008510828,-223.40113259415523
320	28.936384800369094,713.594171423041
321	814.1608983573967,-219.00519760355607
322	26.902060529617053,656.6345259901287
323	-355.38873779490996,67.62958168105976
324	-274.1640460318388,422.1601662660595
325	-192.18123483796535,134.91960060203772
326	548.135742428993,-300.01985105092524
327	192.54092834037223,515.5052530375497
328	624.5067767255194,363.1932255438415
329	272.23787469003486,-578.0975673438945
330	-658.61951984184,-193.4959681976754
331	-326.26783627054465,-423.55648628930425
332	-25.05112724794135,-188.79465891377785
333	773.3993983347395,239.29069867077547
334	553.2164043371715,754.363230945511
335	241.60261513990744,-741.7551065502241
336	-1.4933087130218914,559.247894924453
337	-595.5042030946066,-526.7291674710432
338	82.31533753815798,-299.5189449329845
339	-334.94358121804396,371.5974902536396
340	254.32872761668347,-298.70867214977926
341	114.75653600983878,-256.94244665265774
342	515.0810550208848,589.0382819860378
343	383.59041338886846,-528.2150243988397
344	-46.33225132136279,-410.8822714195762
345	-149.92468077786748,-69.94546445261048
346	-541.2244500857604,581.0632936232746
347	760.6162692585171,198.77371210229197
348	394.1907446594614,-222.3465139534729
349	740.2441931370996,-227.75854867595734
350	-300.84885661432145,153.41725490986792
351	-705.0139776459796,-313.14535766835087
352	240.1283240856666,550.3088823421194
353	-151.79043474031874,-305.95875232808385
354	214.07615057025026,752.7405917806933
355	697.0349211896748,326.19891999033854
356	38.62846898342106,-206.32695306717233
357	848.0889151148187,67.94574456590695
358	-72.78985044906597,-519.7285536878363
359	-59.819949115113545,575.5687136655046
360	-150.5580027984989,-176.99740304858796
361	-637.8581976784598,426.7481169913103
362	485.92947639778106,414.62243282665617
363	-603.6702951779102,475.1424438225801
364	857.0988197036936,145.8564520430457
365	-322.555215042174,-580.302975690525
366	-352.61580533814066,530.6478433655475
367	259.73697821785396,-190.0449901471325
368	-144.95620572520187,136.20081337957848
369	-105.28067667403803,60.572100897831966
370	-246.17621219522312,298.30135331791905
371	-599.5778455790858,-301.22306703855287
372	-635.4207584326795,-454.46571165759957
373	90.51409923674322,-818.5590078857002
374	119.13491680169189,598.5884400695977
375	-656.3543663448049,-40.23162122446203
376	135.9563279927369,-31.5340659692619
377	168.4220996651767,-93.5548222121707
378	-27.883850032486876,-29.772322742766125
379	-736.7791449512748,404.2100987880279
380	-109.5501517962914,-675.7619514871055
381	-425.4532767676906,-371.3878429616133
382	484.052473365163,-155.10923813857454
383	-543.275352403508,-97.81693539597036
384	-422.13427237263625,-629.8870760301071
385	-67.21226716772799,461.2147633322431
386	25.552429888598557,826.0696063706048
387	-338.8748409994111,123.7949962456331
388	-373.68916510194623,-224.2166855007212
389	504.3737997122831,-188.1565567988777
390	25.18377102041027,225.9931930193139
391	-65.98310407427816,-77.86511911651795
392	-358.422826153425,-536.054835153538
393	139.22855698833337,-305.9023256641092
394	25.223577385916673,-497.9461841245157
395	292.34502442557294,-136.6733834198422
396	616.523607556544,123.94299599880665
397	438.99656467972704,-696.6052000266171
398	456.33999523251305,573.3195448530436
399	746.4311737457513,568.7702005424896
400	25.402494075132655,-698.9069362546114
401	834.9872670386127,-145.55062655712763
402	122.99558472574455,-132.89561011653203
403	-130.06192343709048,783.685844244563
404	674.1674293161277,486.6247640087944
405	239.08193640845462,328.881997832579
406	100.233258076327,-201.52544438049608
407	26.503635054476838,-342.3965369417321
408	664.0525584795672,-32.798602152140056
409	-73.19785832252816,646.4994365106104
410	-338.67378343610187,-96.34190780063119
411	215.47981832158217,-353.12454798308346
412	151.67053436912119,830.2899787370285
413	-463.89363814842903,668.7584635285582
414	359.8063939416001,-204.72335122932816
415	151.8679026987945,655.9148668849721
416	-470.786664146726,356.9766717153484
417	270.85826926667437,508.60406228012783
418	298.5686105000606,-458.97077096256663
419	538.3102541645603,-361.1910319681245
420	389.8727356577265,-3.4244915560074918
421	489.763639268845,305.93369286521556
422	675.1897558653967,230.8102586910707
423	134.82387124304643,-401.7773931794488
424	57.304734536727345,424.8195468109087
425	-397.269465991249,-478.5865034412778
426	202.3479101939347,274.2656232138012
427	-162.21042040311042,810.8598410974549
428	-413.6336635012839,488.4920813599282
429	-671.9350825418688,254.44985920633147
430	-556.6181597364988,54.610171810347794
431	702.5561399397872,-114.7498408600728
432	-337.420865021759,203.684680833377
433	661.4419955543847,556.4604503358166
434	643.0820382960877,-118.50110975201473
435	179.26716157129786,157.38987895933838
436	325.6001306643387,509.6333055194619
437	821.4974043357042,306.4126497586859
438	-570.0376329966106,277.96891013166044
439	28.70976431190473,-439.00322998832985
440	195.90087481234934,-407.6272787759883
441	-435.2109301700837,27.985261417220073
442	-320.47778683894734,253.12735585252895
443	-606.0719388539071,410.81828429248617
444	282.3409965653611,-644.5771156128066
445	-39.909057204004974,-451.594294237182
446	471.8635488847155,-219.32286935381856
447	396.4136253688276,-274.77484623118295
448	-568.7774152800891,-12.904774778863514
449	424.4970393768856,245.85272605961146
450	493.9526889799875,-572.731950066636
451	184.2960120307747,-308.69665048107964
452	20.525973184272026,8.032804325050073
453	95.4083574327838,-39.13330347602796
454	-250.022040483989,342.55529897406285
455	776.5535896669229,-350.9248038753896
456	-546.3407857503519,-157.63962970443427
457	26.225460034577758,-304.59726500896573
458	299.71126514136705,-302.2272408540096
459	527.9095491883562,263.0831839614107
460	-106.74537968300704,-294.0727346783691
461	-59.779917079654595,526.9800504675665
462	523.357116909655,-457.09216915156736
463	527.7812094764806,671.9209214395623
464	653.2178860367736,-487.7669876615833
465	280.7207935293371,749.9403766986313
466	-238.70626956572542,505.7047851599892
467	299.9367509976834,90.42155404496656
468	80.88656439700844,-543.5576645097262
469	-355.8540464452295,-138.10639609188473
470	50.79541777039246,-664.4503770418945
471	464.786986277292,-106.55490844259701
472	393.3043814624766,146.4648071311867
473	-162.25291662653044,229.04348294467823
474	635.6415535497174,-426.7320842092854
475	-227.21827723404405,-6.010234809398156
476	-544.3047584332096,421.1477248354955
477	-489.2555342935302,719.6106759353586
478	449.00862797999145,181.1399598334953
479	475.8169441446783,-30.622448071651185
480	726.0415262750771,-297.6197082085435
481	29.123458058609742,-40.578302703026495
482	607.1493146295032,-302.7300676578131
483	796.0135759756147,-293.4726156281427
484	9.013003762969173,167.69667373711545
485	-227.06157658278,-742.909883402686
486	31.404818720739872,286.9615369156771
487	-318.35085781285176,5.4406952262350465
488	-227.41505956606488,248.1466509427813
489	179.74760933374685,567.3978505409465
490	-537.6144609339372,327.2998305822291
491	286.85367452990755,426.94413935337906
492	-235.86466880423617,-125.19151159557363
493	-480.9792879003703,-621.2835891015044
494	395.7012504977058,664.1993395109619
495	-153.52587478790207,-454.73033871412434
496	429.81702863586867,786.4808267941479
497	287.60712753480306,677.8983708361549
498	-560.7208800039745,127.61193464895719
499	-329.5239157067361,750.1217129024654
500	-638.1309673414881,-313.92920545058917
501	199.63818847695708,-31.011755381367575
502	-427.45006467704246,209.75800751614128
503	-460.08932408594734,-297.56507682587426
504	115.06286975998344,483.08516502612747
505	867.7532154886575,-100.99237501431237
506	750.1404817718882,478.17584038215654
507	718.476844605251,391.4428285896756
508	-149.15409671908634,-235.82412514776505
509	316.5931289735854,-536.9036853068112
510	-345.3752019817725,-474.56818567196035
511	381.0593964926484,-557.3482712326016
512	-266.2804471570053,820.1821179117871
513	-522.3345071026238,-32.4161227449586
514	893.3979958092701,88.63582295110159
515	788.7911461274557,154.60217571281817
516	120.74973475319649,302.28608432266674
517	-59.72492979084743,71.78695722783863
518	685.1631392838544,633.7654988799351
519	312.20337817379396,30.64386894605721
520	565.8357865435445,491.29287609495543
521	399.49958196757797,-325.65900603887684
522	-690.701065472034,185.5349906399673
523	694.0796725221732,-377.2989696306853
524	-425.60948196163383,-428.49119892640715
525	-188.6747242886213,-131.32912952754754
526	118.40989191161042,533.4004093145658
527	46.60500900521571,336.08515047592863
528	23.034285662095453,900.7281259684681
529	-430.26323903746146,-310.96506119745766
530	-792.0632369855879,-188.59810126640977
531	556.6472412150241,-451.50237008428854
532	466.64626844673904,677.9981698276464
533	662.8052828636514,-300.135766372885
534	198.39872088704308,-441.5565172498612
535	-200.0729265624235,-625.8205979072821
536	508.84645184874756,-298.6514204263764
537	713.4902901624209,145.49308603220635
538	389.9068971785595,-468.4007507143842
539	507.3500228244674,29.490976296796873
540	-667.4539815700803,-245.74940910578772
541	-59.812419442203556,-798.8207827992276
542	-219.35178355499744,-669.8792647043352
543	126.99896639441629,126.1027963916785
544	27.053153268242383,397.4439680467115
545	27.95046712908335,63.083314150431484
546	331.3308305381391,-399.9430797305973
547	219.30479705138913,809.547172557896
548	96.72518409281838,-118.13934952095009
549	495.36354928196477,-68.8680597980935
550	-221.13237447458175,-213.92132766603416
551	-199.06095526369154,746.750578426596
552	-143.81970648363844,719.2739901031684
553	395.1014244222219,-390.27168291258624
554	514.4521429180653,343.93747757737077
555	196.03979659918852,-245.16609783321672
556	-756.3610371242365,-254.41279287441867
557	26.931332118323148,604.2808013246686
558	-157.43712507314325,24.462945587030088
559	-44.96848670474387,-335.12812753258544
560	-47.701131380105856,317.17006900977384
561	458.50734082073393,512.5922926340808
562	-131.78192047891557,-128.31340400600487
563	20.54969265987718,-764.5234062571922
564	-518.7147692725586,71.98002382615458
565	-187.70458132408643,553.1588743903891
566	-809.5572127761169,226.03208712446468
567	-808.3206995790778,-108.20675385508034
568	199.12866537104574,373.80729242810537
569	100.69888580791067,254.53183404742703
570	566.3773631110186,-221.67317034090794
571	-261.12655540960156,544.1972450289092
572	-495.6188263692973,463.8691887254283
573	-651.009667957607,-98.97088021160457
574	-569.655128603054,-458.785604451328
575	-163.57648269203827,-690.4386858233337
576	-375.79255895669263,841.1627597491827
577	-680.8272724134437,16.335130998654563
578	610.1679155623945,417.1469541369519
579	-97.59837203430118,-205.93138543410242
580	-497.5713089325042,411.5769907295829
581	-561.9075187482164,186.82155524807962
582	151.78745445057675,62.16729787927884
583	-273.4933705152957,-448.6033012590569
584	216.2902133001225,-633.0199449555931
585	-75.1937276297743,795.4585736622975
586	270.9589812192005,-96.41872276814053
587	194.85457889842485,896.0421683766482
588	306.0385632575307,-712.7793227149474
589	-737.2574307221005,-28.20776158634498
590	24.896388049170543,-622.9281377390871
591	-228.29444248275098,-523.3775312269612
592	-261.6723154178798,750.8932422567211
593	-622.9987364130263,189.89536710149136
594	-542.7075250373838,-301.7292921255559
595	614.397070744713,189.70436116803992
596	781.2074210039501,415.77418628801206
597	-578.9525701352876,-121.04056829706202
598	263.8756891975758,876.4663174834117
599	-102.16277376717962,231.7280865783002
