0	3396.489502383434,-1402.8251175375676
1	2864.5862344619745,-1173.4862293253354
2	3386.3585381443,-1728.215502437091
3	3432.6206616016343,-1247.167735077925
4	3032.143605264525,-1875.730937868153
5	3404.4974594751648,-1643.0813556738829
6	2904.111025291078,-1455.9566639865473
7	2914.0045969264706,-1716.4871926907451
8	3502.7886586647924,-1430.9013591039295
9	3264.250783522852,-1693.3071428441115
10	3107.502362715549,-1079.0557563222117
11	3314.543608954327,-1253.8979811607464
12	2758.263120388693,-1700.2183276453916
13	2879.0918599700844,-1520.3579733488627
14	3510.5714868072205,-1587.6798232419878
15	2984.7629581222996,-1658.1324471687158
16	3063.4490460911284,-1316.4170051593867
17	3208.0511559231595,-1317.8205956973784
18	2916.0842538418633,-1340.0627300268038
19	3145.2045732828774,-1557.8899985661096
20	3299.1028110332127,-1404.0080780736257
21	2845.0974546422713,-1730.559897838606
22	2836.0837320573323,-1232.3047680219806
23	3423.8922708353457,-1369.4702821136673
24	2901.6744831922692,-1176.7808790439256
25	2692.639708814661,-1472.2088412120565
26	3113.509242594547,-1138.8232425654778
27	3155.6974281845937,-1515.4593727541103
28	3205.760212028721,-1595.7521333418003
29	3353.6976829669065,-1345.0990219922708
30	3168.8838382999593,-1325.9312486675951
31	3247.9016077398373,-1396.9074491910542
32	3359.088304957689,-1779.6778846226687
33	3239.3076812375452,-1724.7023662342842
34	3336.2758963753417,-1812.0225398047585
35	2979.895821683878,-1809.5402653664485
36	2893.5545501439187,-1558.0544677892692
37	3276.6114372026923,-1639.2590456713106
38	3069.3056909592838,-1650.5821839872103
39	2682.1675789952055,-1364.4962798844244
40	3145.0444648263256,-1796.530832023071
41	3105.4390714628507,-1323.964563744093
42	3104.902346526233,-1777.0105287576575
43	3376.0418612288645,-1461.3657700152703
44	2616.7816855151377,-1416.8102099110001
45	2871.1253708352524,-1595.3239534279032
46	3096.101438692505,-1613.4112304725968
47	3098.310652410747,-1378.222269290757
48	2806.482731871731,-1782.8502707452956
49	3137.2111263967945,-1863.9979302837612
50	3165.43841068027,-1151.1816049224121
51	3177.365383425508,-1691.0069733389528
52	3257.007926918579,-1813.158855290059
53	3006.968357209957,-1338.39148941228
54	3378.196642483127,-1510.2466432913552
55	3467.691322886513,-1495.6605554560713
56	3271.8008864831754,-1774.3145056179044
57	3146.2049905126373,-1472.0766539918657
58	3477.692452224923,-1667.9851033149066
59	2994.472154030097,-1674.7066158673276
60	2892.0712818798156,-1835.5913980247967
61	3016.6970355866033,-1083.7617327692733
62	2722.330392898579,-1604.7271385166632
63	2968.2153836547636,-1574.840778477181
64	3121.3925072095917,-1652.1818498806415
65	3200.393327415997,-1430.1562487568597
66	3187.578059627968,-1209.57414983846
67	2897.9821024126118,-1903.7178490461479
68	2982.482176689675,-1527.2040511518433
69	2963.1199926638787,-1327.1184464362732
70	3183.0894145770876,-1267.0880345140954
71	3069.22648468632,-1531.7661355964597
72	2968.8682558138116,-1625.8047220593016
73	3214.858498572549,-1212.3469565430114
74	3311.745992213613,-1147.800865768678
75	3074.7505280473124,-1572.007108390845
76	3223.7599291763872,-1373.1696253014306
77	2818.9343127474167,-1502.104159652901
78	2938.5394434893583,-1303.6144131264623
79	3037.9768051695983,-1635.233753636285
80	2931.0745511124974,-1834.952788267452
81	3069.008814589911,-1595.0618747529202
82	2949.2102756355885,-1423.065474759466
83	3315.772008194024,-1453.4672969791977
84	3190.106609964699,-1412.196277339871
85	3007.4767029938916,-1743.6725370702138
86	2995.467640868358,-1143.2634494443753
87	3257.360701517216,-1364.2317141024705
88	2902.844247039804,-1521.5876303688015
89	3311.9320565242874,-1729.0085406363232
90	3435.0206386079026,-1731.95287374422
91	3426.7996105660723,-1325.2913631322551
92	3151.02403910192,-1349.6668894989473
93	3010.5705053567713,-1461.2961726534304
94	2971.155193136436,-1497.5040169633412
95	3283.1560700672485,-1520.9195115642758
96	3187.4260738718267,-1457.875045903333
97	3249.994839548053,-1894.5218637372443
98	2935.322115089898,-1547.8765044062982
99	3050.106286284272,-1814.2077496914337
100	3380.545712782493,-1690.267323909404
101	3049.039716339579,-1444.101145264454
102	3313.0531581807977,-1678.7285117216338
103	3071.659943709498,-1930.2235097457642
104	2980.363427428784,-1736.5782670545177
105	3082.9949118608956,-1464.908541913322
106	3148.4162282076027,-1402.7788305232223
107	3074.7661352269806,-1156.231686007306
108	3151.4951981446907,-1722.6930845013726
109	2693.4725704517014,-1321.663366884021
110	3403.06525737404,-1405.576912927387
111	3031.4790091221907,-1278.593225306551
112	2848.8871005234887,-1583.1433107940516
113	2967.609285533856,-1197.9361039101293
114	2659.122452109618,-1649.0268184171312
115	2658.647992881714,-1501.3416005219883
116	3109.6084457995908,-1202.0045163264488
117	2786.3475130326538,-1503.9670437763932
118	2884.792296937947,-1094.4523309651424
119	2981.5537065711283,-1160.2870895833826
120	2851.7415022170917,-1321.9513098899072
121	3361.378589040291,-1532.7297531884387
122	3066.2478264891142,-1088.426695453941
123	3257.361379223483,-1257.961581949873
124	2914.02670640769,-1653.7443504883308
125	2720.6074959711686,-1425.0943373554867
126	2999.6180535775075,-1924.5725445073429
127	3247.187588236803,-1323.9725273020742
128	2745.289308358984,-1546.575066239665
129	2761.2023223997157,-1672.3364748499946
130	3264.1404132434723,-1840.182152492884
131	3047.6841045214446,-1683.4032180169008
132	2844.4213599549475,-1874.6869298233844
133	3395.8327840483485,-1271.9877705339
134	2800.6762725154063,-1283.3446756952158
135	3355.9444762298067,-1480.3036715208186
136	3254.5415929634632,-1584.6096321452383
137	2872.802041355832,-1498.077572156907
138	3062.2748844580988,-1380.4669632194873
139	2805.8120057870815,-1683.3131879323926
140	3109.410907932746,-1816.6352521337565
141	2995.6976835425357,-1784.0420586508499
142	2721.2372138369938,-1482.1902861595781
143	2709.5467077383028,-1693.8879876854037
144	3265.262076469013,-1217.6259589669007
145	2890.635468078761,-1304.853744786086
146	3133.3833349789547,-1157.2629503175472
147	3116.5792364805907,-1491.4434041762847
148	3335.4864527439063,-1863.7014481122644
149	3145.578855869294,-1249.3911938140236
150	2814.9529040421744,-1190.3401432830653
151	3075.5743033321583,-1859.316856127885
152	2973.8685787471577,-1397.720709205411
153	2905.5718222609776,-1439.8728081533648
154	2807.7346427003768,-1749.57923190787
155	2830.894138940306,-1275.8335443051967
156	3376.576590244135,-1372.141275100355
157	2949.5231344894364,-1599.543176110966
158	2955.903990211292,-1694.1964561967397
159	3197.2077474359503,-1536.8323287188828
160	3024.9869155045626,-1414.7136739407595
161	3344.4387925775877,-1556.6619905529906
162	3161.430995651999,-1747.906170204699
163	2786.7364526334522,-1588.0446180913923
164	3258.0774573341428,-1439.197019512754
165	2929.7518775080307,-1256.4501997178975
166	3148.206582881704,-1425.2413015469526
167	3109.443725811277,-1234.0327038440873
168	2803.997340934267,-1149.1256029007175
169	3143.29989512766,-1918.2378265414193
170	3147.4956275801906,-1833.2308200770105
171	3317.582319597645,-1288.504828480586
172	2872.7849667006667,-1343.2980005600682
173	2686.8639158811047,-1573.7786562047318
174	2855.664986392344,-1757.2890207555558
175	2646.2268883009974,-1594.013214116658
176	3263.8897611599405,-1553.5566545571526
177	2987.4989737831056,-1371.5229172635316
178	3214.55132355178,-1120.8525634224425
179	2772.921765343448,-1250.7291478875725
180	2772.052705275718,-1454.593159357446
181	2861.4774551576174,-1227.1628773494633
182	2750.9710609923895,-1600.6618920873177
183	3237.773149978836,-1668.5979540852006
184	2832.9028544827383,-1472.5918367658328
185	3152.962740733459,-1876.8801313964145
186	2669.103925559131,-1526.7828682498953
187	3425.5016038999447,-1506.1402442876508
188	3338.8524556157904,-1242.0473641711112
189	3318.931260976993,-1329.784478174696
190	2997.312684240904,-1222.4041150128069
191	3187.2235764879374,-1153.5517255151624
192	3417.052278192945,-1801.5374039594803
193	3451.086126429845,-1615.4528790638572
194	2788.2865595800527,-1323.1033866819732
195	3004.8869747686626,-1824.8887500223377
196	3079.214822395702,-1263.7250900156994
197	2829.4653173071215,-1390.7985120373596
198	3180.385397803178,-1632.7944647812858
199	2994.3704561254413,-1292.4661931265753
200	3505.5037295441984,-1502.2158720057607
201	3062.9130757024896,-1209.0167813788164
202	2820.224004633679,-1441.010536943875
203	3246.027078327264,-1459.7034874434944
204	2984.733431737275,-1867.94296626038
205	3292.5831310137023,-1601.4627570035864
206	3177.0503601518108,-1226.4174697622982
207	3359.710474104128,-1303.3977647211404
208	3321.240716844006,-1511.114310098861
209	2895.8219252583817,-1738.2402677619216
210	3141.090484565058,-1601.0474104101827
211	3402.918894683516,-1465.8057040224744
212	2864.3514518724046,-1635.8629929232466
213	2678.2107332095593,-1411.2793502216648
214	3058.460471634883,-1339.704107027232
215	2870.7179664391706,-1685.729396910058
216	3112.822561240175,-1585.2633960003268
217	3075.747167773592,-1429.5097715222446
218	3177.8033105014797,-1795.3096088822888
219	2858.8095917292903,-1815.842733146676
220	3212.2676329535807,-1747.809024897363
221	3283.268520039822,-1331.7165262364956
222	3209.895297762111,-1849.7573952885405
223	2958.5800759968847,-1379.972497976053
224	3233.463489299577,-1236.756744825485
225	2902.314943164695,-1231.621462869114
226	3129.5164585235916,-1370.1447205699017
227	2973.039239824787,-1463.3846235223052
228	2908.648771676037,-1606.9354295688952
229	2797.7163183227294,-1349.973406034075
230	3257.3921148782183,-1135.0325561684995
231	3378.2354407243683,-1596.4087396880846
232	3465.0327934695206,-1334.5041764267294
233	2938.708208648913,-1209.4701461832365
234	3292.2978897135076,-1640.530978873687
235	2797.7122592792443,-1413.6892533917778
236	3030.8727830239327,-1166.1616036159967
237	3069.2947270193745,-1878.2595719270844
238	3153.3790624951007,-1692.8119162658763
239	2988.9622029375023,-1273.7609941776782
240	3362.784672006365,-1642.2589426506715
241	3015.326132403413,-1503.399645065131
242	3339.2963802829363,-1409.9937573254424
243	3043.008680363187,-1199.5043609386742
244	2762.6900634955705,-1418.831140030236
245	3205.688787711961,-1897.8687150673086
246	3065.8773116803095,-1800.5717242113346
247	3267.949200659638,-1737.575758036905
248	3094.2492742058894,-1715.371098682044
249	2901.4801043762,-1125.753874495332
250	2833.3411769176473,-1617.7756736677711
251	2908.450023851537,-1494.0258105896887
252	3252.1799315546164,-1299.8743638458177
253	3070.9992101182497,-1681.4757786266273
254	3431.6654120402686,-1441.7372069699163
255	3332.8613671430503,-1768.0082547997256
256	2736.536966632948,-1506.9943171587702
257	3166.2583028630597,-1664.7261046345077
258	3170.542885211355,-1587.9178586574287
259	3075.3199913863036,-1504.172785251076
260	3020.248215923277,-1551.4716367428193
261	2776.7458979837434,-1629.332896087232
262	2828.627721991628,-1688.4792342472306
263	3459.6060637538485,-1693.3897680782122
264	2783.9005785848008,-1215.7597747368363
265	3319.0137007571343,-1197.129742853268
266	2737.4053660128566,-1309.7764411314463
267	2719.3739735100357,-1266.6415449733888
268	3164.653843627176,-1096.7394841238138
269	3134.6261423221745,-1283.486433926336
270	3235.7576021556424,-1630.5023908834207
271	2732.2548180332888,-1648.3146525572424
272	3342.750126046825,-1686.9045515415046
273	3395.669120064512,-1561.3210488193686
274	3441.527476969446,-1560.4024374151782
275	2941.61151417016,-1791.1485123352015
276	3249.683972205319,-1521.0244646718681
277	3258.7013485867847,-1175.5284841615803
278	2842.01554314721,-1388.6351993890137
279	3244.3532250594653,-1496.566785371986
280	3201.940475106349,-1503.1510141766303
281	2947.6941155346826,-1911.4336844012746
282	3076.33720144469,-1749.5755568592201
283	3024.3646290584993,-1718.2912384341757
284	2779.041220759225,-1545.7688583818108
285	2973.6681334783825,-1079.5062167946905
286	3214.8424785236552,-1801.7398749421634
287	2908.9937926368343,-1385.8844418490273
288	3063.4489574443032,-1282.1106916637416
289	3015.141055439578,-1584.5199827379597
290	2719.6192852459676,-1368.6059914266452
291	3427.8496362373144,-1599.1666866061191
292	2892.3019117215913,-1783.0128318326242
293	2763.6989789245795,-1777.5567178685658
294	3385.2832407820606,-1194.7457612881328
295	2815.0396003464075,-1828.1924033840032
296	3474.716813508455,-1403.6697589963362
297	2901.56988806477,-1693.8255780692634
298	2768.1518208025986,-1380.9838501785468
299	2716.333689166138,-1746.589357618648
300	-2958.942963550154,1670.2571238059516
301	-3201.676200426659,1091.8139888928292
302	-3307.6372565637853,1268.1747921242093
303	-3340.1320582941794,1680.6444452731964
304	-2967.6857304874097,1066.1420515953469
305	-3055.13788154825,1462.3077738575812
306	-3276.4126214329917,1656.2853208292142
307	-3271.991138038642,1354.094975673002
308	-2993.9057932052415,1196.1359287219436
309	-2904.408711900639,1151.6202694451113
310	-2813.897523852968,1190.0513712277707
311	-3361.242412936927,1311.3278855739134
312	-2629.070889188175,1576.4864888107759
313	-3200.297472540116,1603.8534884004023
314	-2613.567184406272,1292.7951624583402
315	-2707.998144710378,1376.0187936919767
316	-3201.2765936749206,1363.674892849499
317	-2978.4256367645335,1165.3275255422575
318	-2963.8192939947808,1510.9474298223056
319	-3130.604693108548,1843.3321114164487
320	-3116.43294301714,1141.2382076024342
321	-2773.838469543422,1617.6294993406648
322	-3064.558483476932,1168.0089703008705
323	-2714.9844828570363,1643.6624326522951
324	-2829.173916263608,1577.6424747553365
325	-3154.154754572945,1064.6335202955036
326	-3009.4222635373158,1762.717808998229
327	-3127.63955062347,1485.2249208683204
328	-2760.759264135759,1686.4944127950985
329	-2917.7003573065726,1809.709642767993
330	-3126.06511210336,1217.8710337777889
331	-2806.3295016826264,1651.5235142574882
332	-2968.0293290274785,1784.6606051680922
333	-2820.7069016221203,1792.2780500458077
334	-2601.808149863281,1464.972240527956
335	-2827.7332150547422,1634.9554143327632
336	-3180.885659925974,1653.0608087932594
337	-3000.2366653345002,1567.7660634043013
338	-3071.5777584313846,1062.0418200998117
339	-2855.4841811018596,1118.9440525374632
340	-3016.391645518402,1278.3765425527095
341	-3061.856028653187,1111.4478781621756
342	-3270.1962591728848,1692.974596555154
343	-3196.8223576896457,1192.945886903649
344	-3325.301372731991,1485.0483181315683
345	-3015.781625547671,1913.0608182394712
346	-3117.659490566517,1034.8603633917267
347	-2933.4482686313677,1887.6637627808398
348	-2988.3169273966487,1714.946117031435
349	-3172.0921729071974,1646.644639291926
350	-3246.6006153914086,1274.7953319040785
351	-2789.9852999250174,1237.1834955506663
352	-3276.9991832739142,1133.336188490005
353	-2890.436084801035,1283.4116375901815
354	-2910.8304225200354,1762.2132610579645
355	-2830.180551767089,1545.3426223714816
356	-3106.656570883233,1285.8452449041035
357	-3070.525429443291,1274.8105315022256
358	-3111.940841113975,1720.1343349967617
359	-2936.9920005423014,1558.436312458569
360	-2560.668804643653,1551.2019148560578
361	-3125.115221268184,1791.7182143052378
362	-3112.6566082151426,1589.9308446394186
363	-3222.2195554308623,1451.3876187103917
364	-3391.0597908788195,1556.4780239246334
365	-3217.4108445626553,1390.0180727775717
366	-3071.4562735177924,1483.2628852695818
367	-2941.719750445321,1211.4667641281621
368	-3037.258757919628,1732.746459596334
369	-3098.6470173165003,1546.0064007213525
370	-3150.7740553315957,1371.875954629186
371	-2630.5821968275295,1510.1630664188528
372	-2842.227633793653,1447.782407883643
373	-2909.649810110201,1394.4237501367106
374	-2739.679897857819,1384.130367596298
375	-2882.5484884503917,1425.7105748332285
376	-3012.118198168278,1069.6420346700706
377	-2991.0379162441754,1397.5311934736476
378	-3099.6277119135125,1926.0926792088583
379	-3017.570840900133,1219.7820315035879
380	-3028.6175309932746,1126.4487575506946
381	-3123.9417587310036,1325.7631620376767
382	-2907.229838283648,1255.665499343667
383	-3175.7325592376224,1508.4123943182656
384	-2612.008477039573,1642.07660262831
385	-2802.963021283564,1340.7829713938017
386	-3192.620120062945,1129.0248228944854
387	-2665.015005339453,1757.6908430050596
388	-2936.1894261983302,1646.563522385429
389	-2694.491599236942,1678.265238602385
390	-2639.353060572162,1246.1335890465318
391	-2836.656321945534,1214.8383947023085
392	-2978.306404034367,1245.531596235782
393	-3221.9076829824216,1779.960897294536
394	-3109.358570994265,1882.365843197203
395	-3070.426980312357,1355.1769706748912
396	-3431.6925282613297,1555.1808157919884
397	-3233.5978529661616,1146.7382841559377
398	-3020.2496409044124,1336.0707051805332
399	-3147.8651750325575,1138.759063562993
400	-2964.094564715972,1283.8859708982245
401	-2878.030187523431,1063.0632809717329
402	-2752.323063537471,1784.477498226504
403	-2746.264613084777,1733.3285684510827
404	-3038.256231624742,1521.6029761757525
405	-3057.6091878782677,1669.5062671040087
406	-2884.7644520112503,1391.8941385574083
407	-3372.9991339614953,1233.6252715263681
408	-3029.770306085513,1845.5758455130856
409	-3389.349145666029,1379.482149769482
410	-2747.5678069356195,1333.4382842233379
411	-2942.1766797485866,1173.3821746990457
412	-2748.6583259626964,1451.8793103040757
413	-3334.188307671854,1725.2156610357165
414	-3386.3564702513927,1602.5210106051015
415	-3047.335832930337,1579.317118652436
416	-2727.869238364416,1349.73529743351
417	-3196.4020915669525,1711.8354866974173
418	-2923.6318527710705,1436.476226543696
419	-3219.1566848373354,1309.7190621502855
420	-3084.990046121104,1610.586868355886
421	-3445.064633096536,1460.455471266256
422	-2759.203926827573,1197.1025848209927
423	-3337.8956660772237,1560.7213141424522
424	-3020.8505204056223,1430.2542241420647
425	-2866.443029603507,1642.1502669353906
426	-3304.6347939054617,1514.77122117638
427	-3399.047420586003,1480.0672062800693
428	-3275.576506144583,1537.5675615834177
429	-3009.1460241933646,1803.2024941971777
430	-3100.6816516033027,1418.1433595628039
431	-3413.1397577309226,1517.3935115635347
432	-3013.8431187937113,1642.4444040506357
433	-2842.4504068764645,1045.2434395607656
434	-2655.766205145104,1544.612096854321
435	-2793.133505733087,1383.134147958158
436	-3054.698971628258,1213.361399385733
437	-3190.081299481731,1871.8566720431415
438	-3262.2117948958257,1568.9395228050294
439	-2785.199623588465,1426.9708532913244
440	-3049.9684480721467,1794.906727037267
441	-3019.383549466801,1678.3874319010827
442	-3213.3996791294803,1798.91635928113
443	-2981.200395822602,1846.4675993730948
444	-3161.512295071245,1167.2035473507124
445	-2940.097587980447,1835.665617327155
446	-3275.231320954798,1209.8129799289625
447	-2730.503350677957,1521.8527766107552
448	-3266.265873733914,1740.2765553745576
449	-3101.3623799631987,1098.2219670098434
450	-3184.184454077432,1225.438463191122
451	-3205.072367808214,1517.0300060369964
452	-2834.553018994179,1713.5844872710418
453	-2865.010298307953,1289.8893207033918
454	-2763.142081796938,1575.6382560772715
455	-2789.7127945947377,1734.4161377958221
456	-2853.704582420256,1592.1076221120006
457	-3324.471912531246,1651.9381833720704
458	-2595.909776311301,1372.358481710818
459	-2821.9621852839855,1322.381518562513
460	-3068.545522333047,1646.0968770071943
461	-3271.5408970170365,1796.6746824406155
462	-2789.06288066588,1815.1788015724949
463	-3356.606003537712,1352.3137273752498
464	-3022.135012967914,1564.7027985780915
465	-3195.937115229504,1408.9165997832251
466	-2898.503662024889,1204.4082902234543
467	-2831.6606122166513,1146.8525558037484
468	-3373.7246781592785,1284.525321423287
469	-3082.49458339487,1724.3036204129476
470	-2601.757568798558,1415.6926311544582
471	-3141.588668917303,1271.4998616689113
472	-3166.742644113759,1548.3257203966411
473	-2890.853735989203,1878.5398467460166
474	-2709.5254315656616,1255.722906099894
475	-2852.1018539469114,1814.0657356033403
476	-3268.3501547744672,1452.4419506747006
477	-2735.213916759147,1187.7519467928566
478	-2860.0615172778353,1230.907214135673
479	-2723.874606079306,1314.4282428466327
480	-3021.182905355461,1387.1869982453072
481	-2841.298400046503,1854.1243878397536
482	-3266.070856887536,1388.1443181919185
483	-2960.441519648619,1587.462983621075
484	-3321.773581571581,1296.5027515409936
485	-3282.017966453007,1475.8814257529057
486	-2760.7319270706794,1286.9723623692323
487	-2854.8653925487724,1159.651138994142
488	-3179.987465855617,1833.010053392879
489	-3109.443592941427,1246.3573418669953
490	-2696.004300347051,1583.6725741638854
491	-2751.3067416365548,1554.6446764819743
492	-2708.187500408594,1547.1286335624477
493	-3318.9103323766735,1617.4193254421998
494	-3115.0543914371187,1430.5995687187612
495	-3220.7893428993843,1706.7239751825205
496	-2705.8820082007774,1431.09403585475
497	-3206.023594493733,1265.6307851982676
498	-3277.4123281728666,1281.1226654135833
499	-3424.6541058071375,1304.2417397275694
500	-3240.7843696541313,1327.1666815101157
501	-2961.43137704998,1471.1198711254187
502	-2662.20400098702,1428.4701424839773
503	-3312.279320188757,1800.42951517572
504	-2651.9838383984747,1305.642489901969
505	-3014.39064513446,1295.6251156478506
506	-3066.7688491146473,1297.3789739610322
507	-2776.432023030188,1489.9006120753022
508	-2814.3246100908173,1283.5138138203965
509	-3104.9793275455163,1384.641049484802
510	-2915.5835933136186,1537.4839693784631
511	-3095.4528739338066,1516.739311322823
512	-2695.8019099438475,1286.8926578577925
513	-2928.4292923582416,1340.9600626170925
514	-3020.3755672360066,1387.6622286595834
515	-3365.3750635628257,1460.055679365743
516	-2647.752849435091,1651.2957802153128
517	-2847.8436555294884,1468.6308899907565
518	-2756.8937962087575,1647.7863787392653
519	-3432.4885173331813,1384.0140360713567
520	-3333.102947615471,1379.4552466078107
521	-2678.025689260838,1203.0792990831715
522	-2947.0861298255118,1071.8098603920314
523	-3120.651186738846,1655.896844310981
524	-2986.051601728426,1464.3476633227945
525	-3317.618506648308,1579.2849316025606
526	-3197.823934121451,1563.595235393581
527	-3227.928158792438,1209.2114690882156
528	-3157.5308521383063,1414.2932824331401
529	-3062.213205319942,1547.8479365794058
530	-3099.1447109911833,1168.668321890879
531	-3309.8620894219116,1417.6686478809015
532	-3413.4582529754675,1422.758764562065
533	-2928.743012781927,1297.8074075795378
534	-3153.046111012931,1753.989639164048
535	-2816.3430417686013,1471.6616142990845
536	-2664.2672712881463,1367.04506950752
537	-3316.7548772829896,1356.197296732037
538	-3029.8335401417025,1466.1623226399377
539	-2724.064052143498,1712.4858292665872
540	-2785.147943973529,1095.1249217181237
541	-2710.016318225363,1460.0600882732242
542	-3123.3337962058513,1626.4576231004282
543	-2692.1228568601223,1619.88469091734
544	-3230.949135354181,1587.6499388332918
545	-2699.806345031677,1512.3529038281501
546	-2874.7447665607465,1765.454233223105
547	-3193.105787532142,1464.9864887630945
548	-2836.591007391057,1261.0875961539455
549	-2834.2078681071544,1756.8037515571027
550	-3323.667252950008,1438.7096345154746
551	-2904.8349329051002,1644.7848864112825
552	-2974.946468856223,1631.3203864482389
553	-3388.1589255186173,1643.6248135424003
554	-3180.643294558849,1347.6400212005187
555	-2985.845034196495,1754.604112791174
556	-2855.666344032676,1508.2180117134133
557	-2689.0766437498964,1712.2359132545346
558	-3260.6002028140156,1637.009775544026
559	-2957.1141735132774,1126.707894143977
560	-3387.193564543835,1682.306283658931
561	-3110.9705815545517,1750.5807998507007
562	-2585.9750530959996,1501.9606690142903
563	-3078.873793330943,1775.1526330052425
564	-2939.4454626457564,1355.5344602510843
565	-2985.9155148155055,1544.6874290062835
566	-3043.2688702996898,1374.4768886466202
567	-3195.291345892284,1746.4303605164844
568	-2919.8234071593843,1595.0445414201783
569	-3306.5675244274976,1214.517334113118
570	-2808.8860433189484,1524.996056767319
571	-3216.177203861179,1631.4729502011326
572	-3247.7393158152886,1507.422611088371
573	-2636.656861458974,1362.0325536544901
574	-3141.3924714069985,1560.6950910221894
575	-2833.8854598122193,1402.038504703197
576	-2918.195269131509,1722.375758804849
577	-3084.709978816393,1831.5205068632308
578	-2841.2068300738492,1362.2232027930697
579	-2670.2959500114503,1466.6802936813522
580	-3291.591945706008,1739.626180058215
581	-2944.777192994594,1394.1546390655067
582	-2913.905465084279,1688.0345264552664
583	-2887.7117527188325,1565.2214061133072
584	-3348.285792174697,1515.9176553612049
585	-3180.2856246470187,1288.5995355728107
586	-2912.9029457025576,1467.136808519007
587	-3154.1114397448905,1455.7373696660038
588	-3020.5452189766575,1053.264350049663
589	-2927.245548599401,1126.833839307032
590	-2889.9333184722345,1716.1956975761364
591	-3269.909329669159,1173.8679258675036
592	-3003.3226584025906,1129.7918120378451
593	-2757.2686352034507,1238.4343843574961
594	-2775.185306877832,1140.1487909856187
595	-2898.9326683918725,1482.7436807613783
596	-3118.248000817472,1349.709046406643
597	-2845.5972937581,1675.544535686328
598	-3097.775818865611,1698.4119451713248
599	-3356.8018861093124,1168.7126651492129
