0	134.45876111319265,-503.24425047302293
1	146.89210493615906,-527.2821816693074
2	-228.56388543198503,141.81520302857436
3	-210.63752594388794,96.67867297385745
4	-113.17495906740517,-8.692193133216906
5	-416.24082398362447,69.20384886322567
6	-25.54866787760959,287.01445543427764
7	-208.7202654142582,293.4102879708001
8	-136.4380471373404,120.60288222061513
9	-293.36790978226355,62.39123618692712
10	-207.88479332897253,51.398976617503294
11	-350.79661268007976,261.10854581175306
12	-186.95437778617355,37.066535190996674
13	-244.05083051381183,62.666031659483025
14	-249.0540183221918,91.31768088238579
15	-216.8133080006254,162.6964968203261
16	-163.30625370577727,117.29788285750459
17	-107.78068240925198,159.453061118628
18	-96.69631669270281,124.17855724803266
19	-291.43320017293235,157.71225307129296
20	-203.16432391029684,130.60038931398577
21	-367.0983130819286,194.08743420547395
22	-353.13627245915904,151.23441859653371
23	-329.5055405502021,-0.7246306565932386
24	-373.8604817446477,-71.78943631425432
25	-329.8463455548859,-43.656825936277414
26	-369.74199104669003,41.680431334349365
27	-427.68474096969373,25.305999238246162
28	-456.38855799370623,-7.557677782081804
29	-313.1640925567331,-87.01107421636205
30	-72.8592033867985,164.00668728532597
31	-151.1757708612476,10.441888159328672
32	-184.54033009021305,205.2592661012336
33	23.321650709172292,237.27500532982134
34	-111.05549602246549,239.56369322014572
35	-71.8849257232209,240.53416292421352
36	-16.133961938962713,-82.77731938257915
37	302.633594607926,-3.979296143609468
38	-73.83392436856472,209.2791325660663
39	-49.09531027257335,207.56547222966014
40	-23.100205529478437,121.99643244480671
41	-100.85366274139747,87.6079916331766
42	-134.08427985292687,195.17180035509216
43	7.282463723808657,83.60247142825249
44	-377.99601094026684,-41.44476015439349
45	-280.1224467728411,-7.087770724674586
46	-367.97321365299115,-2.169781204377178
47	-366.2639426143403,69.91658516799347
48	119.94616921811851,177.94216256310585
49	44.051713206311206,44.798371556147124
50	-224.8457242623109,53.80430278772494
51	-162.94598794071618,163.2847248279938
52	-341.3241229737701,26.97453743024761
53	-292.99949040759526,41.79914073150929
54	-407.5945598790393,-58.51661982281168
55	-243.1331006111815,-13.783141942903939
56	-205.9729968646003,3.0595244461270323
57	-241.20273756193552,112.9864933185379
58	-390.7453516196096,27.030785777550943
59	-220.22979218726377,-50.75954364225964
60	-287.3265327857395,105.857487030506
61	-10.721828260660608,-4.465185105557671
62	-180.07392135252334,78.55316344347649
63	-259.02595695024917,194.42273402090564
64	-41.760652062819325,-174.89697486035212
65	-194.2710251935118,230.25190178171803
66	-153.06239572787848,51.439438238364524
67	-47.456686480890156,59.880015495021084
68	-334.8059073854577,78.143836587938
69	-305.8806909417842,-66.19189017861278
70	-247.0188552417044,31.310868627439906
71	-39.67414973619772,101.1443942812274
72	-55.14984701009513,30.652105216260264
73	113.19966222865614,92.54183828968536
74	-323.15582997546704,38.83698564464543
75	-395.58208412877343,-77.71357685431748
76	53.6300372698012,174.46721519051016
77	29.56573963624468,204.28365599430686
78	-6.939590386133245,237.47322157182717
79	-384.13463505753066,107.07393070468794
80	-44.431770100599564,158.1768750808459
81	-277.47127824975666,-43.14807197113572
82	-447.6482374300711,-38.355294221543986
83	-23.88234131822152,171.90171112353215
84	268.61834205233833,226.19412293909127
85	-96.85464925693418,169.12333387023446
86	150.57911321619477,210.65266081477557
87	25.32585203690197,125.91332700994249
88	93.92454487240495,113.32994376729152
89	80.38185997409789,180.38077448892713
90	105.51031753024171,246.03369210207833
91	194.0721769019888,125.6804776937908
92	7.627278454585554,304.6710637399259
93	341.281319994729,128.3536130978065
94	-23.97428600502567,200.0422847071299
95	-6.602489358262715,144.2404949673033
96	-285.5451280538357,13.862510658591214
97	-247.8127659427369,-47.462612821626
98	-116.28706526603,55.11164853245557
99	-72.81408211588565,116.78070862514049
100	-86.34980538947828,59.89721880236704
101	-352.6235697741448,-39.26468803577
102	-195.724132831666,164.9225385287314
103	-320.11254018167523,-110.85555805877635
104	-103.44197274199855,203.08913570346272
105	75.85943003244608,233.53580157812272
106	-292.1724773089196,-48.696061758700196
107	-171.73213382480154,-38.52492799030318
108	-444.77294348646353,-104.42696660626879
109	-387.47440562591214,-23.28480393186644
110	-394.50460306811556,2.4661150664357567
111	318.0027679076568,98.0602598082367
112	-101.5151704827152,110.96588010625118
113	123.74457404045377,230.59104302958522
114	135.08534471202495,281.3697549669622
115	-481.187956563761,-13.402021643687876
116	-452.86143800766,-55.447204364748906
117	-504.7426877478873,-34.12431958913965
118	-376.4810589421469,-93.96712074652883
119	-500.73691437861737,-64.87876187896609
120	-502.15751044688824,-2.846482983690938
121	-221.4302963600715,-87.82613854790513
122	-289.5762039619085,-87.15284278200926
123	-413.2430578667833,-120.3421531640737
124	-430.4681686726282,-82.28109995104673
125	-300.81836576130814,93.47790923576376
126	-201.65869808265754,-56.35774527665427
127	-409.8321622458922,-101.14540345390893
128	-173.55611536436672,130.11095697456005
129	-473.9059657246142,41.40223059826802
130	-83.05363024218995,-102.50200091979194
131	-168.45799673738128,-114.16255020893404
132	147.4097448678969,-504.4092422887128
133	280.88592362081675,87.6840572544699
134	54.17333755417996,257.14393385729034
135	96.24718355784505,50.90156147716272
136	328.5784469549973,219.69032573238886
137	105.28449327894663,270.9064823061077
138	302.9273767805464,186.05011029031095
139	230.7915115881503,179.58205643029072
140	-135.27437137595797,223.33930713592883
141	42.890264958565886,279.2044553388067
142	-134.3673844489336,165.78829234772218
143	322.573119325711,23.551361020280027
144	158.81471500173626,264.0662130166338
145	195.83147159234395,242.09049954207526
146	188.4795115528252,265.33992452129576
147	94.51953216403587,295.91592765966016
148	196.11172547526417,311.137435352118
149	174.74536105114856,184.12143807618037
150	134.5232048106792,320.66804376767095
151	144.4428477497593,300.01798706414166
152	159.84897600367745,311.8046012240644
153	78.43740833280597,352.1663381923639
154	-20.447968700144155,67.91497290442503
155	127.55459811501098,41.616005921579244
156	-224.76219901699497,-25.706371385553197
157	-461.4755663275345,111.30054029166675
158	191.53557766564836,20.410037916899725
159	120.3914475200666,-119.85842436694185
160	155.95725592992014,-519.4260791994828
161	149.96130889661487,-549.7924122552554
162	-484.76587657076703,-28.81396653932332
163	-473.8279239168669,-45.86927387336691
164	-231.8978682732026,9.409756606407555
165	-522.0941114522337,-43.45272340433671
166	-383.35473902016935,-127.79584779338936
167	70.44534494190567,18.459447631125162
168	-114.29666935238608,134.5238057590434
169	-358.59365571448365,-101.77847451703258
170	211.6511874144949,41.14339049550903
171	-206.25212514351804,-30.730879229396812
172	-186.1047657684377,-30.39714686015228
173	98.1600701586152,-154.30806579054783
174	353.1850229974541,25.211968340277878
175	146.8645185929315,-561.0093343887537
176	159.97371569455268,-563.6043127884277
177	150.92708491099427,-541.3730021465195
178	152.8392956639297,-557.3461184079855
179	158.3458902246334,-552.6913484170958
180	156.4901645646099,-538.8274620956221
181	141.24011305557238,-555.1092729066414
182	154.2378668640884,-563.481714462528
183	146.30947441300188,-402.6226954760034
184	33.45902868460821,-113.41044810884337
185	-84.41625503087218,-73.37017297015429
186	132.57921203370051,-130.59296913757467
187	134.70825515288993,-126.70306382385657
188	167.08778894741937,-114.28011026805939
189	173.17516089218233,-255.99036353125663
190	128.8648373313281,-324.41282604805735
191	129.54148977130328,-321.7764027720295
192	359.5332814161735,-24.933085253295975
193	-433.94739124811457,-150.90795237776575
194	204.6232568948206,80.51457293924184
195	410.40093858006384,66.44263253495053
196	425.3452756810166,75.46203573078017
197	414.6738642959008,23.543746230583317
198	308.9937160271855,42.83397734685016
199	347.0799377946123,4.569385230157644
200	317.47251063353553,59.41347726239777
201	391.00595706994005,16.46275816932367
202	437.39053075715424,48.48948133140523
203	484.3296936886867,81.0401809822452
204	466.97441506694815,34.8397698626168
205	444.3340297024711,63.14882625545344
206	396.1909627998186,3.744607017264426
207	444.5610875195431,125.10627374081668
208	398.5979691976176,122.79295412854638
209	352.7325317009986,46.073352703630206
210	443.5002528532998,33.42717140710364
211	287.66129955266695,38.356759338106635
212	386.05435257318845,52.63806900740211
213	467.0218237692676,100.41601247650505
214	350.398793002149,95.86965809819334
215	446.1487944516873,1.6933562203311878
216	413.9672569075722,50.18453655359619
217	441.2482412394805,87.7137968494024
218	408.5921195290728,-36.938762408980196
219	396.35933938305925,72.53991180408634
220	405.5360566398216,89.40972338029879
221	389.24909175404946,98.10682093796407
222	356.63718603536404,71.96554077314718
223	422.7248818516303,112.01082587463624
224	489.50434656956656,49.49953295647147
225	-109.91087970617907,-44.9565581456918
226	380.7163649591161,32.6877009258707
227	133.74006261374726,255.91168472262146
228	219.09939408952542,293.16924953319636
229	465.0490273764013,60.276968237452564
230	435.382199372716,18.988949394971282
231	514.8834839181158,68.66163752433894
232	70.49356788611261,92.73170354301656
233	190.04816629971197,-346.04924864363466
234	127.21985963523413,-39.77921926130314
235	157.23102772679124,46.24577245701263
236	280.95978246720017,312.46212439848955
237	-170.25800969298672,14.189940945101716
238	50.53539081908481,3.464674568988481
239	99.44192376043473,-339.16385554254776
240	-286.7697703983775,776.0028864488161
241	-291.7278909790533,777.9194735427125
242	-284.47089498844394,777.643495860381
243	-289.93386204855864,779.5770959436926
244	-292.7397013586821,780.4891343662484
245	-282.05106819536013,777.7986719420013
246	-316.79442021591507,-157.06127149519946
247	299.9461289757803,337.4142716231397
248	304.4652291702503,343.4058097384201
249	154.70360755836427,-303.1140308979729
250	-280.9415389051616,-837.1397317712334
251	-284.6474301444696,-841.8617234877534
252	-277.8087389450231,-835.3490148954601
253	-280.20201283399126,-844.6861182010947
254	-286.12880008614013,-847.0025527971641
255	-282.80531140766806,-849.552639458293
256	-291.18554444120787,-849.7393848305843
257	-285.8945842731264,-852.1026073228892
258	-291.115108900244,-850.2908478692145
259	-276.07384058143765,-831.6643021254076
260	230.9041151075883,-334.87941874802397
261	219.56568638059025,-348.2022316846806
262	249.35086139313793,-368.7021798123446
263	230.63722672131556,-279.2423551147842
264	235.2738773728096,-357.51028597958447
265	253.28404353452262,-380.0494816511691
266	197.38339600444613,-347.35945674542546
267	238.98024749089439,-368.3992715683016
268	242.13836368902545,-379.82760644101376
269	221.3909939046695,-362.7953204266594
270	247.1882704672463,-384.6256563005587
271	235.0833383728943,-387.98718468732704
272	265.6867290026501,-385.27772634155355
273	236.5740686592919,-400.4825472294661
274	276.625737615996,-416.7931994351626
275	277.4039321387278,-415.6582962375926
276	216.9033143362189,344.6460992989602
277	277.22111008786106,-365.8849293006571
278	260.5040917931741,-358.69883884834235
279	277.5414374393255,-358.09155255294644
280	283.8421873416363,-370.566439674947
281	310.8401895371036,-253.62321374493783
282	147.48196424749176,-457.6343379133706
283	132.24299224715404,-338.6685316781585
284	263.38674935619633,-412.13935462592167
285	188.78164488037052,-362.41224639988394
286	132.0172399120101,-390.26394347915306
287	135.34374238380892,-413.53650060174687
288	137.3429550538923,-414.63225642458906
289	152.61318291421145,-467.23575187029974
290	155.16749716716132,-462.4088256541582
291	148.15546228361683,-466.139597247742
292	150.8354006712382,-461.8272059672638
293	126.89255812913127,-349.0168530652267
294	268.6697992700046,-400.8682979003431
295	270.65105979787285,-402.6010819147323
296	266.3276894907388,-404.13947287671203
297	-280.0274455459485,-856.4333058915149
298	313.0550276269577,257.83241295677215
299	266.29815715636033,-400.38395494433905
300	275.42138749235784,-402.48739868562575
301	285.9859069694209,-415.44552182050955
302	531.2473499655171,-31.069856239882434
