0	587.8779955692083,-88.85544706739138
1	606.1785662220984,-95.48851057049207
2	111.99304494418074,175.32046861415927
3	162.078704982,202.4983515884708
4	212.3430451662521,176.58407928146352
5	79.86458327905686,374.1504313052795
6	72.21148264851618,-74.34008810317339
7	90.86991640436254,105.10383789285822
8	148.85773739634263,102.44245953231966
9	52.40966043674485,255.5156982191431
10	79.45540706535667,204.0910227338213
11	1.7369441230208986,201.43484708101263
12	82.24060966160539,186.97487080056854
13	64.72487901673821,198.37315327678567
14	101.09036330146505,209.23227220469963
15	83.60801028174609,151.29214215172547
16	122.40686031825409,114.60943702419272
17	102.53604152663578,59.92522511955527
18	81.13363396044647,45.57273623477265
19	39.61592085102393,200.50643012095554
20	108.08342548267315,152.13518566689592
21	-22.551575042500534,169.732996866764
22	146.296840096821,287.7655026730249
23	-116.7788475245488,344.6584452793978
24	44.925675477655815,399.9887695944079
25	114.03804401674033,353.46812582239494
26	39.034313046456596,329.67723624943847
27	-1.6026140423801847,359.874003132205
28	-14.03654014285964,434.580885069278
29	-25.733324156703933,316.4732880771649
30	120.96593543542238,17.330338535193167
31	-51.90166016052156,132.85767205559804
32	185.01996077914228,97.19320774675765
33	105.7680260880201,-64.70679845946707
34	153.00611430096058,15.940702812375237
35	80.21938497551234,-28.76685412995458
36	210.69674308961118,8.270393562890202
37	-219.00268692038333,-214.07409245209033
38	26.78738127468502,-6.963874719425354
39	75.79362908084367,-5.184426448092508
40	123.49178201151301,-19.319956336790778
41	54.66140482578095,100.07534577687592
42	78.97654214022371,76.5304159973714
43	-42.55413650512414,15.011228119933918
44	40.415950552624295,359.18128349209
45	39.625261036036015,274.7213930427465
46	77.1586092777617,337.66950576208495
47	-51.89833130649561,299.7822049177394
48	14.915435616700558,-164.324919203365
49	-108.15124078536952,-2.9953006571356546
50	124.79950929007474,217.44546116757414
51	111.2459007461455,97.04062619008725
52	32.56649015549651,303.29039456797057
53	86.15907596150342,267.2744955533415
54	-2.410510378778035,394.0290553741313
55	-54.677163762369574,222.25833780484547
56	-36.58039147194284,199.1453017717687
57	14.345863226607351,166.21140643480732
58	-77.7011841719761,330.7426793934821
59	-63.78788071167312,237.70951828179776
60	114.19026083756864,251.556504672833
61	-81.99725644525911,61.60549173754052
62	45.72455421882725,137.21931886407705
63	133.94362545667488,152.8535754800243
64	272.131800649695,12.310654894844143
65	17.50963907006334,114.32213762802019
66	66.52272654435775,133.09128012466718
67	-5.173161930435128,73.4973395507113
68	82.17597392819181,296.2527389590623
69	22.41109668188072,327.85382390609857
70	62.851441368919204,230.71234154577473
71	-5.542207747785195,26.30294071625722
72	118.87307391942261,66.60624513318749
73	-94.43939773478347,-78.94993273153626
74	12.417274198361243,308.31475503757076
75	29.560836634578347,384.5805876215264
76	137.24280095028928,-91.59437873512029
77	76.28398171646946,-105.75315411903992
78	29.592931978505888,-88.32829652909358
79	106.93933851093561,319.6225047993089
80	11.624312061462188,8.281093738524932
81	8.938094486414787,258.0328593509193
82	-33.75293824938481,434.46873382693195
83	-11.5958434283971,-9.666207471767681
84	-69.00174242305421,-262.64769100913037
85	67.87640675422526,16.81521932580895
86	0.7581078509572469,-195.13497427771523
87	59.7864427498336,-49.114956430511484
88	-64.08532008183111,-77.36103163638818
89	46.41196014272103,-121.63990394988093
90	86.25240559173821,-180.33129200601294
91	-73.83032653466132,-148.4752791405736
92	129.0585585947452,-129.1365621839687
93	-194.20138024473758,-248.28244570025382
94	-0.8051183118861114,-41.75798076823817
95	38.00734916144769,-31.349688625792474
96	63.96731948141002,277.28166297600546
97	-29.615276972048367,263.0124224263957
98	14.114772110226166,87.15555951317127
99	51.942710996396286,50.68555270548879
100	-40.54885422909376,83.47481873131028
101	-38.573868509105246,334.0405302397678
102	-26.968066093401532,134.48035524375558
103	-19.365958426212696,335.36623551197727
104	44.27121969147199,17.047394145685434
105	41.52241254862725,-141.38741882520077
106	-109.25970726577988,279.6867889092296
107	-90.07950736642951,181.1177738965232
108	1.5277297424704408,435.3710690488477
109	-36.538201532986534,367.40376909519637
110	136.62932133146825,378.9394580780711
111	-179.97918066209334,-285.9817713627424
112	41.86134157906128,79.02657674261229
113	65.21887810524068,-199.46348952163433
114	41.14217997339357,-210.24801212102946
115	15.854359084757613,466.78126235099376
116	-50.96833436682717,446.2868492455403
117	-25.308597521237672,490.39214137655557
118	-61.722754410423285,375.1617652231122
119	-12.885008582276084,476.73171526196126
120	-0.7514304269777168,480.1105486961192
121	-88.8291232942542,251.86701537923705
122	-10.115103162160828,289.78214900741455
123	-11.740619695224833,413.34295922899196
124	18.836441963510143,418.5788660106969
125	-51.66593935839718,255.0369664023931
126	-121.20964453338834,230.8255506259621
127	-39.90159669150942,407.3024197123999
128	-56.76896988422283,94.85144592335361
129	75.6420702772856,437.408873858879
130	145.79559372614085,65.12859301382042
131	-40.02003856035908,214.62343658990406
132	580.439957308922,-102.26140809666987
133	-193.98675061596688,-216.11596866214214
134	2.540734620177716,-125.85860598457548
135	-151.53166034039313,-42.18099371813666
136	-108.71312552408548,-311.85755658092205
137	43.51589672481407,-186.09938019114173
138	-125.37382522062008,-268.8316003839608
139	-83.25131067722167,-220.78019530671244
140	95.42243106539979,18.296014056821818
141	80.58562975541422,-134.60297941850686
142	125.97629220640144,50.05828186121684
143	-255.91514230899,-210.94172036422674
144	44.793996342519655,-237.39250478114755
145	13.901593912255487,-248.26311063902673
146	45.07239968519356,-263.9215834962609
147	108.17366121898873,-192.09115728834513
148	51.5248703070461,-287.8052279703751
149	112.95131254771353,-255.9850102227557
150	66.08241875624405,-229.35262596612054
151	84.40718463921488,-231.70554008148164
152	69.44893104597679,-255.9245349088507
153	145.35065394729608,-198.80861536115827
154	155.5516064818452,-37.45049622642821
155	-147.1025651590112,-61.88703105349731
156	-97.25064977437985,220.42551407984482
157	-10.634380189829761,379.9610673341453
158	-190.84456159700105,-106.31284838079658
159	-140.30507796199674,-56.79849123732069
160	600.5805292433681,-107.34948396034368
161	625.1744100092938,-93.48150549992683
162	-21.069352684644105,459.8494625906365
163	34.33124352000824,465.70999656358794
164	-86.58813455501942,210.62757892637902
165	-9.898154100797774,508.37860111720573
166	-65.23541119248415,399.26590677227824
167	101.92867791183023,-120.4903828695714
168	17.09979999806458,42.21352284127563
169	-27.04862707889389,378.78229499853416
170	-209.68438220186198,-110.29059360156137
171	-111.56632339363188,195.25603184729246
172	-124.08587519925479,202.79217247398253
173	10.20292391809221,-71.68830180683331
174	-264.95423601531553,-231.23516758362027
175	634.0458117055302,-96.32929433009959
176	643.1173537334103,-96.7646702435019
177	621.1601754476916,-104.41964103020169
178	636.4309081648422,-95.76952358845057
179	633.4901590520353,-89.51521410254085
180	620.7597579836156,-97.79023030226185
181	635.7140255373349,-103.35777913868742
182	642.7018045738732,-89.74139138150767
183	488.75574045115786,-134.81884459791746
184	-110.18119731866275,19.851026101130977
185	-78.2798411172655,115.43822616598675
186	-133.5965347513327,-68.16023321198894
187	-132.16316906203213,-72.06115637129656
188	-148.15578467709105,-95.78686275100797
189	310.1067928739688,-219.8557896555991
190	311.2044618438607,-122.5852472497191
191	308.82814094268565,-122.99164607067436
192	-237.62845153259397,-238.14640632302604
193	-69.71179953245561,454.15561236201233
194	-132.7290133432614,-165.02808023347285
195	-295.55396012930345,-268.368997178457
196	-243.9750474412823,-288.45113332594
197	-269.7252155351531,-281.07501241011295
198	-227.32948529328857,-194.6516250486999
199	-325.3627802890001,-186.6653084998817
200	-273.518242231923,-182.79751733320478
201	-284.4972752418936,-262.0555189450643
202	-313.82303375682125,-303.7909960554506
203	-341.7613713213618,-307.1005843384586
204	-306.573264497924,-344.133121873748
205	-314.6097820572929,-290.6921582245943
206	-308.93015325530644,-259.45266643669163
207	-282.8556770720203,-331.70588244576635
208	-226.5664265652823,-300.24254702383394
209	-251.7719553709607,-243.49203932644158
210	-282.0848727042292,-320.11733638555785
211	-227.4386939418267,-175.26467892360645
212	-312.76792318412333,-221.40810704294853
213	-305.11728624608315,-323.2407038384659
214	-216.99106969435476,-259.46069826593634
215	-332.26890216243163,-273.5717638202987
216	-259.06386813647373,-319.2676196989255
217	-283.04983666718016,-292.66098848106947
218	-191.19361927024156,-357.64577629981596
219	-298.75646030172123,-286.3249570906651
220	-230.31138593000898,-324.300720319731
221	-282.0501095606367,-240.50145242945257
222	-293.61275684497485,-173.98164105829247
223	-256.06029224843223,-300.0769368230318
224	-266.0857799523361,-351.10016452687796
225	-147.4644621841913,140.14774388599523
226	-318.4136113142034,-238.10936861015426
227	112.53012508799412,-216.166353017772
228	9.366688706330619,-291.13449964761713
229	-324.26160358523595,-326.44063321457907
230	-293.73996324396427,-307.58477649645505
231	-355.9574025772693,-330.1750932885414
232	-61.84526622866107,-40.69563609426655
233	408.13731950447306,-240.89505401106538
234	155.53381593093582,-163.7424145223678
235	226.13677196509227,-226.05014185369282
236	-23.537277029124816,-319.49959995190295
237	-69.62044845867086,156.69209299281533
238	-145.99896184261104,16.832890560922696
239	307.4905915071326,-62.10650583747385
240	-210.99427458101854,334.7439930368849
241	-19.129229740685716,-346.5190819663578
242	-17.949483313632644,-354.0715067100061
243	358.80748727801006,-201.68377577956522
244	389.59248234559254,-284.10794692887265
245	401.78438304456864,-269.91423665837715
246	419.0557901817293,-303.6183167032174
247	346.86991342663146,-284.6880907572466
248	413.32878063654556,-289.89576622110434
249	426.5495311557513,-302.40211497497825
250	405.5116418675982,-248.16475503478182
251	422.1495692817835,-288.12294742893096
252	432.0176865476298,-293.0009478876483
253	416.3369501297469,-272.4823216788703
254	437.01784658859765,-302.8570675911272
255	441.1014906424491,-291.7884908680456
256	432.5720048664738,-316.46525249884894
257	449.61445300372645,-298.52391516164164
258	469.5059972087236,-327.3191086707578
259	461.6329135696077,-334.8900207181606
260	61.75585211840564,-324.98633432911777
261	407.2146747838433,-322.4567039559251
262	400.8463367148612,-306.83378576459216
263	394.9574442376319,-322.23087907413856
264	413.3056524698436,-327.7760464866719
265	242.2936596391263,-341.04169862592204
266	540.2703073803318,-143.52179155118355
267	337.7522200133007,-127.26907453207305
268	450.8754437565025,-318.57510461450704
269	425.3981502128056,-237.06249154452908
270	469.2901497082694,-156.30401993139748
271	494.30326127167984,-153.14119709810635
272	494.53449873998613,-155.74950600644826
273	551.076371637538,-144.73665373578083
274	548.9801365499005,-141.06755887682772
275	546.7204867261997,-144.2629985879701
276	546.9703116661728,-147.6840918065593
277	318.90161469895787,-84.25223425226102
278	-29.583833020634444,-305.58762357719536
279	452.92616757517817,-333.73391987695845
280	-452.8260716056824,-149.94543027063233
