0	-44.55141404280805,-0.3384811766713084
1	-27.352692544106176,13.101702406227918
2	-7.311661028672781,24.51161751884629
3	-37.52759594731013,27.166675953351696
4	-56.92990761870438,-32.23747962337127
5	-70.21498072831794,-37.83855914159254
6	-65.85846812839141,-29.999304060879588
7	-29.590368283593186,35.80613305965506
8	-7.311886341820918,-8.36407296893018
9	9.016500786690344,7.593413394827503
10	-59.00675016517889,-39.77487955126632
11	8.085092583247713,35.04212225642879
12	-52.451173163122974,30.63665814382971
13	-14.701635012178938,10.926797027683998
14	11.549096506323819,-20.36285155328643
15	21.10255145323485,-21.12226903548728
16	-75.46967247449798,-32.882766611452965
17	-30.88205123093724,-16.615547911778247
18	20.07968953508739,-9.856544056573172
19	-5.796950852030994,2.5841335918170456
20	11.3793783537042,-10.727828950974372
21	-29.022754058639702,22.711056924120378
22	23.25403408876759,-14.036155749008193
23	38.84241172361829,0.6249738080596152
24	32.69270493281017,24.91216879175427
25	40.47510351641524,18.82242052179252
26	31.70970437265356,-8.701857529103885
27	21.100465989569116,19.15019874522031
28	19.620847154604224,10.12781079453473
29	36.362444434293,-11.520129147725417
30	-0.9247197683932439,-12.366574190030024
31	29.12482989812408,13.517590542065829
32	17.14085347464956,-15.942163395543021
33	15.126106855325862,-2.573458412905006
