0	-5.607894135874433,-42.2666111742984
1	-37.20608439694247,-22.48213371050469
2	-37.52872257830498,-5.571405046677808
3	-32.72219274560957,-37.88903462920071
4	26.71828960956075,-69.14187957778876
5	35.238995114934816,-60.17853572457814
6	37.546068508984675,-68.43879396140441
7	-45.83676309970389,-31.957603033734983
8	-28.524575002267582,15.614399278329778
9	-20.28570334089768,11.266060080675565
10	24.535419031128438,-61.755167213516636
11	31.100292707434033,-31.022698593053857
12	-27.87150092475936,-57.057646851589894
13	-21.972661229786446,-15.63115476643654
14	-8.365039476290793,25.381116409645003
15	-4.326519129272963,27.81649118196618
16	45.82398909230766,-63.538474541998845
17	-40.580757497302464,-47.038331867885404
18	-9.103624871951853,38.95774362789189
19	-14.516000167699229,-6.45692248216513
20	-3.7145900098502955,33.14708191566051
21	-14.911693565710465,-31.065440602790527
22	-17.59043953137238,27.574045509206584
23	12.0383181930321,19.847714022978906
24	11.456194472749049,1.5622785112485484
25	16.594073104089958,5.482909629138059
26	4.669053871353742,24.697842255396285
27	5.160482778332533,10.599350826193469
28	-8.972376705735337,3.201286702199514
29	6.182240184296655,31.15295250624102
30	-24.394545755376974,21.986164120240186
31	1.80559455353401,0.8346692196227102
32	-11.727354110987237,32.36890187085178
33	-8.213752739255908,17.007118455820695
