0	497.62248846622686,-168.769420812202
1	748.9698781490782,-180.41823157465387
2	-40.94055874159461,-19.275631994453256
3	342.67764667769904,66.9166509667991
4	561.4193940014067,-22.376891081159172
5	735.2138637532411,-154.1886985802643
6	417.6073413708783,-288.71476897659426
7	553.153160494853,-208.39528328458331
8	-382.4756915966248,254.60594017592837
9	384.10520425021036,-192.92929150172696
10	689.0685258810137,-23.58509786995811
11	365.98149099012164,0.8256221100880181
12	800.4798956887296,-295.83356566536895
13	770.7162936526614,69.03474814061482
14	329.68161641518446,-154.00879775140712
15	793.6958054729843,-38.257067113918815
16	470.6369283679971,167.8765895708581
17	610.8273795818063,-183.63791883050953
18	468.6648563610461,-71.31496777440185
19	471.17094270136346,-112.394274815333
20	653.7248073161422,277.9129223614002
21	735.207918824549,-18.140024030958703
22	444.98623664757804,-471.4623450537184
23	610.4228137383063,-44.90921572581161
24	372.0340078893597,-239.01250283288772
25	827.2164750097039,-146.509845481726
26	326.7147547002317,-131.20552450195154
27	625.3263685905756,145.2966078094355
28	173.63156128631056,-72.31460164752443
29	223.85569170172275,61.943360223113636
30	500.6624368624835,78.20228735490417
31	891.9606082593563,-44.79902025514272
32	540.0538313364804,-265.7525110548861
33	766.2964538664148,-145.95692470014447
34	476.2435818391777,97.87119094107678
35	756.7617946583811,-218.42796461459915
36	1045.2921778722337,-288.7795576654471
37	547.4153126491033,-10.461427276359931
38	602.3700205462316,-311.44802084877773
39	126.3530301375344,-136.6990720404669
40	453.6284918219525,28.251924945004237
41	519.1825762250537,-109.71405367873069
42	802.4667052702679,-442.61892322918067
43	470.4254125615059,-157.04743678982382
44	768.8044960796258,-47.18125668550845
45	1022.4323028373027,-361.097585536279
46	599.453249089427,-182.08989271962045
47	831.4795458714209,-575.8924931411617
48	999.6429743494666,-17.755365550094215
49	-60.95689295853011,53.25748931421945
50	454.69251663711486,28.139624725326865
51	559.3844342189816,-15.563806593591805
52	244.85562700128756,-113.00993282741024
53	709.1757838853638,25.339226290220026
54	544.3750064243766,-119.70561753667452
55	607.3389258657935,-451.9203206486801
56	505.67453796690876,-138.9399706214112
57	453.9543583632976,-139.51700304781704
58	619.4591715614362,-360.2330777915949
59	1040.2119838133037,-180.25846603435468
60	649.1889802970321,-156.8676304314608
61	916.4773562217941,-374.76601562402743
62	122.10679802688978,54.33875858444025
63	487.9830145856014,-398.9901836542155
64	364.37543513778775,-351.04249496075573
65	747.4036740540936,-259.0857260650113
66	-80.86273611522756,-104.2200163389447
67	259.555147112781,-40.70431644770283
68	588.543848584733,-442.2090215254046
69	1004.9718912733621,-709.968144572784
70	328.6702610736502,-70.12911355038615
71	695.699356541891,-498.06432398639737
72	604.0975457767473,-145.09447636043544
73	514.159610519268,-348.2431715706748
74	287.1107078602725,-34.291209449735206
75	732.9202101965082,142.56485424274302
76	803.6744148131414,-24.916764852247145
77	303.3884076305838,123.95852934839488
78	368.3476499564984,-163.13049358469266
79	803.8451343817646,-173.03286982708036
80	365.1546106664566,-62.97471872588234
81	713.1566670966266,-285.2314544186283
82	439.0334137553837,-268.41915762227563
83	1149.4247229783177,-259.91015120193254
84	652.421086553538,-184.3841589557496
85	694.9018428446226,-98.31435933760787
86	752.1179599568896,-278.8213421180134
87	404.08927299633535,-277.83518371549565
88	726.4878371127078,-154.09367511093328
89	729.0985141113847,-334.4690233243348
90	479.841128781513,-269.2386291244259
91	1139.2811958487057,32.24462234237693
92	689.5373337074059,-54.78528859244903
93	485.5659878845347,-184.40629322706198
94	484.0831105376105,-71.35379787925169
95	545.880395903635,-250.92787531371772
96	523.0844401867648,-431.46431560067555
97	548.6559177744411,-77.31353748293363
98	277.2843826435961,-88.63283878983378
99	1054.8202498848923,135.4341556455222
100	-155.9759741091457,-463.3677351088803
101	412.7078551334918,-361.7797793340367
102	446.55689368834874,-291.962023011077
103	704.4978938455453,-150.04665145484526
104	537.6996774491226,-277.4011192613782
105	584.4425121276623,-83.0779774888386
106	203.668713700451,-46.83236047629045
107	354.6969587276752,-458.18933304321956
108	365.64488966121297,141.96701539498804
109	213.7500471635817,-62.2583228841991
110	579.397612869012,-166.64840794049223
111	-128.1370749859452,2.020559234987471
112	791.6147332137937,-104.47159789421052
113	578.4240457128043,-386.26958098729693
114	718.7558654467564,-417.6244855541443
115	539.4509059376791,-94.89514315176281
116	260.3485672314443,-113.61712641413901
117	591.935565742795,-34.20775932877018
118	844.9900022634964,240.68560586698104
119	596.4063888718724,-230.29401087993622
120	391.4795066696534,-178.0541852255257
121	528.8199637084082,-289.94375566523183
122	461.34150755239733,144.98796833577333
123	420.6894016243842,-48.23246019300085
124	638.7145705479455,9.366518176552455
125	860.7405432972248,-0.32674474961485966
126	444.25500631095196,-454.4521488188129
127	639.819317295217,-130.344377667252
128	523.3211104678315,-287.1148456801758
129	257.9941343148206,-251.4086899409022
130	605.1651133416459,-74.18697245939416
131	342.30226512197555,-90.6641735602416
132	757.918179222963,-163.2295918615289
133	385.6123428666926,-44.734014922005606
134	585.5578484755665,-66.06830330867379
135	464.8872011477598,-219.88984791802827
136	680.8306700721785,26.195161596787532
137	675.3896637444503,-175.32914820103358
138	204.73062912183832,-6.098878020550384
139	327.7997538371217,-131.4130375515055
140	756.4881712416998,-412.37494672147926
141	-475.01416778101935,427.16202732064767
142	406.15260413110354,-251.58598732493755
143	615.1829458277972,-439.7444099938675
144	619.1928121142932,-10.644814246019973
145	296.10808762786985,-179.53693497165182
146	1002.2471593672394,56.86702916707257
147	702.68915011393,-358.947542403776
148	82.83244113312993,44.09361712681689
149	161.26815974161985,0.13157505568031924
150	675.646081002567,-259.2700233999049
151	570.3800531107905,-106.58599278543089
152	527.5058433350445,-78.96469583645833
153	915.2939403363114,-279.156114351053
154	417.3822247259469,-222.45234180884813
155	896.4303352071439,-215.25606434727527
156	574.8630716786342,-58.856883177771195
157	507.46778131257474,-28.708400374956042
158	538.8005284158518,-180.8613281469582
159	476.7728932933913,-328.6501950216833
160	586.2506277164655,-73.01713699461483
161	1044.4208636814035,-705.1781393585734
162	1054.9112874517216,16.95130776177082
163	-520.118558511347,216.58801094165133
164	328.16726404181617,-334.7172129303434
165	670.8437958348815,-239.78575334344322
166	506.1857774047321,-330.45424519898927
167	249.9729846125343,-33.68492786371233
168	573.6176504583871,-289.35140543090597
169	554.6033418434275,-387.44609024314656
170	231.45883382640423,-80.86555401913961
171	339.4820366427672,-31.544200971978643
172	-473.78168261382484,403.64110887986357
173	-81.25402767138168,-4.231557719701205
174	-231.46136792454604,155.55918447449736
175	463.40074691412366,-43.72182937543427
176	674.2699680664654,79.2414536798793
177	817.103797710695,-61.351990525996435
178	376.70413361085997,-70.82368177742057
179	556.5552623489227,181.10084628252866
180	390.57411546926016,-57.67246916167445
181	747.8858116602548,-355.7256413633009
182	80.91894670134702,43.81610717764752
183	591.0548035894325,-143.39846416999345
184	674.026728397738,-442.3090241304487
185	-194.9649276832949,142.4959072074779
186	684.3726829533867,-282.38332710949
187	428.5117222717766,-87.5968603748582
188	606.6888813122066,6.404187232214011
189	663.0878181712503,-48.93830664053897
190	499.24349846393307,-295.25283585923376
191	380.3610554135554,-30.791025071903395
192	603.8793401010275,-267.7576682378743
193	651.292660367775,-273.3536010972644
194	394.8443786488127,-168.9809026595279
195	526.9449305280602,-126.68160758112523
196	546.3988711723714,-75.21504415883531
197	-37.192548707073435,80.53833647401278
198	282.67535118429737,-59.84012671928193
199	807.5263340107866,56.39588841254867
200	238.21572405931838,-155.85302843175998
201	693.2880322667156,136.58943456097836
202	714.5849460971974,-70.02297598167517
203	719.319092360996,-99.00683327190625
204	705.454994666048,-249.30810065625178
205	822.7658440346754,-147.0953649530033
206	774.0549303165627,-323.60344474249405
207	-22.38213310790293,-82.1857004154126
208	837.3253282840188,-74.66070934993655
209	610.4827625747447,-204.16251574462896
210	921.9207216960043,159.48152475133796
211	598.3174895240323,-158.89668115520877
212	602.0283955675457,-104.79123610963255
213	720.2132306164286,-117.78015306363272
214	-289.89235533975966,255.13153319026645
215	419.8572161252505,-42.698346828541645
216	409.07246470202875,-131.61792376238435
217	537.4881443438234,-142.1200283033873
218	615.0213039894134,53.57882747359577
219	652.4876519552502,-130.68137915598214
220	624.8721630835682,-34.98050316157852
221	636.6589940914314,19.39166238213615
222	79.8599552649183,44.18396177473592
223	561.3691045177179,167.86937833243917
224	783.5550947292538,-248.726539389768
225	551.21371616292,-236.6666534495388
226	564.5904902123083,-247.35195744692035
227	549.5829129974093,-28.42023666780071
228	608.7877769795491,-308.0492428203126
229	411.5865200652988,-213.55091953176336
230	471.18755485386424,5.844116391791431
231	-31.579823929160824,-173.80825969422457
232	620.3038971129746,-414.56520489352835
233	374.09373144785803,-202.77821468334943
234	493.2015675491956,-201.8349278318859
235	485.6462105531535,-106.79345907736753
236	600.8223557164271,105.3388760795722
237	322.67108987138306,-181.57775877777928
238	486.7593699456252,-277.48860369520776
239	394.46452712802983,-203.3171968685763
240	347.9538894144762,-170.95420931151324
241	448.2685365725675,-187.38667956857043
242	600.9226911832444,-127.89735986734208
243	507.12275388233945,-190.74089659504943
244	-436.2178172415532,-70.03755716222183
245	590.1041756814303,-186.07435719013117
246	86.29397167649947,-119.36976136226176
247	221.60912890112303,-148.07291624101498
248	574.6601134912855,-39.770779026025195
249	647.5247220602498,-248.2914278308354
250	588.9515238773816,-74.92829925339082
251	499.05976483350076,121.14977688195273
252	473.60585921786657,-307.5345484449422
253	-579.7135363905556,167.8839568452845
254	835.894749591735,41.93193841812042
255	150.40379537879065,-102.22401438673602
256	719.0527337582718,-113.599604036576
257	482.4694612300225,-122.09995539440038
258	785.9005052112528,-341.2839121369665
259	52.30870741929155,-103.6106935634336
260	459.9635666578659,-121.57197559125491
261	570.4430125999397,17.184723937932716
262	500.86820205488794,-34.160920881301045
263	540.3314359325555,86.70279993857662
264	705.4577752293457,173.8257935894926
265	602.2028123707863,-273.4184907726834
266	479.82147401786796,-172.1461762235542
267	9.176498174732616,8.037953241022247
268	724.8359831085083,-176.24693269156873
269	91.3288763439866,-87.84734440393724
270	638.7774214662419,-203.9369845336739
271	679.7731535627072,-108.7037831004194
272	-49.23957856800611,232.11800971652272
273	711.1065202758554,-98.1443932811148
274	548.6660062172631,-29.813930165561857
275	1229.589448806283,-42.08817354406814
276	471.74178251992885,-52.53996557018637
277	97.21324565348687,-45.580783920072506
278	542.4565505553979,-160.7038769655769
279	931.7641612957374,-490.10556533593774
280	515.8860753447156,29.26274679155886
281	1052.4784809245955,-1370.2827679420493
282	705.6388563873278,-211.76819905427502
283	432.9203543289455,-83.09542092817827
284	310.2221666303131,-199.82309335548712
285	547.093566349496,-143.91556390838224
286	614.9832632901666,-165.85037163899776
287	147.49803835374627,-20.418382733021666
288	813.4259110463431,-116.8588857474557
289	620.885646945136,-133.48322774690962
290	945.4258564002446,124.48332030146692
291	399.1519918116156,45.839677200802335
292	437.7612167524357,-225.00457712072762
293	596.500079628747,-63.01457987307263
294	423.7991783512531,126.5532440788608
295	276.2316934089698,-46.16783366995609
296	139.17667954807538,-420.1377373700241
297	505.35189378690825,-99.91587247551239
298	625.5702179443115,-179.5245586343519
299	624.8273384731847,-175.72369590134062
300	641.9539742377121,54.91802519577222
301	256.02284377667655,-20.85705967780922
302	819.1359838220595,-193.5026459154325
303	-24.153404805956324,-117.17470936717196
304	684.8157818616846,-154.46138825762412
305	446.9932615926716,196.32795760789676
306	626.6239305084773,-320.36242046638523
307	536.9884368582534,31.402436700131453
308	665.9987391629027,-215.57691258170257
309	401.2029641517449,-414.3646838157125
310	567.6518473843868,90.3670192420252
311	732.506075821072,447.8901098525658
312	132.57927924847093,-180.04809046500108
313	506.9186816661453,-211.5129640428465
314	416.646773550891,-192.11789923235324
315	526.6620841954974,-127.22145449555055
316	754.9101180906956,9.63359031744823
317	-148.29593470748824,-118.65412010103172
318	329.6696382134579,-134.20771794283422
319	328.9968880185447,-130.21903890927564
320	591.3125597368274,-294.46464475112873
321	710.6251692998045,-296.45221558058114
322	1152.8852262505272,-27.752170934390413
323	-251.9813685901884,113.43412838930419
324	352.06669333904574,20.07921391982181
325	643.8480454926801,-50.16393891609899
326	785.3245668139144,167.7542151913301
327	262.02363639025555,-244.16317245696146
328	276.94377447143324,-250.1742597076645
329	390.45432153963105,-77.7785310927233
330	652.7323352328731,-33.12107180991456
331	349.3075172975801,-51.32922458408104
332	320.4626742727299,45.33021272689151
333	338.5947428100079,35.59260268027248
334	486.0054002860268,-155.10824238050168
335	316.7572826669693,5.048340359898576
336	531.5858039370816,-94.88021212117161
337	428.09714594315255,2.4648982887195583
338	604.6671563872579,31.150319969217644
339	532.5900311656692,-327.95301113199656
340	646.448564664474,14.9222638076551
341	359.33371182729854,-200.9633277561455
342	-47.70214056868436,-115.7333521946326
343	547.2206687728284,107.87040768411799
344	-91.65354296414371,-0.7477087605886776
345	853.9275089547815,-177.27330334710382
346	-283.1393058464629,-60.44151526718372
347	675.2632951309613,-344.9386770600415
348	667.2449505467451,-74.07414736949804
349	574.600957325161,-159.4678015954523
350	737.5160823245012,-46.031311033739286
351	209.15510296463088,-279.1203387991144
352	565.0905621448097,-218.0089333802266
353	1168.3628006936735,-190.15929270416075
354	678.8662897508785,-220.39421528227615
355	293.2302056763378,-43.27303545513904
356	466.18755648775755,-260.97629563697365
357	544.2721872475106,-34.67533137797307
358	862.8236962826758,51.806341933686895
359	648.4964486261239,-4.517193044075681
360	847.2510369626359,-786.7513450871404
361	930.6329980000808,-221.47003920839038
362	452.09309767614155,91.51095099430852
363	938.2150565484784,-21.304412129148464
364	665.6893145919764,212.71589334666825
365	567.6084636480622,44.42120399474834
366	463.6077048954425,-119.2330585353072
367	158.31589628794498,-203.54500715647117
368	703.4419191901414,-331.7362116214622
369	80.48121579481115,44.05276862837556
370	379.9676130886566,-357.64473456632
371	180.69794153665873,-183.18648982069197
372	248.72665393519657,-206.8043950585954
373	586.1971976831029,-340.6821279194111
374	488.6595525373532,-259.7353141037863
375	324.80658925982004,-211.8446757786454
376	525.6639118915544,-59.95752080364505
377	734.1764300008784,432.997564166026
378	515.9909852676351,-52.57972925976904
379	842.3226687976244,-275.45046100325163
380	-21.634839965672548,-237.77607802947193
381	541.0784449172208,-120.1901664493069
382	816.5357685669027,-351.4796136400263
383	617.4186291340991,-246.05029762292008
384	437.88234982733786,-220.40799284575886
385	602.8013045296542,53.140090618844575
386	841.2590614390527,-432.05706924574605
387	1435.5378464938374,142.28806242429644
388	439.23780184744754,-33.45610333422816
389	-49.01692782701088,16.1214708308932
390	-412.0372724332013,-4.41613036812239
391	490.7734826067461,-55.966730677390416
392	996.0328991419694,422.0705691704833
393	586.1159398364049,-19.75157926761233
394	13.767286859777087,-7.842804849716272
395	143.79177038412234,28.55942826815085
396	441.24588032737626,-171.3563171488533
397	52.748247549756165,-172.13219079544243
398	456.84215274020664,18.120020419348016
399	80.6973992489358,43.19255697270712
400	441.9475953617446,191.24334092428012
401	622.2059340275435,-102.7602583167786
402	824.4788726143572,-81.1313466559172
403	363.1663878334916,-270.9662871317989
404	-51.67098869773329,-52.005770753393904
405	850.8731740575292,-777.4943617370724
406	676.6436950150388,-195.42686498408742
407	-124.0341030799093,-77.77018777170245
408	261.6456495556724,-301.0435727845527
409	669.8797663933337,-129.00700722160548
410	-554.8924618887096,348.4774088215327
411	724.6085048343353,66.46898505759448
412	451.0789281443638,-525.9653769990073
413	238.81635048189472,-69.43700535368947
414	160.35093007675698,164.60107927025112
415	433.5117583161649,-256.37737865963436
416	511.959534058506,-28.712453908535895
417	518.889177467276,-265.80400928821575
418	847.6288265524117,-125.81301804265551
419	461.2846276509706,-230.647331862468
420	206.34940953960097,-115.82764557543415
421	-265.150851826481,-184.820350604175
422	402.34514623351356,-109.47365151041775
423	573.2969714640701,63.93001949274675
424	552.1201258356707,144.81716431767873
425	541.3212687276363,84.32838162988104
426	391.55716927238836,-87.75309632122875
427	651.845067270048,-296.1866649232145
428	257.5737371268069,159.84799203495413
429	334.5928350561437,27.73825281596048
430	950.5179519694916,-241.19123744020567
431	357.51387847368676,-82.80131324943844
432	706.2276497318355,-1.1755506487132628
433	610.7325742181434,-31.621306489944704
434	368.6021522564951,57.26328900457883
435	872.3482643336575,-85.29091684222641
436	321.73853894077405,-50.548683616557646
437	599.5434939116758,152.71681554840197
438	762.790767286159,104.2884375404777
439	426.188533921573,-27.502815530724305
440	875.287484579817,89.00785676901185
441	434.61133377886256,-86.02703739675336
442	854.9498134982931,170.31205387626295
443	374.84707440212475,-137.8558831661848
444	536.0713102447712,-112.50613799805826
445	821.2396324503736,15.158891410459269
446	741.2775439412214,-121.20455126676964
447	756.2866324283452,-102.95278075835259
448	552.8207799865946,129.8567880379463
449	499.6597882526947,8.253257018418722
450	952.1298146041406,-71.96693620080222
451	531.784653387578,-235.2756389415724
452	852.1854375561998,114.08887568272533
453	192.60673903729855,-335.2366216747905
454	607.0342862908094,-202.94639445890732
455	399.58665723409365,-351.3777632240578
456	793.7679266326464,52.57894266987078
457	162.9295827489296,83.25521660166866
458	-13.003364402111073,-101.57870900315916
459	692.5897595739872,122.02808129323122
460	653.6825858944142,-177.76820474633953
461	846.2164225272227,-233.32959947193797
462	228.73945598142046,-449.1674169881464
463	529.7127669891079,7.628990683545631
464	157.6295208195742,37.82722799651738
465	732.1356800737822,84.8461581366136
466	-129.68193541265396,221.84798633999486
467	243.998159202827,-500.2823887224485
468	-167.07157481380813,-156.93497570301415
469	426.33727147656407,55.10735392536805
470	789.3318866192285,-79.14410749666844
471	261.6077374471754,136.30556547917325
472	444.029585224529,-20.794338617749894
473	132.6590568122403,11.929672049683715
474	760.1752762170009,-49.028669071244245
475	617.1877144959329,-3.4785957434203434
476	265.3491647265278,-95.81936023137519
477	646.5601706300226,120.35612113460954
478	504.7763918174774,271.0025277976978
479	709.8964886180738,-26.57972954583304
480	992.5286061612476,-161.62189873953773
481	153.50912585781313,-185.99073960894495
482	838.1781438251254,-41.307638132961586
483	821.0391405663177,-14.78558885853813
484	424.89849867809914,126.94407570311829
485	780.5041244229411,-126.37917960518325
486	-221.10678951839716,67.12448586725628
487	557.958368518115,17.67935188538426
488	501.24671424019,-284.6518085819324
489	858.4269663305447,-782.3553480381004
490	151.9742023748049,-41.79514646609704
491	-767.9528624812897,288.74667269941875
492	1016.9082188327711,-67.79672238134309
493	438.35965950736954,-123.64765809667453
494	555.9909986314514,-358.26165809943814
495	542.932847678425,81.38228451708025
496	471.3733320500837,-212.94093910299026
497	567.6625865937223,-151.91166802620285
498	-129.11203954751048,114.73498819349629
499	912.7815436974928,31.21598191113858
500	777.4743872786638,-188.02421827654246
501	310.35274848892607,-190.64420467758245
502	397.5787561402691,83.9641403747842
503	881.7625332859548,-280.6182221134026
504	506.26032390280847,50.54770487222946
505	739.4928923948515,-82.07892641670259
506	961.4154539857437,-471.9059126598298
507	733.3003741473735,-300.8272213173344
508	476.49715484437064,-162.28014807121997
509	93.50521321978121,-44.72968917492803
510	694.551069628361,101.18810558382123
511	175.01600231134947,5.207417012750634
512	339.9709203911751,-127.76842390374672
513	802.7289880953762,-218.50439470487132
514	622.3171583619101,-296.5445354098071
515	579.1204615521535,151.86849585350632
516	558.8138218640307,-186.19876481597095
517	796.2994618229961,-270.5717150543397
518	313.2801721803184,188.0193449971499
519	484.10331944911775,77.41834067050988
520	868.0107606851961,-337.93750861774294
521	316.9435145115146,44.70029937037513
522	379.2998645920995,211.7134951005513
523	695.8650524443591,-124.91813841426342
524	323.3554246430191,94.34659602112521
525	604.6205356244067,-134.0548732666643
526	-411.53832803052273,-64.66683877323044
527	1216.5485499909162,-507.5704283416989
528	603.4445063202394,-22.338705065927737
529	119.98321692738372,67.57743147375781
530	396.2269531699601,199.27588391143698
531	-356.11563840188194,367.7956978871863
532	292.69555665101694,-154.0526640627255
533	517.5544481862859,203.20988867442819
534	636.0767770162269,-74.36925941677754
535	666.2176988586577,148.05483957940038
536	592.0355761243214,-489.8372082895328
537	90.71002805549033,-53.571889928070085
538	318.6999043330038,-154.85325327246917
539	831.8257172488663,-105.43953793209633
540	709.0608160146003,-382.71431429270234
541	-240.67218325792305,459.2875636086791
542	780.3963028512139,-160.58057791249072
543	1353.0928449934895,-326.9220723351464
544	339.07216099925773,-177.46226893676206
545	468.95583474225276,57.35708755790331
546	991.5419383408861,-208.5841595933595
547	901.3695843437258,-743.7696835044321
548	351.4332976427348,-453.4995320484661
549	931.6694840092173,151.3563941420184
550	-95.21502600569275,119.8820729662242
551	384.413787842363,-307.4434357639939
552	856.2480332226534,-96.76568605381523
553	566.8269017121086,-319.371400697208
554	625.037473270536,-484.75482004802774
555	407.5827918699988,-268.44685122155346
556	864.6096984284627,-775.6256320640402
557	506.31403108247997,-109.68602735754055
558	731.3325296525231,-245.8844236495205
559	-183.06369752087082,83.83422332748268
560	-57.410726567286105,-38.5200267165235
561	864.8041000798177,-375.0996587303379
562	275.04504885012415,-110.10161492473351
563	916.9006914047375,-104.51784113166654
564	441.3022566714371,-61.56245999948949
565	448.96393665421925,-157.7842759171489
566	331.7672046434233,8.193623802727508
567	218.90513791662457,29.060739455673758
568	564.2081597243124,-1.8383872746199144
569	622.4353694802095,-338.32356141634443
570	861.1746268893129,-314.6778838425687
571	347.19177502069755,61.32548916645064
572	283.47870967733144,-154.38817770370812
573	645.3296201329846,-220.06443749171868
574	424.43983694313823,310.7330512510508
575	347.46411134225673,-174.3790258443071
576	577.3603764587158,126.30724720800241
577	-137.53650973796798,-385.8212970122879
578	482.85122984781395,186.71357827864225
579	795.4107986370202,-380.71655663987985
580	-427.32228711600925,-149.2311421008717
581	881.8671297605478,-145.11685293445984
582	735.0442425658636,264.13256379898525
583	412.24736373410997,-191.22146925178046
584	889.9504348946618,185.59486753637876
585	351.72901572738317,242.50831440403385
586	-528.0431806284075,136.24360066652335
587	-325.9992990987889,115.77101442986346
588	-968.4567230118377,93.45554406789417
589	-639.188616710397,274.4836153790793
590	-640.4599910225363,33.9712952778742
591	-425.02844945815633,-347.10617000466885
592	-618.9550268895947,108.11788106506611
593	-610.4497596801338,261.8481442010545
594	-492.0314757260714,186.0751108286094
595	-534.4871612413207,280.10213959226047
596	-636.7846192558823,225.47741182577093
597	-486.25615669228756,-117.79302034744919
598	-530.2381102706279,33.8593640911046
599	-948.461692459632,368.5206257239392
600	-933.7269622948664,-7.0337673889585375
601	-627.546472560436,-76.00370168488573
602	-577.8354605010686,275.8112616168059
603	-500.29744358455105,-60.28443152465326
604	-919.7556240080773,9.73869133617034
605	-757.2673708671767,-259.04913532742114
606	-420.7903319515617,-109.34560694463306
607	-528.2241999534368,190.4796533010423
608	-576.5625312757882,-0.041030816352191746
609	-602.600381444911,204.65170983464984
610	-242.96629985761984,-91.66222989050392
611	-289.87649126850465,156.53599488444073
612	-307.757549948347,68.32675163368754
613	-546.7828592365677,144.5746382549349
614	-472.6469180047953,359.5488314945887
615	45.32970725669327,582.2854242900015
616	-485.83725225463496,234.7251274692712
617	-152.3719427571451,26.633664125086987
618	153.8528508040205,-98.79527303430469
619	-545.915074647517,372.86612578412553
620	-701.095265174209,-28.115205474913843
621	-586.6547300414421,154.54090206445045
622	-520.3638895335738,405.6417421918208
623	-649.3614510865485,87.86714060785121
624	-362.7179684479492,98.74672607976753
625	-542.5433258073709,102.40568119316657
626	-562.2410425559235,120.07964870819062
627	-448.3672745817498,-35.21879418837985
628	-239.96165173130774,89.79562665026431
629	424.44714785338243,86.25772932431532
630	-800.6725464717963,-80.71575176455615
631	-481.677395094896,33.50255825327398
632	-588.8445305877273,77.55015037647745
633	-503.78688309817653,50.560662031327226
634	-687.2908801959965,330.6764111438476
635	-490.97091158961945,159.48500253318446
636	-644.1836700658498,-113.67426967274409
637	-761.2835234322345,-48.75052732296882
638	-243.51752368570533,-414.2770594087126
639	-634.832597653344,177.83565217908233
640	45.87571137988,583.7320027030055
641	35.004051740617996,569.0911296418999
642	-603.5716659073371,232.02453776355003
643	-405.21323721636156,211.16199222341098
644	-460.13525657929944,-278.1194938929836
645	-831.2452836270749,115.89725567820587
646	-615.8704237816298,-304.11166134268666
647	-572.9637469143042,163.67711789682014
648	-723.0203702568721,83.32033579958662
649	-548.1612164996636,94.7780537942022
650	-554.73736374471,-33.180826516414506
651	-505.46468425013325,59.952401250769
652	-442.29339333431994,171.7476875841774
653	-705.2465210069495,315.81399141326597
654	-777.0356555806516,-244.50493360272785
655	-165.38200682025862,-31.697696983113563
656	-370.7466473793215,80.04858806049072
657	-481.51380631421137,94.65942176305897
658	-620.6897353398638,321.8374520972367
659	-665.7462433164363,49.82808562912509
660	-582.515404958222,77.38594703376049
661	-582.1354000755077,253.82477839795575
662	-700.3279870030875,357.5235375045659
663	-330.34167971502774,128.19776147237963
664	-423.16241477601096,244.64402986471737
665	-937.1931150813499,-2.934946554248573
666	-844.8727192735557,137.02118772695295
667	-208.89679504451848,194.16201403081234
668	-609.5655264504907,364.6964094640888
669	-517.8884352366175,-114.10231476745312
670	-534.6905345616032,305.70843324165764
671	-913.6960950414413,7.869352130097543
672	-649.0958237387389,-268.8302200267638
673	-362.95111468953263,-36.29908218027607
674	-679.6554241979003,119.78569583181255
675	-478.896311370262,138.07554078964247
676	-622.1174291820043,232.3709520813145
677	35.99427960294051,-11.726139761028236
678	-699.8145189779477,195.80804686576562
679	-819.7703130943406,25.73492099370311
680	-472.05108876705395,164.4201112574357
681	-556.9644943126815,198.39706364010564
682	-628.3757470312092,189.51444673050125
683	-645.0695794943872,198.93008690188114
684	-379.9097403413003,180.71682193151767
685	-479.69238882150637,59.21385373744129
686	-775.3302473471537,23.768483725934487
687	-411.99613231369744,120.00175786267616
688	-566.5227833853538,228.919837166769
689	-398.93252148310074,163.2652131237323
690	-556.749885723321,132.960650856322
691	-426.4180800320971,445.2407795960735
692	-570.4915997077301,143.33278752656642
693	-639.7800087399153,-188.6585538739733
694	-530.4075372649623,118.57416232309922
695	-533.7019453666736,178.72838113727283
696	-564.5611996693274,-167.32676947662188
697	-230.82817566995544,74.71812419580066
698	-734.031414338187,7.826175869324363
699	-390.50871415305755,43.41107588368941
700	-277.31223791688205,81.02649442063806
701	-729.7017627946866,224.12267644944265
702	-801.2864075690363,281.72112867188264
703	88.83294161919353,55.90569675229702
704	-123.47555170106222,88.31609376495985
705	-351.95191226260823,512.1807109086684
706	-558.1263030297995,238.8482063365034
707	-564.8083903584757,352.716134541688
708	-598.1222175364236,174.47094221049056
709	-34.904868273361,167.38850550645623
710	-522.0847585530772,-26.32374774438937
711	-715.1294005992098,52.38461503688093
712	-715.9520773362996,138.91780415158053
713	-514.7627605270959,223.9539250972044
714	-479.66235724410365,195.3562105555814
715	-657.6867200797564,341.5369566859174
716	-549.9563903089953,265.1554955884998
717	-672.7465293328338,139.30140526534458
718	-718.4964691695275,285.6668044543107
719	-546.8465241879903,-8.026662983508013
720	-506.93028666778713,203.26922804087567
721	-161.0006744001174,87.28895849326729
722	81.28817826477754,44.85635837270233
723	-656.0581796392726,202.62516623714222
724	-449.6836498173956,149.65583983360727
725	-630.8904724722811,155.77321693617324
726	-571.9872028847838,-15.535919164565879
727	-462.6831751230965,-58.95378646318346
728	-808.6544493871963,52.78094275164361
729	-115.86062805706291,106.61972920286486
730	-401.38431401057795,-34.79002631417393
731	-638.6673423374076,237.84521028281824
732	-423.2954061844826,201.6940184988202
733	-481.5178714871138,137.13318164604695
734	-434.4922339867761,-192.96715565941273
735	-523.3329903097585,242.7773603518601
736	-527.9174802440449,326.1390542595027
737	-578.0437644982619,57.9768231487479
738	-479.3741225555103,-222.88997343000096
739	-657.4523044537245,46.28522093330563
740	-525.8207145401675,257.76814995878885
741	-217.92143825860117,36.73138512416968
742	-73.28883752900153,-194.53120426648655
743	-538.3204057329783,76.30549865877941
744	-325.35957945595686,70.21570892862883
745	-400.6151232394006,939.0805765945893
746	-435.0269419318187,142.2895519594173
747	-362.4968930009528,-163.59996428538545
748	-419.2725520794491,185.41507191451834
749	-435.5658319376397,31.240261528388455
750	-435.75786476946786,-134.78624170677074
751	-331.79106053227616,269.3145775758625
752	-496.90031210250726,285.5579394200928
753	-349.2822892841841,72.73222701994167
754	-731.2815732190537,164.0829520308226
755	-694.5504042664489,249.1767575010335
756	-404.3452947367066,99.1879913774688
757	-636.9354257746348,-16.45827164908577
758	-698.8293882418353,168.27183592256975
759	-503.90044563235824,130.6135795780893
760	-553.2460674786232,251.1821204358692
761	-442.17937828737314,199.1487120998697
762	-653.1708660618301,332.20544091205835
763	-465.99524622866153,151.87552463619787
764	-651.5749310504898,480.34340693175
765	-475.27159890867546,-182.0201338579294
766	-325.66967842575724,-28.80245966748483
767	-242.96688891725387,151.10249745099412
768	-720.1970087066373,238.0139968066774
769	-758.360769099447,256.9499526582584
770	-838.2658078671141,182.83792723153238
771	-215.05478996476862,-152.10986115742426
772	-525.9189626858947,20.94548531664477
773	-430.10581094355217,78.96630459133215
774	-581.4953583071305,-25.736462563054907
775	-255.38108098097229,-116.20844664123923
776	-521.7110367904751,-8.478588989493428
777	-453.26649125631917,57.36492426869156
778	-329.84803130926844,57.35346033687526
779	-273.76034374215044,117.63377888471211
780	-552.2181587082378,-111.12368216796312
781	76.15264601412892,42.82449858757657
782	-706.5916003534427,228.77088515921434
783	-673.2681394247106,177.66995794812507
784	-421.3456384787105,70.05470221218795
785	-437.8864618695876,59.21021236259555
786	-334.4763136864755,37.18771393668209
787	-895.707142631068,1190.835452754061
788	-609.3558809095863,75.36182134132216
789	-594.3430353404707,114.00618907640938
790	-205.54793220736016,205.50074377302687
791	-500.0620399610856,169.0817669616602
792	-433.6813210118334,131.13814771463112
793	-371.2042110404657,47.87913608052452
794	-311.01402296566044,41.53631306281891
795	-480.84672130853085,274.8191736904748
796	-234.25512509924596,74.93338532739659
797	-732.2636410066017,-100.85714880596325
798	-752.3176083420066,279.884345773863
799	-419.3746255865158,91.96254802927263
800	-376.52768821998836,194.1125510052183
801	-411.9676242656284,20.89706830961962
802	-911.3140799741011,-98.530299463224
803	-372.16789836739974,600.1652878466892
804	-683.1115715688476,116.7718548225437
805	-716.0910145178871,361.501082519013
806	-624.5877119592825,279.1116949041556
807	-408.7389488028654,220.7043035667197
808	-565.2777996195008,-56.622045515017895
809	-347.8259301539836,326.2461761673847
810	-550.4275132412621,181.06828373333184
811	-1862.5676925857374,391.46395779354543
812	-332.88753834215476,201.03540357525057
813	-561.3113334866941,-150.43401312963047
814	-309.901328525509,47.83912386623879
815	-106.92680303710904,-7.700856085029056
816	-883.8780374496101,-400.41507899814593
817	-587.1740073447958,301.8518082455378
818	-345.5104777609927,220.98410445644672
819	-478.8754591230033,320.72684249369934
820	-222.54768697952105,272.2030992231398
821	-830.9694438608655,126.21533233403188
822	-1695.6185534933113,-436.42246696675835
823	-518.818807053722,125.22060988682644
824	-938.0484807820113,224.93550839703448
825	-491.6351971268991,222.66424794746587
826	-545.1237409121604,364.54010773951603
827	-553.5306233474016,-71.3595459501496
828	-575.4877810686496,-110.75848899284243
829	-351.344380773891,301.58165117788434
830	-482.10483207807704,59.62195233636544
831	-413.52803907017216,46.85336193901681
832	-670.1352829567699,73.15390862643875
833	-978.0163496379333,-770.775735375206
834	-600.7855067978846,20.37473465397675
835	-547.6771354265286,16.931837974076267
836	-455.78786950312843,12.7790433072723
837	-238.3385956318721,5.219082634506842
838	-451.60611802487483,171.5901673252348
839	-744.242994822428,204.67525313879003
840	-507.1218125241537,190.621107830325
841	-384.2520821340712,244.70018107492226
842	-343.30738901919955,250.28524107250755
843	-327.78469880819523,252.8776071502945
844	-252.2398102616927,325.49213332703044
845	-535.395766054743,-62.144829172582334
846	-485.14799925878225,253.58569157483532
847	-190.90426879898763,-205.64842893900806
848	-522.3762224725917,308.8837457185741
849	-517.2974526034418,286.9520106263438
850	-345.439051209675,232.79507760043936
851	-619.8183156213524,211.16965186037282
852	-583.9300054351366,228.10365297724667
853	-167.35782038678514,94.0112217059277
854	-678.0223008875948,28.602605487927864
855	-624.9676670902446,341.83345247107826
856	302.86821499529884,215.10496564759663
857	397.81988056128233,519.7718595104365
858	-482.74259985535383,149.57502448714587
859	-482.3522215462901,161.841839235917
860	-329.8309621371494,-409.5426587073158
861	139.61565013089086,359.06854351508196
862	-733.1700840868349,303.46424555492456
863	-778.1335628290852,-17.63802194917352
864	-752.1342067520253,169.46470111268667
865	-433.321155521247,54.31963004494282
866	-1026.9031660316573,109.43077329644339
867	-103.07367884685674,-56.06748791436055
868	-228.9271617108731,-179.16213553862943
869	-1101.2952465703243,560.9039695565913
870	-463.37491343631905,87.45942724312796
871	439.98583651297497,113.472254275005
872	-325.8872304469845,224.0791931253726
873	-825.8356869160046,-135.8372731303089
874	-697.0425750302476,128.03436614887875
875	-674.8733437537951,354.9338172593587
876	-797.8248470911528,87.18672286333712
877	-454.5729716406703,225.48895232413608
878	-476.9156184496499,-27.16277050965548
879	652.5131914652075,-628.7283145302171
880	-917.4261096582283,208.01133811138274
881	-696.7483086258939,301.93227763280834
882	-855.1304074073773,622.7562506306496
883	-676.8324408983666,-55.23223577277524
884	-433.5567751940846,-14.681713519097032
885	-755.7155421387071,367.41801266344345
886	-616.0108680000916,7.5005316949792835
887	-670.3468380412718,276.71890229180696
888	-159.39336712714362,-156.12026456986746
889	-336.9078823546425,192.94639355275143
890	-380.38182120723525,161.11833988782794
891	-754.9418674637698,-21.626131810705623
892	-501.89371250338,17.641120746777155
893	-998.8875102031532,206.72292422767168
894	-88.61693992223513,-30.848677189650967
895	-366.4394011052021,330.3261775558685
896	-694.6057046061161,-242.8372333068588
897	-489.60160676908356,75.93855257190697
898	-546.2922524843576,110.05283238392147
899	-263.1956894443172,175.46332419774723
900	-541.7179697160351,216.81537002076473
901	-663.8909373363929,324.46397609790756
902	-324.4421882367289,124.00367707214174
903	-533.331522156882,167.49183085220974
904	-506.1428510001238,-26.452688005146097
905	-781.6385409909162,276.7665889356276
906	525.9830498849205,-132.89813950870416
907	-698.7818796223801,88.13343405197247
908	-405.9210935687097,73.18421793687862
909	-533.425903249815,59.759768520329345
910	-724.0814568107166,35.244310672394725
911	-334.5300535857873,-112.88955024324837
912	-292.0173228623326,-41.92787610648077
913	-626.0632979568426,64.7499318186938
914	-786.828875599394,-23.952381584836388
915	-509.72962932141303,143.10952120676228
916	-731.5808770948964,394.3514785466701
917	-413.6034253956789,149.06149168338055
918	-295.30700749772706,-28.629964198623853
919	-772.9138344136811,143.72618940189471
920	-290.4429795603229,-132.6475318022386
921	-417.21926629577996,340.6370204323296
922	-719.4999832033612,265.66400402789907
923	-402.202521322197,34.50927604398598
924	-783.213997515986,10.54908690238862
925	-1725.3509097991068,-372.42730484108694
926	-769.8602137910917,86.99888392274254
927	-570.5829868665355,161.92735403728233
928	-1118.0181594297405,115.31445578675363
929	-557.7201125177356,-194.52536793047253
930	-655.8877049588788,-84.94653269194345
931	-553.9971428384621,289.6289770117921
932	-737.6605171939299,60.0515409879884
933	-794.2654792204437,395.40336184426934
934	-557.3274837035813,-119.95804267715167
935	-596.9288910411594,246.5056340918711
936	-448.90265759463585,95.33380665717628
937	-314.65238298728866,744.5934450185331
938	-991.4438540108017,180.2965594883646
939	-263.1709781107953,498.30117484708535
940	-757.8772936956367,316.4270746567106
941	-898.2434802439125,328.38994854324557
942	59.7778920577338,71.49975906570293
943	-712.5823461277373,23.145629505326635
944	-1702.5857380884768,-424.1447433850563
945	-140.97212530397414,60.90661095391159
946	-183.6468913994195,141.48754867743
947	-1693.5481198972325,477.0429360703836
948	28.12026913609421,545.4356939221716
949	-714.5647755827101,222.3262899149943
950	-719.098092228123,-26.62991548932592
951	-239.09005004785692,351.85234787947456
952	-738.7407382686719,-60.65460400307193
953	-620.5433205071615,288.1056663145558
954	954.043957156845,-210.9649118961186
955	-1106.1925269419405,434.886483663647
956	-688.7503515698228,-110.38774709008125
957	-653.4266733726981,375.5134564760613
958	-978.9102959240391,-772.3165481017988
959	-508.35633667966897,153.26647697077058
960	-600.4623145040157,147.83372592607702
961	-729.1393928382477,530.1143539236176
962	-829.3521168585315,85.90664466121636
963	-628.8037940663347,571.9722562610289
964	-798.4355370185182,263.6975333854655
965	-494.36492559544877,-142.71684605861776
966	-561.1009116134379,401.8581235270354
967	-634.5495928231497,170.26449575665634
968	-350.8462077385683,98.0965989022544
969	-338.22304769307834,142.145142945757
970	-613.5903608099354,337.22779565447655
971	-678.6443885520829,428.97855956361326
972	-869.26512027879,153.92869456687922
973	-678.0165200699287,1327.7891150692672
974	-294.3643027029251,-79.16991446279764
975	-666.6189153060219,443.03735184234614
976	-452.4319715964522,124.43595473596545
977	-160.71927520691096,343.40217497506575
978	-802.1532140872728,195.15053237409197
979	-510.84489927907066,97.84853259942858
980	-630.2973220470543,137.5389212463408
981	-236.45427576656044,335.714491767616
982	-657.2218352781362,-155.35885321035224
983	-959.1242012776496,196.06027235256823
984	-604.8966364103384,57.963946700580124
985	-581.3076865006483,372.153679782651
986	-847.2486297369676,-38.47281387353474
987	-614.8531040742142,-105.34908296714869
988	-446.7859602457919,-254.27717626021834
989	-1171.1938625688063,-5.213730314790113
990	423.77217828220336,-575.1479073210553
991	-545.8951161331898,157.97213439003033
992	-755.8702028329701,43.69710531374822
993	714.4746726792187,-262.18929583862194
994	-465.97299375332216,-13.511903231074612
995	-499.13164816277134,-11.323562664836025
996	1141.3358784101774,221.90623243157256
997	-818.7779382636919,129.59133668975448
998	-333.8289779122596,-126.03736465459639
999	-713.1178510149654,-277.2769074202127
1000	-372.8303376797192,140.97070898683836
1001	-382.0712601213157,120.14949136680542
1002	-772.6655338611288,-80.332917018159
1003	-341.6138355827508,669.3490084442577
1004	-744.1941926710796,184.83841905930106
1005	-352.7375719153698,123.01383013809408
1006	-764.6093308407414,-147.54289279100564
1007	-272.89859970984935,1225.0000584650713
1008	-551.5014258554719,66.10037580969384
1009	-415.44865899662506,-79.82053531870838
1010	-584.5149744193973,348.5548702836396
1011	-588.9676844879414,-61.307934713933015
1012	-380.7538152881024,-59.62653903733672
1013	-566.2542813143283,323.4516508211011
1014	-386.27220420424123,90.15605476254282
1015	-591.2576931425026,88.0878205757817
1016	-733.5605794191489,121.88179890774738
1017	-523.6650327504506,-202.36226354055142
1018	-589.4183475402451,19.631002148483056
1019	-579.0418594349156,27.673856445563807
1020	-469.93052215927196,-468.9799920971706
1021	-411.4905348910594,56.398226676354625
1022	-482.4734869238458,175.10709210679173
1023	-843.1408966398362,29.061413395034702
1024	-1976.6385887871209,304.82498461246314
1025	-520.0524820369556,-268.5924981392617
1026	-520.7537014974839,166.2855039517904
1027	-692.0260971361256,59.41165425118883
1028	-632.9014578972855,20.91819594132886
1029	-342.4991921872474,35.39565046789268
1030	-599.0692531920874,50.55546874844347
1031	-798.1666309865061,229.18827798725158
1032	-653.16990120948,140.8726249902652
1033	-649.5157691237681,170.13678995094645
1034	-331.11181761886314,83.11324788348763
1035	-347.09289871607615,-54.14369650673196
1036	-394.40871231266306,371.653349650092
1037	-482.4720937311702,802.255695201189
1038	-475.667719251705,174.99177777487057
1039	-2082.103720312237,182.19530975235892
1040	-502.06710385180577,264.3230565048602
1041	-403.47636991624864,86.02511730978813
1042	-614.9261674506569,413.66010232627065
1043	-782.5080152401791,293.80834892812356
1044	-240.61070239866797,-850.6874803507968
1045	-682.6480018888209,591.8343619699261
1046	-599.44635770396,129.33583373564622
1047	-567.890089599807,99.84879256700252
1048	-634.2642293750562,94.37641984003899
1049	-609.2941406030335,289.2422127588656
1050	-1671.3433277186564,-485.52034314449895
1051	-602.5618100772286,122.62246648931671
1052	-378.58826834055446,376.45115831861233
1053	-662.4301458498563,228.26301545524328
1054	40.89639167624424,-399.9803286888424
1055	-558.5809002521705,154.68701047400342
1056	-1680.7852555844893,-466.64379763072947
1057	-671.3068699979087,367.73657628859485
1058	-572.6700831335186,61.5666513649053
1059	-331.4806992611205,214.1411210405848
1060	-778.8790494688911,371.7572149420785
1061	-644.195005633347,298.6110841709072
1062	-706.8708535885814,262.01599967443065
1063	-573.1193246152584,-87.82891955269048
1064	-165.89286073782026,-521.1066789955995
1065	-537.7327395500355,674.7942316652436
1066	-885.0401464218861,493.49384684775407
1067	-381.7568363884123,-15.161467132612735
1068	-565.5124056479252,252.1352542407419
1069	-182.6656815451608,-557.1649413814702
1070	-687.9925857310785,-25.153099209001173
1071	-620.8908092384646,179.15686701148837
1072	-618.5092189531002,537.8477568925322
1073	-574.7220504918496,181.17344392401012
1074	-367.6457552894817,-227.0829393614816
1075	-350.8720290543523,-207.0931487751622
1076	-767.327849252825,231.61559143273243
1077	-262.5716640293085,196.93413608648612
1078	-470.8445870670676,47.67101378461493
1079	-530.5581040853637,-359.80812422979767
1080	-596.2821815231429,-391.2496070200722
1081	-461.1936370039286,-116.57571118792565
1082	-510.05910442326945,342.5855525112874
1083	-474.58318344543505,-49.1770771463516
1084	-1716.5926589048358,-391.39045643142424
1085	-515.770409059927,-189.9010205535966
1086	-635.5728461211112,454.7402651150925
1087	-827.7104262930561,-254.25047119660107
1088	-344.80163278092255,-20.55984143498844
1089	-142.53631557188416,513.7966739274872
1090	-295.5426074278021,-343.19789993759105
1091	-1499.2079192465621,723.7482579765718
1092	-800.0312418301131,421.0348767545947
1093	-466.51988622930804,221.89656467802092
1094	-813.3602766453754,297.91769991870433
1095	-720.5173737376524,172.05586490136508
1096	-309.81916897217076,239.43441773818577
1097	-1113.5256505322984,439.32382874350367
1098	-796.325514407488,216.170447952738
1099	-641.0755153925681,-48.353344855309004
1100	-1709.932928707339,-409.4800635567349
1101	26.47117439648957,47.116321564981874
1102	-464.0596830954212,110.73348560616377
1103	-731.1122489627081,89.23723729051454
1104	-803.579372129637,155.00988712884086
1105	-665.7600507471,254.88940917547214
1106	-346.10238984920846,0.4385435038569967
1107	-129.83492224544514,456.82938949235876
1108	-407.87248142406906,-167.79644939611725
1109	-679.0311353882383,419.75175562691936
1110	-610.9145136294436,592.0760500131616
1111	-659.3056794670503,313.2056213962816
1112	-859.8740632956349,477.0374006175531
1113	-482.72771526123176,792.7335048824125
1114	-749.2909650049155,144.06067444649076
1115	-823.0242463011188,357.54739540178355
1116	-553.5882108512873,431.17351955448163
1117	-585.0943385830716,-76.69353643444167
1118	-935.5014947404796,145.00222640059292
1119	-553.1139354434995,329.65791498064493
1120	-1763.5833520964716,-314.4228090764575
1121	-302.1825705104792,333.2658647719154
1122	-396.24819031540136,419.74703786942615
1123	608.4180037547172,180.8006599049891
1124	-135.3111571406146,-148.37577111341315
1125	-239.68267368130137,264.7357785399925
1126	-863.7173662615774,212.4266733873379
1127	-719.3001654283222,113.10743026433308
1128	-1311.264767383372,-199.7255866122912
1129	-836.5470676054869,201.78612702141623
1130	-698.1970647141617,-7.928365442254302
1131	-529.7341167165353,455.9989617403436
1132	-661.4087568374632,17.837476214236645
1133	-1006.132401154306,-469.1159354772307
1134	-557.6485007020729,-241.07948726033248
1135	-285.80157778043997,158.9433697939342
1136	-299.7621193622958,-17.685315797763696
1137	-546.7803911692696,-214.49394084502714
1138	-868.9988146440891,281.7144977979704
1139	-656.208514791778,-942.8056672312757
1140	-409.1665902112477,165.19934798827512
1141	-668.0780241411851,101.09173804563379
1142	-244.1738218869131,-220.4863369275834
1143	-806.0275912216017,22.347432869190197
1144	-413.8119848429247,61.21008374855312
1145	-645.5670316439318,521.9718069688594
1146	-383.79623074837843,1137.0650713069463
1147	-509.90885001910846,391.1103862149244
1148	-386.9890922661728,-69.27172130071263
1149	-798.565606687128,124.37553993617806
1150	-465.40747600376807,282.28227999753415
1151	-543.2992508387435,-147.50707443292083
1152	-781.5876900472766,246.05289595949336
1153	-625.6200450572677,202.41632269642895
1154	-679.6024550641895,-195.52271287437915
1155	-850.9971518632425,68.56022872200053
1156	-1003.3887286479171,-8.749168423994398
1157	-334.53681069131005,589.6569345953982
1158	-170.56233347926,-238.84374817674492
1159	-811.4111665174088,-200.6777340602982
1160	-396.5897096200748,136.53443930733516
1161	-756.5114939632375,386.8136901347868
1162	-714.2792307460777,401.22153367022224
1163	-543.7090136405598,322.66921699196956
1164	-701.8121473690717,20.840464820170443
1165	-882.4818278035575,227.6928016937691
1166	-649.9827498822638,267.06581111481046
1167	-402.2471352208867,-143.36274627480603
1168	-1594.0725237494516,-622.8256281492913
1169	-610.2239694287424,-38.837938341695754
1170	-374.23705692381947,-99.17481888159624
1171	-494.60464533001897,319.8687235045053
1172	-449.4513234698422,120.6148677069857
1173	-781.9692252597911,451.7700240416135
1174	-649.743946992602,-490.9787162620812
1175	-290.9962285011843,276.52584048117154
1176	-822.695631034204,138.81094866839135
1177	-293.2609492961272,136.36105356473175
1178	-502.27475697144473,304.45051534892144
1179	-12.01570701728067,-315.68837214191757
1180	-118.83371727847305,-215.5557402059689
1181	-633.6866665756497,406.1802143929909
1182	-873.7052724080351,-65.38199112277559
1183	-602.3395982516428,490.4720081660993
1184	-787.3770849080325,170.9618867353123
1185	-268.06491691619397,-22.338847630232422
1186	-456.98713228916654,363.3250715129392
1187	-1230.3323021896865,-93.19333985823386
1188	-851.7409712006531,156.28661718847994
1189	-629.2097892433,508.6784138402393
1190	-517.2140401847591,-77.77881705939768
1191	-1148.6556732280599,312.5641084369381
1192	-588.5507918047177,118.39736497356539
1193	-943.9523622754427,200.3799339969149
1194	-515.8332640428105,327.6116884777659
1195	-767.417248850739,-90.16884014858304
1196	-602.595807503832,-173.6101241563444
1197	-663.7916754112287,360.6278657942289
1198	-461.0177367617192,-93.1817787816106
1199	-182.88199055179757,-106.01140710979767
1200	-803.4243166628949,-1143.1879613066606
1201	-598.8384027490631,549.207892110442
1202	-1274.0954213804605,176.41177201794272
1203	-1355.3776966146308,-314.1679635020824
1204	-706.2118918030208,561.9815359655557
1205	-861.6577503339475,464.9353225951038
1206	20.27315696544489,144.40460762290095
1207	-2094.7167710245703,109.42835481951347
1208	-871.1785604209788,-22.689991514213162
1209	-532.1779482042722,-163.06066477787294
1210	368.03378262598335,170.4039427772641
1211	-180.017665112033,-61.32852618221481
1212	-480.22819317752544,122.30617158326153
1213	-714.5259824927056,-589.6042061394049
1214	-599.7574072662264,-137.64797071737092
1215	-351.50556778519484,-600.925444289692
1216	-1031.1214536726582,421.4731549345316
1217	-820.4470212003674,416.4225729693019
1218	-639.7334262149727,338.3736861071602
1219	-741.4790215612926,467.626587673116
1220	-734.9127790363159,458.9012815816671
1221	-578.6975747330063,642.1054983484551
