0	357.4733,-198.14983
1	577.55756,-223.5078
2	20.801064,-84.67014
3	626.0399,75.335106
4	597.6144,-608.36206
5	673.0096,-316.60318
6	213.72432,-108.83569
7	259.92206,-193.60335
8	-603.4891,-73.66606
9	589.3135,38.289303
10	394.26077,-242.28346
11	197.13226,-183.65428
12	620.2409,-308.6051
13	387.81592,-279.08994
14	457.00635,98.44522
15	593.28485,-210.21353
16	586.9832,-4.4812856
17	361.7585,-213.3674
18	340.75116,-87.96548
19	288.3488,-102.36241
20	492.83124,-110.60506
21	495.49002,-172.86946
22	417.9517,30.633017
23	524.0779,-118.7094
24	187.0512,-290.9133
25	680.7862,-278.06354
26	703.3101,157.98834
27	323.2832,-225.64734
28	241.92543,24.057474
29	374.10272,172.93549
30	154.36464,-310.12173
31	383.35995,-331.13867
32	397.18262,-80.41078
33	720.01794,-470.93713
34	608.5162,19.605145
35	625.7643,-429.92157
36	541.0569,-417.781
37	545.83014,-509.1475
38	339.24313,-480.15692
39	231.6131,135.54417
40	782.018,-36.426888
41	734.5951,-108.75726
42	305.46524,-483.09998
43	187.99406,-437.20645
44	688.05914,-546.6839
45	794.50793,-206.50352
46	618.865,-119.88436
47	393.99136,-158.02512
48	535.802,-338.00644
49	120.4078,138.79083
50	773.1523,-38.495502
51	760.5182,-528.7388
52	155.6605,-51.951378
53	668.975,-250.62738
54	802.53076,-547.6493
55	233.34248,-680.5261
56	301.91663,-229.4354
57	491.84344,-30.714031
58	284.8658,-553.50464
59	446.39194,-351.13806
60	350.10034,-269.99182
61	396.78287,-462.1582
62	112.438675,-249.41254
63	310.00107,-263.7329
64	210.82234,-457.95407
65	666.691,-425.58066
66	54.5278,18.413866
67	9.127655,-173.14513
68	244.26338,-526.7064
69	288.78036,-726.99243
70	176.00699,-66.87783
71	390.86502,-566.86835
72	440.89288,-661.6867
73	382.25848,-528.2435
74	203.29524,-103.367546
75	437.8372,-154.54216
76	473.89902,-343.89746
77	477.77942,34.297607
78	131.31082,-163.86613
79	617.81024,-530.7311
80	524.4324,-32.77973
81	442.98203,-576.13196
82	342.06995,-166.27927
83	510.8075,-370.71872
84	301.01175,-373.335
85	367.36545,-309.22742
86	432.6941,-430.4746
87	242.17847,-584.2317
88	672.21967,-576.5746
89	474.98944,-718.4678
90	259.64365,-710.91516
91	648.06274,-191.3225
92	529.58936,-194.19275
93	410.35522,-15.508162
94	275.46164,-155.57593
95	260.4248,-396.51978
96	255.86154,-441.74765
97	940.307,-397.03452
98	232.26624,-61.97758
99	520.31146,-322.99908
100	-95.26461,-36.023483
101	171.12714,-454.2596
102	373.32318,-328.67236
103	513.5254,-415.12552
104	335.99054,-296.11322
105	562.0578,-453.79822
106	376.50366,245.90652
107	150.27217,-643.1625
108	401.64288,17.623909
109	145.20139,-76.594666
110	197.50769,-476.04343
111	76.12884,114.418106
112	567.49347,-294.07346
113	253.35121,-514.5326
114	413.54385,-583.3014
115	814.76227,-240.732
116	181.575,-137.28966
117	502.3121,-87.328674
118	609.62756,-275.0296
119	390.5505,-376.20126
120	523.27356,-20.47206
121	269.5159,-357.02267
122	166.35818,-293.52298
123	232.14769,-122.52544
124	162.41183,-509.96222
125	434.62933,-333.7065
126	316.6652,-146.31331
127	468.18915,-105.771805
128	357.77036,-444.8221
129	-7.21809,-446.40924
130	352.77997,-426.178
131	367.29297,-47.073933
132	602.77313,-347.7804
133	549.0577,-37.21735
134	488.77847,-341.22412
135	119.885635,-407.03073
136	411.15652,-236.36678
137	650.5655,-313.93643
138	225.20833,40.791286
139	706.9274,168.55731
140	361.05334,-517.943
141	-856.61694,800.3861
142	82.12908,-427.87823
143	251.05374,-547.29926
144	393.66016,-60.447647
145	113.72705,-296.86646
146	463.84845,-258.61627
147	502.08798,-510.576
148	138.9114,358.23102
149	232.32277,-151.19913
150	318.952,-526.98816
151	278.05707,-265.39407
152	665.1422,-320.79425
153	408.9519,-314.76056
154	217.72124,-324.3912
155	545.5112,-268.60687
156	384.16467,-424.88553
157	645.78143,-471.05862
158	501.89362,-124.33517
159	429.23325,-9.572335
160	571.7809,-513.4672
161	394.11804,-754.7766
162	572.79456,-267.23535
163	-287.0719,525.688
164	182.0983,-349.22955
165	363.48126,-432.72147
166	244.927,-387.23853
167	-69.946915,-308.78665
168	233.55463,-484.71494
169	290.85794,-397.4639
170	203.18742,-19.656204
171	700.3264,55.787994
172	-733.83545,727.4154
173	360.23264,230.0625
174	-385.86673,438.0855
175	431.72723,-93.241104
176	327.10416,-274.84747
177	405.2506,-338.00638
178	478.03043,-129.54503
179	645.6438,-42.89113
180	251.5037,-163.45769
181	480.40973,-539.31757
182	136.73305,363.34882
183	551.9708,-211.5509
184	348.30096,-533.705
185	-412.23776,420.96527
186	457.61554,-486.67865
187	719.771,1.0383661
188	110.77754,-408.21576
189	449.6045,-198.7936
190	197.59409,-402.01657
191	319.1797,-185.79442
192	490.06122,-240.37653
193	460.12006,-641.9353
194	356.71536,-551.9059
195	804.28406,-175.18176
196	715.736,-321.15198
197	130.48407,112.47491
198	367.4072,11.375762
199	755.51337,-275.0951
200	105.9294,-171.2624
201	803.7684,-138.4776
202	415.34604,-416.76486
203	395.4447,-432.1051
204	445.82687,-378.23868
205	392.79684,-479.49017
206	579.7494,-481.82138
207	167.64441,17.792854
208	618.40424,-374.91074
209	126.173904,-556.4624
210	691.652,-132.74673
211	648.7665,-283.69275
212	708.1492,-268.6617
213	646.15424,-449.22897
214	-214.20222,215.49797
215	509.9109,-40.78212
216	295.72275,-279.11798
217	632.56244,-95.319984
218	535.81573,-27.102268
219	514.3299,-102.28636
220	558.0267,-200.39294
221	645.2308,-314.08243
222	141.96443,367.25018
223	619.136,-157.54977
224	432.05322,-396.05615
225	350.0929,-393.70148
226	218.945,-333.37704
227	593.81476,-611.5113
228	501.81577,-619.6586
229	249.24747,-311.8586
230	267.89557,-141.93216
231	-31.865744,-99.573395
232	259.0404,-289.9575
233	194.65614,-299.5907
234	271.42224,-369.47385
235	490.54114,-248.2006
236	378.6867,-190.54756
237	110.90427,-287.6144
238	279.6259,-462.11188
239	181.81036,-314.37753
240	218.4749,8.019616
241	180.84792,-166.71541
242	718.3572,-170.02243
243	263.1693,-415.9027
244	-180.95831,64.62229
245	564.1823,-433.96716
246	464.53873,-13.186235
247	204.12675,-47.371464
248	506.5693,-291.21967
249	331.28165,-425.04947
250	729.5861,-156.2952
251	754.2494,-71.437416
252	341.05228,-185.82027
253	-382.57297,698.6918
254	528.99457,-289.77304
255	25.820505,-0.39021206
256	557.2933,-179.97525
257	558.5646,-41.03156
258	516.5734,-506.04318
259	128.38524,3.6953917
260	575.83606,-5.5579877
261	522.449,-152.10396
262	642.2409,-152.82077
263	872.03735,-185.14514
264	747.2177,-201.66695
265	380.57095,-545.3222
266	345.80814,-126.531685
267	20.995327,-24.659761
268	321.92966,-318.46576
269	60.590042,-176.01045
270	437.63312,-478.01227
271	669.358,-218.16312
272	25.103756,12.745659
273	525.3358,-553.31104
274	589.0993,-615.45624
275	508.14767,-22.061584
276	493.9638,-40.372635
277	333.14758,107.65656
278	631.25024,-575.4906
279	626.6721,-640.5767
280	467.56473,-81.61013
281	428.47278,-14.944225
282	543.5455,-466.72476
283	719.24817,7.734257
284	168.57033,-140.8941
285	628.8569,-140.11852
286	546.4261,-441.60373
287	93.20892,-48.44713
288	603.6163,-414.04752
289	200.37292,-411.50647
290	581.7405,-346.83334
291	441.438,-45.276134
292	357.56067,-136.5855
293	459.32822,-199.22221
294	970.626,50.809975
295	391.2631,4.988217
296	309.88037,169.27121
297	428.83304,-125.247246
298	518.0154,-190.86372
299	514.36755,-183.99005
300	406.15652,-213.67856
301	360.40164,171.92844
302	508.47647,-342.71585
303	68.749596,-22.175251
304	575.3943,-200.46465
305	924.4734,-204.42279
306	483.22058,-497.50418
307	229.47653,-291.21918
308	325.25403,-450.9973
309	120.34441,-624.8719
310	595.0753,-159.12294
311	691.2005,-974.5507
312	50.605274,-458.7456
313	302.07974,-446.29016
314	43.816593,-403.5995
315	789.8559,-179.34798
316	295.62692,-337.19427
317	-144.01862,-43.073776
318	703.3334,163.60326
319	697.71747,164.97375
320	407.10422,-351.8604
321	399.13885,-415.7156
322	382.00247,-618.46484
323	132.29689,70.87805
324	419.37744,6.3658357
325	559.4388,-159.74774
326	434.5515,-259.55313
327	80.124176,-300.51862
328	52.257935,-258.7745
329	565.68,23.829884
330	407.1209,-51.608185
331	448.43515,-132.77167
332	601.3761,90.65713
333	673.6713,63.4655
334	561.8152,-59.29672
335	551.0794,-28.15884
336	755.7204,-302.24426
337	309.20416,-291.7074
338	573.68884,-185.08261
339	318.48917,-394.2052
340	457.93533,-237.28563
341	248.59119,14.59862
342	-41.801952,-155.8372
343	681.80676,-124.58028
344	267.49054,103.18051
345	443.0718,-460.07657
346	-223.73372,-95.64263
347	315.79596,-514.0659
348	408.6741,-262.56543
349	457.27155,-72.22875
350	614.3372,-239.65703
351	343.22205,13.756761
352	469.77292,-182.39964
353	918.4728,-311.69275
354	375.3494,-345.87396
355	386.95016,-37.572063
356	217.77786,-431.68237
357	470.96326,-424.39145
358	378.04745,-378.612
359	347.41714,-323.79922
360	440.0783,-744.36224
361	518.6352,-447.65695
362	435.06506,-526.71173
363	409.3685,-290.85892
364	412.50537,-189.9344
365	299.03253,-249.15167
366	276.53622,-84.01136
367	321.54565,120.42866
368	288.3379,-435.56433
369	136.4578,366.85812
370	210.8925,-482.62253
371	87.18244,-108.86995
372	129.89952,-230.68224
373	229.92023,-413.68985
374	281.7389,-497.5554
375	308.80505,-95.62555
376	479.4456,-237.98418
377	593.697,-846.3084
378	677.3424,-416.7717
379	513.0792,-482.04672
380	-134.27887,-94.97271
381	622.06506,-68.35268
382	477.67914,-460.87082
383	354.7902,-347.3585
384	233.40593,-377.02887
385	590.3822,-242.14803
386	490.69446,-675.771
387	602.81354,-606.68475
388	445.86966,-173.4628
389	99.6286,-11.327115
390	-92.82071,196.11232
391	351.26785,-110.96086
392	618.49414,-27.452581
393	538.41174,-124.549164
394	179.69118,-417.01047
395	443.5833,-1.5743229
396	27.645115,-351.61688
397	-64.72222,-243.14267
398	592.9127,-107.895836
399	138.81207,373.57834
400	717.6002,-174.06264
401	478.15656,-290.9137
402	715.97375,-477.49948
403	152.98761,-348.42496
404	-10.661833,-60.205315
405	435.42026,-753.623
406	570.4308,-426.47705
407	-52.58921,227.27026
408	115.52642,-356.34247
409	680.6694,-460.52762
410	-357.6356,746.9562
411	476.01944,-209.00922
412	185.52605,-422.4272
413	201.67015,-125.931335
414	280.2329,-108.570755
415	414.94672,-71.50655
416	543.1497,-606.61774
417	254.24088,-353.73987
418	517.7229,-301.32285
419	255.42494,-111.352516
420	222.58974,-87.979225
421	-100.093636,111.303246
422	263.19412,-545.7716
423	636.87024,-104.77854
424	698.83484,-49.982635
425	885.45703,-189.57732
426	513.0707,-68.0281
427	321.7442,-350.28104
428	462.59122,-292.2066
429	541.61346,-59.247303
430	625.653,-363.93567
431	431.03613,-277.76324
432	481.35056,-560.8869
433	664.1201,-367.23956
434	543.7407,-13.217834
435	425.4703,-486.91415
436	196.02184,-217.65642
437	406.81213,-129.27448
438	466.25467,-161.82782
439	333.2723,-63.483402
440	463.3406,-321.2392
441	543.96674,-88.97554
442	357.3806,-375.12717
443	276.6981,-124.30519
444	620.6858,-182.62024
445	544.0812,-375.82886
446	703.89685,-293.35007
447	460.29547,-227.44485
448	502.07605,-143.46623
449	450.912,-107.732056
450	594.379,-372.1938
451	557.4825,-220.84795
452	491.38373,-320.91937
453	337.90393,-16.393335
454	191.75311,-387.25357
455	164.64803,-584.6872
456	515.5017,-278.90915
457	326.42136,-33.476044
458	-58.413746,-171.37607
459	594.09814,-180.74605
460	399.35995,-395.9993
461	496.96,-418.93814
462	185.86674,-393.87128
463	525.25757,-166.2529
464	341.064,1.3172697
465	253.12311,-328.56854
466	-64.83981,-45.26599
467	-16.015965,-347.20883
468	-66.39625,-116.56668
469	330.84915,-293.11148
470	606.52997,-293.43658
471	403.51694,-103.45856
472	571.62604,-154.342
473	127.95371,-101.007805
474	518.78186,-393.3206
475	671.2957,-154.21605
476	100.19597,-251.68736
477	287.1457,-188.66956
478	774.1377,-99.60375
479	501.7407,-201.14944
480	472.4042,-378.6715
481	79.64546,-208.67766
482	383.86908,-292.46756
483	643.4587,-351.92056
484	812.64233,-5.045544
485	544.2895,-237.67448
486	-119.45079,634.3709
487	595.9405,-605.2952
488	437.83432,-189.08495
489	436.0643,-746.75085
490	104.302826,-202.27878
491	-606.0721,650.2463
492	557.6501,-325.87128
493	417.09726,-47.81787
494	403.30002,-504.0188
495	687.6665,-195.82675
496	223.03043,-241.91333
497	341.9073,-241.62137
498	55.13138,358.1879
499	448.0134,-292.14847
500	537.1781,-218.55016
501	256.81,-30.159327
502	390.8376,-258.48352
503	651.66565,-437.5602
504	544.3255,-157.24367
505	606.9454,-392.05814
506	554.63116,-611.2283
507	367.92477,-273.2155
508	359.211,-407.4053
509	436.73538,236.33449
510	862.8242,-412.54495
511	259.82938,64.21336
512	568.887,64.915146
513	361.3843,-465.08835
514	581.1598,-330.5408
515	541.8009,-144.93388
516	411.23444,-377.64438
517	578.7797,-411.95807
518	288.42816,-363.9827
519	277.5096,-214.23537
520	645.5019,28.940397
521	550.20825,80.813545
522	198.1008,-327.0699
523	381.03766,-399.8227
524	215.14165,-165.45633
525	221.99466,-355.5881
526	-20.754158,49.418823
527	519.8004,-131.56349
528	647.7543,-144.21422
529	13.021061,-398.49698
530	479.70865,8.873067
531	152.45834,16.096266
532	380.61478,-105.976944
533	559.5581,-186.65483
534	522.0187,-257.22165
535	560.6127,-131.60529
536	241.28482,-691.54266
537	432.96674,232.4538
538	341.47675,-283.4095
539	497.61603,-391.3538
540	510.71545,-201.0649
541	-80.26074,388.47836
542	587.26917,-316.421
543	785.53314,-293.36313
544	227.1442,10.770618
545	558.69745,-168.08464
546	560.0977,-354.35587
547	442.99948,-136.95924
548	156.04388,-646.3933
549	668.2711,-176.05394
550	126.405846,-118.3056
551	257.382,-316.3278
552	462.90097,-395.0733
553	455.52344,-570.0151
554	477.03284,-395.68805
555	214.46486,-302.37442
556	443.23853,-754.4479
557	907.91284,-71.32223
558	762.6709,-437.00046
559	12.598585,93.698135
560	60.418194,-232.6897
561	669.49274,-479.13025
562	370.26056,-73.02517
563	567.1326,-390.02512
564	278.2165,-317.4529
565	170.81708,-210.07451
566	635.674,7.309059
567	407.68756,-58.918007
568	800.6407,-461.89648
569	335.8368,-462.79752
570	607.03156,-325.68637
571	474.841,-42.506466
572	709.73883,158.84442
573	356.51367,-568.82544
574	584.2773,89.697014
575	182.1764,-99.30176
576	355.89566,-290.37378
577	-47.379482,-212.56007
578	750.4231,-252.43721
579	405.256,-489.9843
580	65.00226,-139.57747
581	509.04004,-233.50362
582	371.05457,-242.74791
583	153.91699,-255.62448
584	874.43304,-288.6702
585	620.6399,78.96319
586	-386.15427,538.2678
587	-489.92853,38.538776
588	-332.07248,300.1251
589	-529.1605,429.76755
590	-161.07103,359.1602
591	-233.25673,19.496265
592	-481.4012,499.81482
593	-497.3669,295.47336
594	-564.5754,126.03021
595	-656.6161,188.77602
596	-411.13153,439.21347
597	-141.52638,290.02267
598	-776.7598,275.76382
599	-386.10446,482.2868
600	-565.7624,695.8729
601	-223.9828,327.78485
602	-415.134,406.17786
603	-340.46063,289.60648
604	-571.85486,705.3201
605	-283.95264,248.598
606	-264.81467,-16.080235
607	-395.36038,465.50092
608	-458.41382,99.67884
609	-400.99304,383.48822
610	-224.09407,-111.83565
611	-212.1422,172.97737
612	-403.0668,-83.49381
613	-572.9836,65.708336
614	-382.28104,454.85703
615	-604.7057,-1079.4128
616	-568.9436,244.68222
617	57.07285,24.573324
618	-15.659489,-14.773013
619	-769.5307,451.32767
620	-713.04395,135.16234
621	-310.6803,341.22922
622	-317.78802,456.1688
623	-210.827,400.68045
624	-370.56024,308.42148
625	-283.77988,430.6876
626	-418.3076,311.00043
627	-222.91156,178.23091
628	-53.952858,306.78183
629	372.40878,-218.5968
630	-236.57741,294.74628
631	-496.8716,403.13516
632	-342.50583,614.88
633	-500.91345,128.56183
634	-566.58954,473.63068
635	-293.965,342.42236
636	-382.50415,151.16386
637	-478.06955,241.84921
638	-115.60512,42.12137
639	-470.70792,618.5634
640	-559.4804,-986.9547
641	-536.26855,-942.7536
642	-253.80263,352.84085
643	-509.94214,77.58817
644	-296.2821,-6.992644
645	-642.1965,533.72345
646	-448.95258,48.527508
647	-375.18298,648.4443
648	-478.37537,386.3948
649	-432.0846,143.80003
650	-496.49936,47.866467
651	-553.044,256.1506
652	-319.19217,562.2095
653	-679.3975,415.6456
654	-389.0853,108.17507
655	-124.844635,-172.91193
656	-406.41214,-57.29103
657	-137.48747,250.57893
658	-543.45874,372.6627
659	-171.54724,374.22418
660	-426.58484,497.7561
661	-579.02,429.51938
662	-525.2427,484.08505
663	-535.7749,-41.34826
664	-292.77225,416.3447
665	-555.3212,701.3459
666	-555.1773,594.7274
667	-92.407295,496.81433
668	-546.5639,336.85928
669	-265.439,139.1116
670	-390.02188,629.2073
671	-462.69925,541.8673
672	-247.65802,180.95735
673	-202.0345,54.007755
674	-539.23627,523.2122
675	-375.57404,385.1832
676	-438.9974,376.14404
677	245.43027,-83.3989
678	-255.78033,504.0277
679	-717.4068,510.35287
680	-575.1536,135.07938
681	-448.3064,262.02963
682	-546.01245,650.0876
683	-489.68057,439.03217
684	-313.0087,440.95233
685	-330.2715,385.25357
686	-339.87015,473.7858
687	-420.15778,248.92027
688	-376.08786,522.05444
689	-417.2103,179.19966
690	-385.20428,531.1782
691	-394.28653,189.77104
692	-244.5824,219.8788
693	-266.85513,298.97156
694	-472.8018,92.357414
695	-315.5131,494.14087
696	-363.0848,147.24548
697	-125.370224,637.4845
698	-160.41528,264.00864
699	-60.5051,175.61272
700	50.13405,160.7032
701	-610.91425,340.08728
702	-406.30563,591.6693
703	129.94464,364.80963
704	-83.10586,211.25581
705	-530.8913,130.48381
706	-503.53995,369.0731
707	-593.5236,464.58966
708	-422.25708,141.39209
709	107.62181,36.516342
710	-448.64133,30.29743
711	-357.0807,420.7293
712	-536.134,443.19827
713	-441.01758,197.99666
714	-307.16324,409.43033
715	-503.13074,589.2465
716	-452.5098,423.61972
717	-279.71356,388.9179
718	-506.0766,421.9942
719	-369.49,184.4077
720	-712.39905,197.71677
721	104.697975,76.29761
722	147.23575,364.11255
723	-362.88815,590.98065
724	-320.14502,581.1969
725	-432.90628,506.4241
726	-341.9855,315.15445
727	-142.41911,152.88257
728	-400.30722,302.43445
729	-212.81137,631.5695
730	-261.41574,163.1169
731	-300.0981,392.9594
732	-306.53192,516.4372
733	-417.52286,452.6892
734	-150.44695,112.30103
735	-249.39282,567.5479
736	-581.7228,312.70724
737	-555.27423,374.8351
738	-241.50684,84.35951
739	-303.5532,280.4211
740	-463.92105,266.05063
741	-223.57703,60.168335
742	-97.84045,-87.70732
743	-516.70154,198.95023
744	-273.33292,16.011732
745	-773.6275,84.20634
746	-485.72314,210.92416
747	-282.71503,183.88197
748	-482.11783,153.58269
749	-289.09302,18.698105
750	-250.06978,114.605446
751	-400.16068,731.0654
752	-363.883,454.71347
753	-295.78387,81.07368
754	-397.62708,506.7242
755	-245.1324,413.3481
756	-467.05075,359.49176
757	-505.57315,99.59957
758	-450.35135,242.87967
759	-298.31067,528.8485
760	-477.85492,370.75986
761	-334.72308,224.63899
762	-254.04169,546.0148
763	-556.6619,215.5086
764	-531.6042,740.62695
765	-318.15808,57.774273
766	-222.3642,125.16386
767	-193.38974,316.53964
768	-510.10983,408.25827
769	-508.5542,554.5103
770	-373.9922,326.2919
771	-180.08551,-74.64225
772	-112.58974,199.48947
773	-32.35307,142.55074
774	-402.20035,263.96472
775	-283.1974,152.76645
776	-113.34074,285.1994
777	-238.2331,328.13934
778	-171.85593,339.96506
779	-90.29925,287.39612
780	-563.8031,207.45122
781	40.35563,234.75856
782	-550.0136,305.95538
783	-449.96945,294.52664
784	-406.56097,145.60727
785	-447.5019,-65.60478
786	-396.45398,22.154814
787	-540.89105,710.36847
788	-539.1591,124.799774
789	-299.95602,495.23837
790	-110.016495,250.76604
791	-413.85117,295.22403
792	-337.0058,438.9871
793	-381.57648,135.94908
794	-65.10127,236.32153
795	-237.83504,503.8852
796	-174.95699,447.12415
797	-365.32266,240.05374
798	-464.4213,478.8238
799	-38.103504,228.7272
800	-346.03677,188.24765
801	-266.46118,27.206806
802	-340.7882,503.22598
803	-316.03992,659.4682
804	-228.33528,418.4452
805	-435.1285,429.03732
806	-519.8125,523.77826
807	-530.127,113.681946
808	-412.59866,169.52567
809	-606.65247,-34.29988
810	-326.6179,421.40897
811	-575.3375,693.0783
812	-612.5506,18.30969
813	-609.9555,107.653305
814	-336.51407,-48.244095
815	-53.44992,119.124275
816	-53.50991,268.05875
817	-218.00145,456.9997
818	-399.05588,454.96643
819	-521.4155,364.66992
820	-485.3488,261.9299
821	-378.85696,658.9484
822	-560.46155,692.8527
823	-235.78265,202.51607
824	-699.14014,295.7435
825	-510.9412,246.09824
826	-559.6509,359.50787
827	-297.6833,257.4402
828	-394.7929,157.27199
829	-396.08704,75.783134
830	-104.83297,375.55493
831	-351.29263,-11.5581665
832	-416.61032,346.39832
833	288.49127,392.42587
834	-173.86842,307.1052
835	-281.45203,216.63225
836	-256.11414,246.65678
837	-208.51654,106.118484
838	-137.7108,345.8884
839	-361.37405,349.45285
840	-474.7945,195.57687
841	-421.20087,34.708805
842	-389.35934,550.8106
843	-345.24432,576.0331
844	0.43881214,88.318146
845	-427.51294,99.61778
846	-459.59943,385.25528
847	-123.05783,-7.764085
848	-437.3313,687.0825
849	-313.21918,535.8932
850	-194.95015,209.37532
851	-501.9409,457.4175
852	-547.0448,236.21446
853	-108.06363,388.05014
854	-533.5352,214.65344
855	-509.21368,381.70987
856	236.33017,-42.740734
857	19.767624,275.98117
858	-269.16843,379.4952
859	-611.7061,247.37108
860	-129.8975,533.4061
861	132.8552,373.86636
862	-373.1229,569.4751
863	-308.20166,318.79825
864	-532.2081,361.4042
865	-481.6186,-13.1060705
866	-207.34698,504.50113
867	3.1119156,154.15169
868	-186.3122,-58.265038
869	-540.8805,620.389
870	-494.0517,195.99088
871	452.98645,68.421936
872	-376.9395,471.89822
873	-375.22653,294.818
874	-321.03128,355.39453
875	-414.23352,501.63364
876	-341.8229,411.29504
877	-236.05449,377.5434
878	-315.89264,568.6757
879	226.68076,-679.0094
880	-585.223,66.55889
881	-474.11765,323.46686
882	-526.4848,536.2376
883	-413.46323,216.31668
884	-258.52835,229.02403
885	-530.4318,566.84955
886	-247.43964,397.2979
887	-294.3449,454.88733
888	-110.203316,-133.93411
889	-341.09854,140.31995
890	-402.33493,-13.817119
891	-222.2839,361.6739
892	-461.406,209.59319
893	-381.0474,593.2108
894	35.406906,42.49373
895	-495.19464,-60.609814
896	-328.43915,198.26059
897	-536.16583,182.3797
898	-409.20728,248.46233
899	-277.2377,523.7615
900	-409.70654,233.7034
901	-311.03256,548.0984
902	-175.27757,408.80408
903	-311.14304,299.888
904	-617.08844,418.3779
905	-394.35623,574.156
906	645.7752,-202.41103
907	-521.7514,330.25467
908	-429.89618,-7.0446987
909	-387.8779,252.02054
910	-671.49536,133.52751
911	-181.77492,253.05782
912	-190.66577,-100.76769
913	-273.09967,434.44684
914	-501.7121,240.37224
915	-289.88156,552.5358
916	-403.594,537.17694
917	-469.4266,128.92456
918	-236.63274,355.19812
919	-363.86053,373.54922
920	-251.03513,-54.547634
921	-331.99814,253.83772
922	-359.80203,550.44257
923	-353.9443,-86.834915
924	-530.8364,501.94806
925	-561.83136,709.4449
926	-415.43835,517.52216
927	-340.51587,489.71964
928	-375.61923,640.3541
929	-352.46542,169.19086
930	-436.55896,68.31947
931	-296.5056,354.14774
932	-507.43338,221.22794
933	-441.39636,599.8026
934	-268.04623,180.319
935	-347.71317,538.9081
936	-479.57047,110.171776
937	-405.93695,16.847486
938	-681.5141,118.06002
939	-142.72852,429.80145
940	-229.31349,467.3815
941	-200.04233,517.0425
942	-46.597164,85.51608
943	-464.6051,178.57335
944	-551.2569,699.0791
945	-100.315544,66.8067
946	-58.497086,8.861526
947	-545.44867,714.97266
948	-432.6492,-745.14594
949	-431.48593,533.8001
950	-441.2533,160.83762
951	-218.17326,-238.41037
952	-362.71793,274.04315
953	-255.50342,649.54114
954	646.1221,-447.54788
955	-429.5886,655.2465
956	-280.4781,277.28433
957	-448.9841,353.447
958	200.45744,268.5256
959	-370.767,501.3275
960	-254.36324,318.03928
961	-495.35803,607.4879
962	-590.16235,287.5691
963	-305.76486,289.9623
964	-313.39993,476.22498
965	-172.5696,182.92416
966	-528.782,459.28012
967	-460.52664,120.29213
968	-13.138899,143.03648
969	-462.96674,96.03758
970	-577.6054,275.24396
971	-695.9929,411.77982
972	-363.65213,494.0443
973	-613.55493,322.189
974	-217.55856,147.66982
975	-494.9331,480.79974
976	-340.80246,203.41965
977	-115.544655,147.64034
978	-329.22113,635.08575
979	-426.90836,182.00432
980	-370.03232,414.46103
981	-18.442194,102.463646
982	-404.0232,131.8894
983	-392.706,440.84775
984	-581.9513,366.00708
985	-378.37708,547.547
986	-394.12408,400.49213
987	-371.1054,81.21394
988	-305.44238,-46.868076
989	-496.68277,550.97314
990	144.90337,-527.2774
991	-558.2565,168.79277
992	-368.11072,444.484
993	698.6588,-209.9381
994	-190.15396,232.09027
995	-440.55917,115.25957
996	754.7571,-268.35547
997	-242.4986,569.9862
998	-277.1937,123.128265
999	-101.89322,339.6514
1000	-442.33026,137.4221
1001	-415.87698,100.34536
1002	-543.99097,74.57895
1003	-325.5546,662.39856
1004	-530.33154,406.86435
1005	-336.24802,92.79524
1006	-374.90097,38.30606
1007	-423.9994,406.73257
1008	-495.0252,338.771
1009	-249.50233,39.244926
1010	-599.2013,365.47415
1011	-527.6967,247.68335
1012	-340.02502,-8.18923
1013	-273.55243,363.65573
1014	-319.5108,430.02045
1015	-297.0057,215.2308
1016	-226.15993,224.85164
1017	-132.76164,256.80994
1018	-1212.6554,638.47375
1019	-1119.426,547.6255
1020	-307.27078,-114.03486
1021	-240.79318,626.1319
1022	-167.55333,246.81836
1023	-527.34564,277.43777
1024	-554.984,705.8922
1025	-419.66092,-64.58785
1026	-572.59436,350.777
1027	-578.93414,218.04797
1028	-443.13965,214.48878
1029	-341.373,14.543799
1030	-427.38245,296.1526
1031	-295.95282,580.759
1032	-572.1249,227.60617
1033	-424.5851,284.2757
1034	-294.20654,-36.960224
1035	-291.39966,107.37463
1036	-450.0294,227.02232
1037	-635.29034,239.4289
1038	-532.366,45.868267
1039	-546.6137,708.2999
1040	-255.3794,378.13776
1041	-80.22551,97.854324
1042	-530.0663,381.9271
1043	-357.77975,523.6178
1044	-156.07562,-186.36308
1045	-591.7396,339.6947
1046	-855.8562,141.64378
1047	-397.1498,334.3661
1048	-153.7064,378.33582
1049	-111.93537,302.74542
1050	-563.8784,700.8037
1051	-520.24695,307.2992
1052	-356.8003,331.01962
1053	-473.43466,410.77228
1054	98.27009,267.2681
1055	-601.85986,133.93228
1056	-555.3598,711.08124
1057	-373.52487,621.95374
1058	-382.93613,214.58728
1059	-420.25067,552.8245
1060	-362.47253,575.315
1061	-274.80713,352.38364
1062	-514.0819,565.2216
1063	-306.19937,225.20607
1064	-105.19537,37.989384
1065	-194.6999,186.14995
1066	-465.2694,430.90607
1067	-367.96396,-60.87446
1068	-368.14456,395.96082
1069	-111.69966,112.689674
1070	-491.1103,159.95341
1071	-432.41113,479.29407
1072	-392.414,498.38608
1073	-524.0006,473.7556
1074	-163.6877,18.161978
1075	-214.32387,-75.907814
1076	-274.763,406.29886
1077	-153.81824,70.177216
1078	-324.6276,174.35912
1079	-418.77905,-194.9892
1080	-227.0068,356.55542
1081	-393.1807,33.036007
1082	-274.2289,328.64676
1083	-158.57481,237.80006
1084	-561.7039,703.90356
1085	-279.78568,81.66694
1086	-482.39307,689.1292
1087	-457.28165,135.46832
1088	-122.92117,371.5109
1089	-123.83626,530.05786
1090	-117.09931,331.95428
1091	-552.1273,717.6565
1092	-461.69846,594.3778
1093	-397.8445,48.147472
1094	-280.08618,500.09378
1095	-335.78052,335.14047
1096	-307.82095,435.7592
1097	-505.86398,468.3113
1098	-337.54816,351.3665
1099	-361.0413,196.67572
1100	-570.71234,698.8462
1101	-174.09236,470.36514
1102	-237.57823,-34.185013
1103	-483.77133,399.4422
1104	-200.08472,375.6795
1105	-567.5789,315.86688
1106	-168.77591,132.94456
1107	-88.696465,462.05084
1108	-305.23062,158.25334
1109	-578.28174,445.1731
1110	-273.06744,550.46313
1111	-449.79092,449.51462
1112	-281.65167,631.97363
1113	-629.4426,142.67596
1114	-489.956,376.63623
1115	-401.4292,372.99942
1116	-477.83752,461.09653
1117	-555.98737,115.9941
1118	-509.72968,262.58313
1119	-328.61023,537.9713
1120	-547.0356,702.406
1121	-531.6419,-70.95043
1122	-576.39594,118.3302
1123	680.16516,-159.6302
1124	-175.25264,-101.69446
1125	-67.00531,53.30995
1126	-279.34457,425.9323
1127	-437.9992,326.0234
1128	-559.518,525.5213
1129	-193.6504,415.6292
1130	-275.85004,579.3391
1131	-580.606,298.3088
1132	-513.26056,168.24794
1133	-491.58533,25.673855
1134	-170.28876,167.42297
1135	-280.14902,554.23724
1136	-179.05357,153.65857
1137	-125.38255,224.99188
1138	-450.82794,281.88916
1139	-379.91415,442.82877
1140	-598.75037,173.32274
1141	-336.6264,378.68616
1142	-199.76198,-28.407684
1143	-510.62738,390.83752
1144	-144.24431,458.96268
1145	-343.80823,600.0212
1146	-425.17227,377.38043
1147	-417.08463,375.20575
1148	-447.43948,-7.0596266
1149	-452.11917,399.33163
1150	-279.0521,98.39874
1151	-385.276,1.3389406
1152	-421.33176,463.41333
1153	-434.01755,262.72556
1154	-254.52077,60.307255
1155	-374.9844,365.88425
1156	-458.91205,672.1636
1157	-320.43268,663.13654
1158	-75.2895,-17.183928
1159	-356.09293,220.9341
1160	-332.55203,57.896152
1161	-250.36835,439.78284
1162	-356.86978,615.42395
1163	-325.4566,402.55466
1164	-484.75885,278.62625
1165	-471.64777,140.67264
1166	-318.94214,389.4749
1167	-102.5512,170.86829
1168	-552.5122,693.1907
1169	-346.71234,50.988964
1170	-207.97623,21.40544
1171	-436.30725,233.46776
1172	-230.03372,398.08383
1173	-587.86633,458.79138
1174	-322.08017,522.93164
1175	-203.35463,164.72649
1176	-351.35657,449.93994
1177	-136.91243,205.5564
1178	-419.81473,264.1813
1179	12.363911,-112.866165
1180	-12.841889,326.94748
1181	-222.5935,436.17014
1182	-229.65895,557.2406
1183	-200.19585,444.89548
1184	-220.96275,379.2632
1185	-125.203766,121.69371
1186	-66.41372,352.54288
1187	-407.9639,531.2393
1188	-369.92325,247.84303
1189	-603.44885,412.37454
1190	-426.03827,88.214355
1191	-541.6636,554.6718
1192	-594.29376,157.49715
1193	-588.0841,94.93649
1194	-577.12866,193.20251
1195	-579.9007,157.35052
1196	-309.74652,122.01634
1197	-314.18674,377.70236
1198	-279.38788,55.560665
1199	-177.17923,-30.356092
1200	-545.97534,706.3593
1201	-305.1904,508.81192
1202	-643.1834,431.66568
1203	-432.85867,573.0803
1204	-558.7185,144.60602
1205	-517.03235,452.2461
1206	-2.0279446,173.85481
1207	-557.7763,697.39813
1208	-401.8817,354.94357
1209	-247.39793,142.0919
1210	462.0361,-36.19289
1211	-240.16016,-9.906635
1212	-223.83517,258.25684
1213	-534.826,-148.4196
1214	-453.1616,81.60884
1215	-241.83258,16.129707
1216	-593.86206,609.7351
1217	-580.69324,652.0709
1218	-469.78073,436.22324
1219	-483.35077,765.4679
1220	-419.35297,592.943
1221	-338.17496,680.9728
