0	-310.14589931808507,743.303267763098
1	-299.51763636524606,988.7864427335317
2	-232.349026030395,220.49428025572735
3	-34.80114667578241,607.237757256961
4	-126.95526371768365,808.7200679693028
5	-149.77127032505388,987.8953202508313
6	-511.9970203667359,691.8865647944186
7	-509.4898302948803,830.0269129289832
8	-186.42498633924,-153.45432632670898
9	-304.3316820465796,643.4239036844546
10	-426.02148588405197,964.3995275113361
11	-548.7525952712593,630.1458280984166
12	-196.64323963800157,1065.776459299359
13	-333.3383642889539,1003.3971671495871
14	-293.61471449978455,596.0685436354942
15	-264.8516113630245,1048.833065543449
16	-52.40940952501873,713.6593767782199
17	-395.4551448829995,867.1640342350619
18	-308.59540572809857,697.2008723312657
19	-306.7275199469433,720.2432161541834
20	33.54466931248211,873.4695364824669
21	-165.50889382495632,971.3088380601142
22	-621.0958541635064,721.4096088959374
23	-230.23490033262385,847.1708101042099
24	-365.09837607250057,637.4221011780319
25	-113.28010878239658,1051.210662653505
26	-235.21445322732086,595.0703128557965
27	-467.7436354325965,878.5341368976403
28	-246.04231036977768,428.84542978853005
29	-110.26730347096348,478.6057285254607
30	-119.63756711592957,731.1770138771836
31	-468.4698124913839,1084.6147357517546
32	-418.1724612770458,786.4991025253904
33	-198.1738936343452,979.4606747616558
34	-92.04446589335221,720.3853261806055
35	-253.6511214747711,1006.217109724075
36	-173.5219593420083,1271.9508052421836
37	-207.7712534247163,792.7753422731749
38	-487.95169747227527,883.7160103396996
39	-288.8430676728909,396.41299275550455
40	-96.40856893408441,702.5897110514725
41	-165.63574092850536,754.5414345649178
42	-646.0312663125361,1054.3357340444372
43	-325.43772071968516,702.9691153048054
44	-180.73223765772028,1001.9846898127038
45	-240.8013737222186,1335.6552764903638
46	-307.5332491647615,849.1586836434147
47	-883.5068298658174,1149.5632344837654
48	-379.70805690729685,1219.4031287428782
49	-140.5393101028622,192.39549536212152
50	-96.57822453139536,701.1315694786123
51	-98.15141382241258,817.7451781147889
52	-257.99337878056843,496.7864057623053
53	-115.81409040209495,930.5629251843267
54	-192.22608894341508,793.0884964775213
55	-625.9845812551185,895.1459428104051
56	-366.76767136065206,785.3986094482475
57	-281.86195274976495,699.2949573091851
58	-535.2526057719467,883.2671668577623
59	-511.4372080054711,1262.4736200179457
60	-411.09642987019953,894.9657672700805
61	-608.7542914989725,1196.0800677032912
62	-113.3548932408696,364.13336282896717
63	-516.4794746710156,766.6412421372393
64	-463.6505301286658,655.6378485769039
65	-165.5046336250056,1004.9180614255612
66	-208.69657214220996,252.09172319971447
67	-381.098939681541,500.31733339038055
68	-610.5209306200323,877.0492831638711
69	-865.8222071458422,1306.8306649890453
70	-336.88520795612163,575.5159994988694
71	-532.6800634007908,1017.8411653825549
72	-210.81244798547817,860.1526400250503
73	-374.24464548983104,799.9114680273826
74	-222.2316090234349,539.4596459294769
75	-89.94697654565718,957.5040323182727
76	-391.7329486442262,1056.3273607323206
77	-63.95484686393343,560.6472244723763
78	-345.54342509343735,624.3936235199761
79	-243.83246356310508,1035.707569111938
80	-190.12791959443283,601.5382877669689
81	-405.1292824716924,949.689270955698
82	-435.0640421741846,707.425891411647
83	-404.2863204891311,1339.410544161331
84	-486.05333723399474,916.4188449444242
85	-480.11767072481894,968.6583761444035
86	-228.08802447531198,1024.5826257115584
87	-428.79228375020415,664.7358399905158
88	-277.89413815411666,977.2648317311573
89	-481.08439043300365,983.4252969512305
90	-422.3783783607993,761.3595296736136
91	-62.512185691685715,1285.0457727122603
92	-163.23087706051058,909.8802771361409
93	-435.1548810425546,761.9931657101413
94	-296.8130885824449,737.784781159769
95	-443.11209839463294,801.4742163281168
96	-534.8895466241901,787.2829485370704
97	-151.2858640701072,779.9551930657367
98	-319.88130866307813,537.0030046100022
99	-419.9273631413849,1275.5934252132447
100	-702.5741346001719,140.77575960018373
101	-482.3288196808624,687.4940687539298
102	-388.9485516018886,713.7203183945775
103	-281.7046480049516,966.7834606405344
104	-462.6391164151153,792.1963463786275
105	-215.64377783327737,843.4493530331633
106	-192.50512101949155,461.28793890417
107	-578.1136876754865,632.8648696695134
108	-93.21095098647086,612.4408199508398
109	-318.06138914500264,466.69937564699484
110	-302.40636514449795,801.4965119563849
111	-216.1725577243646,154.04407484993047
112	-285.7562194338297,1053.2692557022585
113	-551.3016950364257,852.6409718208093
114	-562.836851320007,1009.6121278979435
115	-134.89107226317586,764.7069565564042
116	-243.9714857426401,523.1477310507205
117	-302.1764193582597,846.0684352106648
118	-33.6371876006767,1102.7487589792784
119	-487.5178221823719,856.6640531308026
120	-294.6783852477601,661.0800770685639
121	-465.4779158250281,804.9730900688226
122	-730.8656503301332,753.1273187027882
123	-285.8762501675862,669.9110112383278
124	-585.8766280317006,907.6368238644934
125	-360.06487375075454,1057.7278517527927
126	-605.5473334346943,718.5235602994017
127	-245.79879342726915,879.9043403888675
128	-332.80227865233337,777.5624374656071
129	-522.816487310967,535.8039693356641
130	-272.5066226840259,847.9493106252532
131	-274.5095925153616,583.9546487737019
132	-237.49952803992153,972.9391258157445
133	-147.83779220739007,624.7704888149412
134	-251.6003954905646,834.3520889742066
135	-374.8322989994962,723.4308809574087
136	-225.13762298549904,927.6230401442257
137	-135.85489348013056,906.3554764326504
138	-157.5459223092022,464.40407582243995
139	-236.1308164175667,592.161186056414
140	-642.2278753963627,1020.6497960362449
141	95.79551200443755,-245.38545822179452
142	-383.401770023521,675.5923272592785
143	-610.3049619802717,902.20763857281
144	-357.435535318586,882.8976806470167
145	-356.2978309560338,558.5428489088027
146	-298.5310420386708,1247.018065520502
147	-358.7077577668512,983.3858941573645
148	-141.2566341328241,331.35814876121344
149	-240.37207840146442,406.12888145527717
150	-421.2760119619465,936.3745899188743
151	-563.6511985452178,807.8817215773453
152	-196.80281276588525,764.0424600505073
153	-515.4496940384516,1155.1217305681955
154	-447.6585695272478,690.9534410198521
155	27.594999322337067,1143.5697888377906
156	-170.0718739227221,823.039722395607
157	-101.64196429266865,767.2316994581865
158	-310.3626020708541,808.085416097258
159	-478.672733495379,751.1133521928738
160	-161.9188415564665,854.969556762755
161	-904.8477060505384,1324.9986925024145
162	-90.14452162558406,1209.4449228772503
163	-31.635882924315965,-216.78550050405823
164	-463.4563553085945,626.3273386907613
165	-379.55340569949874,929.2136578323029
166	-440.5562147402114,785.8099021949109
167	-390.16495187720506,489.812566346441
168	-468.1462474342812,840.3633891756672
169	-527.9747799894747,833.6747229956142
170	-346.6298591169707,476.0855829037556
171	-140.71635109314818,569.7469405181198
172	81.48830586306417,-244.04410798310556
173	-269.084613867445,165.96295948182774
174	-18.050576489094237,2.626029189039929
175	-226.85940474622794,695.6481664007924
176	-531.4373404107594,911.7627108091126
177	-425.786700032871,1039.9568594645843
178	-178.89438519627203,638.7626467080115
179	3.5884395476504407,801.8455648523382
180	-327.37782946956224,639.8127459332271
181	-334.9531717647368,1035.497971417185
182	-143.96130442504267,331.9006715786057
183	-186.43983173549944,809.9874596196421
184	-539.5590468375142,950.4497406532504
185	-17.53637961860029,1.1206702825649701
186	-336.4054932915389,933.0832238685407
187	-192.89996145341624,670.9508902701764
188	-581.2864064423848,879.5721260065962
189	-194.61162344823614,892.871458218344
190	-488.9860957693124,773.508973852715
191	-189.30186503317904,627.074300473483
192	-272.27310331831063,859.9080831345839
193	-387.6477943765217,893.2686446031701
194	-256.1593460778585,698.1361253385795
195	-121.6766727516897,755.3060218479092
196	-161.7808825069717,779.8399449177805
197	-193.7677074869929,178.3209378261213
198	-252.53475794805533,522.9755572747787
199	-156.25935429810573,1099.7063842583843
200	-384.63179094970036,510.4111924836875
201	38.06413503220747,933.4086055934256
202	-263.53891638419555,970.004226815119
203	-332.76168583729145,972.9990049930352
204	-190.39085184345578,928.9806549940523
205	-381.7309852937039,1051.6853180229036
206	-304.27751099873575,1054.0271843672554
207	-251.12660467928663,240.74043479050388
208	-215.85320800989317,1064.8049266769967
209	-381.17668039244705,867.1986394296987
210	66.82605407321232,1090.9677785002034
211	-201.93928018795435,817.8186323546114
212	-179.29026754765255,821.0114582961659
213	-148.92343477668288,943.0044760439038
214	-106.50323809888195,-91.45670076429927
215	-205.88488938745377,654.3690663729694
216	-192.12859051475476,703.5931117377028
217	-106.15140591019454,754.7781656187777
218	-225.13000291988993,805.3896002876463
219	-258.20701882176365,873.0378348913396
220	-159.81165464029615,871.1912552078802
221	-28.028183412859285,838.5430273987546
222	-144.99519785291716,328.82649837254047
223	-15.973590377581752,813.3064566401738
224	-461.2703789317414,991.7435213795205
225	-369.9533320291051,811.7448110194084
226	-444.7464703698628,828.2771373136662
227	-127.48398530618371,805.1820675256628
228	-399.28163346089053,877.7225070065213
229	-356.2767524208347,671.6463693650103
230	-286.4498174166195,716.5067284348366
231	-477.1422373902485,236.2527168955724
232	-672.4737638993374,871.6143770901324
233	-301.63641683493876,629.9864462917543
234	-274.633264361346,738.9540076893268
235	-236.93207407176095,730.2812251579984
236	-340.51614530793086,879.8711830879859
237	-396.8854945804788,584.8629312518592
238	-443.7824439594524,767.0879168782503
239	-353.85730338917097,661.0289134499654
240	-352.4242248783113,597.1785066369464
241	-396.7071052981537,704.4108911605807
242	-162.205459208929,826.0385738344318
243	-293.1682306814986,772.8411913193877
244	-442.00071810379205,-164.5264214805621
245	-202.9391133931873,829.9502268321072
246	-310.80466113976985,352.9696337242154
247	-326.3195959933598,480.94017249375383
248	-259.3426760784525,820.9154377480771
249	-388.89117597187493,912.4879553874637
250	-99.33373308805334,831.6599903402931
251	16.16360903214636,758.390969014083
252	-463.8101089197316,754.6810106789299
253	-105.66176912846399,-310.90497216943345
254	-300.44854594603015,1072.7339840484765
255	-396.5273883193717,409.20243431195956
256	-161.61822365450624,942.3242369656892
257	-142.3210457531727,710.4980555097857
258	-500.9632250473396,1022.9969974959491
259	-316.2574241847754,318.8596120183609
260	-158.20005242227074,700.1660259030815
261	-116.23289568715373,833.0107067856007
262	-95.31147364628116,737.0789836024668
263	-8.209834348009531,777.4500734342424
264	119.20400582360176,880.2878117487913
265	-329.8944429479809,853.322363862298
266	-418.3872786180266,731.7590908724245
267	-315.01919663937025,254.43597538862403
268	-533.9156391136468,981.5519731831666
269	-381.63920624412435,333.527859096668
270	-309.17665694944714,913.0225335957175
271	-83.05249956611983,910.8594500442639
272	-83.02000886673416,168.37921915277838
273	-234.3677220433839,963.2267222143537
274	-123.59425501094323,806.6276973837961
275	29.887853481671073,1311.8849922689164
276	-231.85637006444082,743.3756158397017
277	-172.3337454510856,362.2836417399239
278	-235.80909060498857,805.8970960813147
279	-294.5919361933514,1330.487382627058
280	-63.008532527604864,777.0877033330911
281	-1343.6764975466601,1429.473147520379
282	-269.9745939745252,926.4209378999758
283	-191.97109805319946,672.0959083929387
284	-426.23682083589426,577.4138157569253
285	-196.82223008367714,784.9064899730458
286	-292.23083153265264,864.8874427140655
287	-229.77913955058963,396.99430898185585
288	-212.18183701199857,1046.0569786672193
289	-448.9143898296568,851.167135791772
290	-253.4494250979511,1164.446418480384
291	-134.01176962614736,638.641505559117
292	-336.22143578858896,707.9427415199883
293	-163.42507601224,851.609591532575
294	35.05454896284864,691.2152277464218
295	-164.52334316096716,529.7234167839788
296	281.01800482999295,494.90707946402154
297	-303.5516134647609,766.3445973437931
298	-369.5486796258773,889.6341483894339
299	-368.0592022392646,892.7522974584418
300	-47.162862787032424,880.5051264220308
301	-169.7610490231879,499.68742039276003
302	-281.33806023304123,1097.1813429941094
303	-413.77326715449453,246.8521898351303
304	-308.26168600499153,952.9953970845183
305	84.25676904815447,683.2087979934737
306	-247.51565630925063,897.7674525615382
307	-610.5914312610512,817.325516851
308	-464.4878564456795,943.9284281865752
309	-534.8574150304692,670.4816510172352
310	-25.2867020114621,818.0864687619322
311	-1073.8898095756442,1611.4699666322942
312	-389.27189928366874,381.6591575077623
313	-328.89279130840134,762.5008649269058
314	-520.8746023763281,704.6182731179701
315	-119.28355895109091,754.4791538835412
316	-600.0294479529052,970.2362829896026
317	-404.07656863231176,104.12102037157521
318	-234.52555200213604,594.2197435713073
319	-235.15708749879744,592.678881910032
320	-366.1953182250237,850.2706842543511
321	-374.15283579664026,948.0528691263241
322	-697.2341081201505,1248.703870854555
323	-118.79909761493302,16.59139469799607
324	-122.92665451042592,594.12864894024
325	-272.2762289056145,882.1075623818422
326	-389.378591601898,1010.3030783673778
327	-515.0905202814561,542.0940841473022
328	-432.07057844678513,560.78535035864
329	-187.16440452769118,650.9791417632971
330	-306.9566817349707,900.6117726080996
331	-173.4730651672639,584.4084827799716
332	-77.53933496090632,586.3742664768778
333	-65.4627705959292,606.6705731604321
334	-226.28019046597313,718.9521655800407
335	-130.7404791468694,564.5398985864883
336	-119.72710076499283,776.6943097201796
337	-246.174250296824,666.8798763865457
338	4.473860496185117,835.0857388830107
339	-410.65076930984065,813.9469701105562
340	-228.54125331899579,885.8247598136921
341	-353.945854527009,598.2925417269497
342	-438.04442266073016,209.87038371742008
343	-23.950501039524088,798.4963097258888
344	-271.1415893124498,159.49260169913197
345	-340.2147218191336,1094.6254303009741
346	-401.93390531877634,-9.018028915736572
347	-507.01477604752995,943.0778202429735
348	-325.2423852931866,914.8095124312473
349	-346.77250909314205,827.885063263028
350	-235.0547793958852,986.9245883692664
351	-236.53135386033313,492.037409489565
352	-216.8000958004619,775.2967940170499
353	58.772872312635975,1288.1690987216052
354	-406.61779735430196,927.9440039783947
355	-108.05360681834745,543.5365566012943
356	-427.8378560992812,745.4212341434231
357	-137.5618292953437,803.7894979578044
358	-555.8614147672364,1105.3246898958946
359	-568.3477480156496,927.3344583153006
360	-743.1218858263794,1309.1014596331968
361	-343.43203273513575,1192.1320352091507
362	-80.42694927717596,693.1491058712874
363	-325.1214225353163,1128.8421075352976
364	-19.8672098201834,962.2331958687201
365	-300.22971230459206,827.8504436215712
366	-330.12374587800116,719.9886256401617
367	-268.3731275488604,440.021985250352
368	-652.4758810230862,953.44844072346
369	-142.16039991919328,327.8441477142499
370	-508.80396822440827,648.4905459078776
371	-466.4601686413088,446.3682803023862
372	-420.93767869785853,523.9531233762177
373	-574.2138555422872,860.5054049304659
374	-413.58031192357436,761.5809290997186
375	-248.70052555360573,563.5761553399888
376	-179.21678617563478,789.7751181931293
377	-1068.8008694448001,1604.357618124299
378	-152.4388154560749,770.3819381168216
379	-442.7031320915836,1118.7593715895907
380	-514.5044109305995,280.89794866062977
381	-99.09837484482279,761.3654467326321
382	-497.09517249318117,1069.8598086440793
383	-424.2951611075316,880.3189750537899
384	-457.33069397428034,719.0470257193545
385	-121.49011098278844,880.3751739057712
386	-577.5311035083078,1073.665952232825
387	404.56042555759507,1178.1754913334057
388	-165.91174611084617,682.8954757364143
389	-262.78815317033343,211.45644619675474
390	-322.0065642521123,-163.83079220286788
391	-394.33642820253027,772.8535687120967
392	159.4658000082623,1179.6028535461585
393	-217.47419565774635,810.5166956000262
394	-260.589436016206,270.76561654938956
395	-135.5448445967732,389.17370744012067
396	-423.58399466897976,678.4934094327162
397	-427.79140732550536,329.6930492407738
398	-107.85287238666194,704.7848707050406
399	-144.8604983966565,329.3004789036184
400	73.81282974996121,682.3803808978873
401	-200.13463213941841,865.3547461223689
402	-117.08764928669284,1035.605172695671
403	-395.05602275470613,626.8891155448266
404	-375.9915317892533,189.80256491931732
405	-739.3114177349978,1317.420245249417
406	-153.89459668242438,887.2606447469499
407	-318.0408843614833,140.80696073333223
408	-492.5989819063853,536.0658833167911
409	-101.0594907423727,883.1664663257098
410	-11.08108411669505,-325.26998548757206
411	-36.83346376836686,1016.8075043214651
412	-676.8717906561263,727.8846802493326
413	-450.9773069342647,492.67177369980476
414	-48.71978659173014,385.12769295893946
415	-270.37589433808216,693.4065159387812
416	-88.2050191029603,771.4355315238281
417	-489.3430533148978,797.6938164568834
418	-381.92347710150347,1073.3433662982973
419	-384.18360376063595,725.7460257675843
420	-336.13292800859904,458.9063638500487
421	-383.001113834238,43.115658035326476
422	-233.80725662177795,682.8654576541087
423	-165.32076839634587,810.4866599338567
424	-60.290904256009895,807.7227195233302
425	-7.365105007389954,778.4293171679316
426	-218.16493873180815,628.0553694903411
427	-441.5236289185283,914.672178654458
428	22.236555208983447,486.85435800101794
429	-64.47978516103383,571.6547625178891
430	-59.097949022474644,1130.1334270137909
431	-416.62130434503524,585.2628877736466
432	-235.331155148444,944.593419785434
433	-87.52084800774534,873.0904530331804
434	-19.41882639448752,630.6418664806818
435	-360.1276456685282,1122.5964573176448
436	-466.793718428869,559.3207269711125
437	-137.2120117402803,861.8274793257305
438	-167.70290944953726,1044.058046789827
439	-312.85846923922645,667.3145784024869
440	-299.8292142445534,1161.1891007379534
441	-199.38472446057017,675.4358740160466
442	-461.47220324734855,1164.3333120315397
443	-273.3455576486836,636.5471476160701
444	-121.81572448312563,763.8653088437169
445	-244.604867401531,1065.7986070493484
446	12.949732990190451,982.4198546779852
447	-277.88751638950174,1009.431250087593
448	-75.30766972339352,806.2727968759276
449	-214.6252928547671,750.7277011964139
450	-181.0161578259633,1169.3273458985498
451	-332.9886342808864,790.7168420719614
452	-269.8868006950095,1132.6465037953672
453	-216.77863912048488,487.19835034700304
454	-378.44840906961,863.7551948078271
455	-513.2472624482507,663.0349265133715
456	-165.80243099424374,1084.5328214525875
457	-82.15283779510209,413.85507851629563
458	-358.04332750186427,244.56132135054364
459	23.10680426302501,927.8123575454747
460	-335.876124278435,901.6474466960275
461	-397.55253288194035,1111.4977442542859
462	-695.5256962435003,523.0392616617017
463	-63.71408563019421,756.3295284605775
464	-184.29177709808758,397.5965823230969
465	-660.3519610584799,978.2801125330213
466	-44.545968000957615,88.21711004237689
467	-645.1582893978937,532.6807631416624
468	-451.18263857728283,111.09528812740672
469	-451.34807977366415,705.136224454028
470	-135.9262730887987,1020.7669220108024
471	-48.22170044995895,498.8273586840554
472	-132.70491701947424,683.4655370956416
473	-261.8647270519728,378.9320935694804
474	-187.67444492778017,992.2143927437021
475	-118.44962137235208,858.1409820975623
476	-304.38112406354986,511.26063660337155
477	-243.58599322603146,802.0736006321391
478	171.7455858142329,719.9736287057885
479	-221.57745287909117,963.5731944454798
480	-386.67543762189433,1166.3660009697965
481	-510.7801514880102,443.9661720029115
482	-465.49978876215,1031.7365170043286
483	-86.53610299021109,1052.8787953113801
484	22.44997214091551,692.3875735470103
485	-300.48497417488073,1020.408980949526
486	-170.3772756135559,27.72238433995817
487	-172.95988523998352,803.644712243729
488	-346.1273703523524,780.6532566980852
489	-726.9529635371373,1326.084524914638
490	-475.50689347194395,400.65291360739036
491	56.751752355351556,-411.7802687356873
492	-191.2143704570291,1143.1381957700435
493	-442.68953463384446,671.8963573296442
494	-386.0309420619072,830.8306338344939
495	-18.99894832691098,776.9855534745797
496	-367.5085279640101,730.3471286919961
497	-342.92340605771864,818.042176823243
498	-107.4749795663089,191.16079283893686
499	-254.9306393933336,1196.1144089446436
500	-198.07794008551906,1010.5208236602849
501	-348.42262341852165,572.7184952389423
502	-100.92359889758669,639.7830463977937
503	-88.1623482598354,1135.4865658520393
504	-167.46206846079582,732.4711194782739
505	-135.41220127790646,952.7454991371734
506	79.25521232904512,1167.6370077782062
507	-604.1426877706701,935.918749736997
508	-436.97031610433515,718.0759369284549
509	-145.80022669331328,362.2430741978011
510	79.55547127778415,862.9262495900024
511	-133.70323485086692,411.7692717219292
512	-238.56250879106494,597.4316113560349
513	-447.4068871282589,1054.9149722829993
514	-96.36373087970111,857.3070588067504
515	-20.607141185678017,856.7063424300809
516	-295.31894994651583,792.8676161129897
517	-134.06022855307015,1050.489986180982
518	34.877812084254124,545.1138605756473
519	-262.011402520944,718.9189867090364
520	-11.095918520899703,1046.767446330409
521	-79.19279105065706,578.5592973453274
522	71.68239856456573,620.6271624294768
523	-200.08898378540397,959.8847973376783
524	-548.5862528706392,581.2099346285795
525	-437.12337643129985,841.618129051771
526	-394.6104554870211,-174.84024121021417
527	-65.290091737654,1568.9101122298653
528	-97.08536874677924,840.6225216756918
529	-98.96159610714489,364.32176496676226
530	7.178504739389117,649.07373512459
531	50.74155252911089,-125.63170205597015
532	-337.14588271625007,546.4597861725009
533	-2.944731166753593,706.9534141085619
534	-300.13089486417726,883.1775609618496
535	15.337526888972487,908.6240302123119
536	-641.2509376118429,879.4471144257923
537	-148.39754190072813,365.9599737207638
538	-379.9008880527562,575.915157104384
539	-227.74061875177168,1103.9845451044887
540	-425.2619252841272,985.780918225171
541	128.12729088988758,-78.00760714237872
542	-107.09311931119892,988.8735129825844
543	242.55780678304075,1425.2573630707323
544	-350.35696890493995,599.0971443628479
545	-55.595870946964936,714.413278811907
546	-234.02753578522763,1284.1206239843748
547	-777.3590328232463,1278.9978735021987
548	-574.2764616386762,629.311765138235
549	-63.44038905071153,1170.9292018043413
550	-32.2931337351037,128.8385224562841
551	-481.00745393730216,649.7683660984984
552	-411.11994018897184,1072.2604222589048
553	-249.46788088533444,812.4379853446568
554	-391.61732824534465,968.5385720085159
555	-564.1560238286166,720.5509642530462
556	-731.1984386580701,1316.5741587747689
557	-126.86661145089498,742.1936361172111
558	-95.9895659041908,923.2975234728402
559	-161.31140782911663,68.69046147741605
560	-257.76381622765814,202.53659363071688
561	-141.45920940393543,1249.1294993202046
562	-385.2980254113786,530.9234645483454
563	-224.33997999937415,1173.2005742459655
564	-341.5006622096226,685.4313577519125
565	-408.87315216443454,687.4198447444852
566	-103.54285255646857,608.776172092742
567	-109.93243754711756,450.2133544442384
568	-79.83623718628552,827.1508856530544
569	-487.2478869234631,892.7266206159123
570	7.083999215609202,1042.8675477560253
571	-45.09246730949256,608.647913878095
572	-179.28549614194412,557.3625146276863
573	-278.1935837922671,902.4009911268091
574	111.28878223955459,648.9648933052245
575	-351.65783049173274,605.8741117455874
576	-515.1297592466778,876.2055681905583
577	-569.9761162136135,166.52173494720395
578	-24.673148202191683,714.0675689177074
579	-558.322810692902,1052.112762852179
580	51.05398506008626,85.7749402292304
581	-129.56966618256584,1087.2286859975734
582	-537.0083505478852,1063.492715354787
583	-505.86020844299367,707.4804081344989
584	70.62043506790336,1052.9745517915603
585	150.44657055830595,622.4393949096674
586	31.35186659239949,-165.1514294293041
587	-125.36982300229737,-77.90217320809806
588	-450.5687766366532,-664.104859936813
589	-83.11322103466854,-364.31885937808084
590	-383.5287569365853,-451.0653125009694
591	-608.4517966211696,-90.69115924949679
592	-148.7025023391743,-317.25806075877045
593	-209.1347708424565,-417.239095378831
594	-278.033523026374,-278.7166291140661
595	-12.558827035404518,-241.2428119646918
596	-81.25106805421763,-385.7315762503335
597	-333.337079250219,-147.29483535760986
598	-288.84005104331135,-276.91311236231735
599	-9.896576750746078,-602.8594269113753
600	199.72373257041153,-322.44336843094646
601	-378.5701593823235,-379.53788126024176
602	-3.8921264982162684,-279.3100316077787
603	-402.3640294658662,-249.16475128826755
604	200.11554418439704,-324.85526528040117
605	-691.0951822756573,-536.1938797798175
606	-548.5550943194398,-161.8187045429043
607	15.194122699357692,-208.28085509673417
608	-430.3038493713114,-316.5304244836387
609	-93.20803474850321,-332.753936285049
610	-462.11864314199926,15.560611512771128
611	-149.02595863507761,-34.13581320814902
612	-288.9169377122681,-66.10055878429237
613	-286.5828190025363,-329.41802365347075
614	37.49816609297508,-236.32167632050593
615	405.87366797539096,77.94926940665215
616	-147.7635168211654,-250.82962232776583
617	-195.76880319084898,96.17734725854744
618	-388.50934852341004,414.45502206285994
619	-40.82803603780794,-353.09719270827827
620	-350.6215424083292,-470.55013993315845
621	-167.66713642020122,-325.1315018765034
622	-2.5400409712100784,-314.0795423708611
623	-232.1477048054425,-370.33887206561616
624	-125.00188234648104,-94.29637622711725
625	-203.79472821180804,-288.3877458535041
626	-209.9214622053612,-313.56863836052725
627	-346.44599926387707,-167.92570932677953
628	-178.88090415683973,-2.374035368648761
629	-94.43572789287887,661.6549008563519
630	-518.12418284089,-526.247752012723
631	-116.7240147904872,-151.24633920296998
632	87.14142538357157,-160.20986823039573
633	-299.3344531264845,-252.12617454730042
634	-14.459169149877406,-448.1495972729957
635	-150.65752752242258,-230.12158691802497
636	-504.0520943578974,-375.2722620700594
637	-378.3264991395961,-488.226737515186
638	-609.5136657839453,67.4830276882662
639	-83.18791024521796,-356.23104245501827
640	394.470602253945,78.11934207723263
641	383.8116140293705,78.21671061319414
642	-247.26127310954215,-419.68859583983146
643	-183.24656889815716,-176.99920113138762
644	-658.1952591512933,-171.227341694428
645	109.77804503868194,-336.0459351406574
646	-698.4331275125708,-344.1676885112404
647	135.66890694458482,-182.184886777709
648	-136.60058354952034,-390.5135407149408
649	-162.67492025742672,-273.25833448234954
650	-410.9307736816604,-311.94071594766285
651	-281.3091014399858,-255.04101996063687
652	-74.11101318423378,-190.2456441534419
653	-141.17788277673495,-524.1038243109555
654	-638.4143419632121,-423.99848399208315
655	-324.07860488897205,84.53466264074548
656	-370.6882065315994,-149.85293480443545
657	-185.88291377177154,-214.5989886915111
658	-55.765098194592895,-383.9322170353567
659	-267.31780941217517,-434.30872682328294
660	-73.28743788663884,-232.82158849152881
661	-57.73137525643393,-315.26976251363146
662	16.421894295579843,-450.91604331098296
663	-246.98684934218213,-93.99086612481253
664	-12.70308754301841,-146.37255046070797
665	200.72242967227717,-325.1693258833303
666	62.119259552929734,-408.3110797700437
667	-5.818016883183845,53.09962271913852
668	-13.070673122729326,-390.8412250444798
669	-423.9131829110814,-228.7379850203646
670	170.6401333372516,-234.31042975657726
671	180.08779224617717,-318.57956296683477
672	-621.8272498020713,-321.685580613648
673	-398.58904314054894,-107.81530916198054
674	-229.25233203946735,-449.9208914012448
675	-367.38254399743613,-270.3221305280817
676	-108.95075236375695,-366.3573208807684
677	-220.9978976281757,282.174803790925
678	-145.6628658965333,-449.7752825522474
679	-265.5190726124384,-540.8449087808742
680	-298.7892805131906,-267.6744737325581
681	-141.3628449232535,-325.001944454731
682	-67.83234604844341,-349.0115174894635
683	-163.21237643456308,-409.9979122184625
684	-64.60539001343267,-112.3879667178069
685	-344.5655365997536,-217.4953253678444
686	-236.0206160794988,-501.1297228460966
687	-173.22199100316206,-153.43104026595856
688	-74.61103155276425,-323.22338760937
689	-150.27450628136083,-156.22246884734312
690	-107.2585249589561,-264.10424129554895
691	-412.1795123646298,-337.1455983293549
692	-217.82521855943526,-335.1940089038435
693	-495.4290939066616,-419.19557969392264
694	-268.7957430061979,-278.97051520865256
695	-191.0498030333702,-304.2418215545792
696	-536.7035771015143,-274.24041815332197
697	-168.93381777501142,26.07574526537355
698	-465.73299069665256,-492.79518712041636
699	-393.39872781801404,-158.41304010988313
700	-206.10212768932755,-24.583507115776
701	13.526134157116026,-366.5755713322811
702	72.58602737659515,-416.82651227959775
703	-141.32291365454844,328.0863183211907
704	-182.57275132806424,130.81884102501962
705	-7.192163457037807,-193.9992783281016
706	-46.67715110657723,-279.1338124502864
707	-82.4985624429787,-374.7859562063623
708	-246.44620864804028,-348.94811533733247
709	1.270970570882327,184.7288207496856
710	-319.66047921983477,-266.5381419724734
711	-299.4076095785514,-426.308222417767
712	-155.6616037606964,-432.2715293475735
713	-340.4685900356511,-389.2071739244378
714	-149.76143962514269,-258.1419146023338
715	-64.6298028426808,-456.48869244042163
716	-52.549028676055784,-305.86954125082315
717	-145.80669912746717,-409.66186718023766
718	-96.81828565750455,-499.306192205396
719	-300.7205522765968,-231.85066891130805
720	-168.65521249545378,-284.7347543740091
721	-133.07796777116855,97.38282237154617
722	-141.5632479713514,327.34990455776136
723	-54.689177353683604,-402.7765113007429
724	-146.40038871962355,-207.197311536895
725	-198.2508941931259,-378.61657161577114
726	-349.9577585176758,-308.01576900079175
727	-398.15172668416506,-214.71729434314926
728	-304.5232750197526,-652.3810835433854
729	-88.03057471983442,131.5012359006747
730	-348.6053928428134,-125.71135679284049
731	-203.15215292957973,-445.85682864829096
732	-99.41697729522303,-194.60053208978712
733	-86.09677463385285,-224.01480213342998
734	-505.9365009595041,-112.65453978710227
735	-128.0146217310776,-288.2395417101866
736	-37.38338141286935,-297.1046288803758
737	-196.1011976308942,-285.9189049017562
738	-572.0998985769489,-217.8543406547925
739	-284.612360141299,-398.31036846197753
740	-97.17682014346174,-293.3477998673836
741	-667.74378921149,-89.15041980217941
742	-574.7786530754553,196.9437398251558
743	-295.8912313854182,-277.5193093778649
744	-266.0905283373521,-65.24545730459386
745	418.45593216789507,-370.50774063105825
746	-211.6021620955332,-206.34245754435463
747	-343.999911045771,-25.275251381732275
748	-141.82824067950287,-186.21390886735085
749	-335.9889541920036,-199.71604541729718
750	-518.2125096323696,-160.9832173147574
751	11.974217611028822,-100.10537381091197
752	-19.23870873861397,-248.58815442201345
753	-220.92178292839674,-107.31427680328058
754	-82.19926935990269,-435.29131106398205
755	-206.49762430330472,-524.9135713490364
756	-177.49457502222663,-148.70226550473862
757	-455.26929664510277,-410.08032886621777
758	-209.03716236903625,-479.2822427788839
759	-252.62478356662015,-278.67773649401727
760	-122.39334100071935,-329.94168413393413
761	-161.7435820924348,-208.39611691844982
762	-24.58101874355333,-422.9320266635855
763	-227.6210909335923,-240.69661672704527
764	174.16851516731973,-412.5443643589208
765	-503.1480441301568,-209.58112481497355
766	-379.8955177807771,-74.90168646547063
767	-31.792570417200555,-2.9815519396133086
768	-137.12509094373073,-481.8471597964357
769	-70.61800690071385,-533.2957158857677
770	-192.81233673359708,-640.7467695715565
771	-563.2611718774814,14.725086768600963
772	-330.1427884636133,-281.39353609619104
773	-293.913629956513,-181.0381988481362
774	-334.2173524452734,-320.9860147506135
775	-321.9712317403207,41.352157138542026
776	-346.96640095828565,-269.35046045647806
777	-197.1046599255381,-191.4611022150649
778	-236.94625590079772,-63.449839113797076
779	-140.60840606832434,-10.428130484475549
780	-390.95352930904255,-248.46003996289178
781	-149.12651902996691,329.23860724946155
782	7.837038612585513,-343.32701328279813
783	-278.73755296057186,-446.26373495809514
784	-283.57636775592556,-164.52182963675315
785	-378.49822823961586,-208.82890798328617
786	-196.41646006145626,-53.70120774125198
787	892.4586639175127,-871.0114818579627
788	-328.0676602097357,-337.3459308975285
789	-147.73173292174116,-299.89448982013585
790	-79.4327336261912,48.022584264957736
791	-187.3745794382136,-252.82578877842562
792	-183.8301173351826,-188.83081709034593
793	-307.3547949629825,-115.5934409090416
794	-197.8759232391057,-37.3316537097021
795	-29.2104675319243,-231.32958480352187
796	-177.46440316444264,19.515152624624427
797	-454.61839368546873,-453.1836229048129
798	40.09429167738321,-402.240720997343
799	-263.79793078097254,-175.6848855774581
800	-139.68331235045463,-134.50090038957754
801	-359.46581243803126,-154.87156348161594
802	115.46673183650734,-398.960563332738
803	-637.8895401712348,-32.574820608497944
804	-241.00080436053508,-468.3946225090631
805	-40.17188446590002,-500.9340278257654
806	-35.47475083831826,-375.17920551525884
807	-156.76826486499345,-172.08169959803317
808	-392.1948185202283,-295.569595667999
809	-46.5940966471099,-135.8884538951371
810	-122.77530765397496,-285.12133446331984
811	933.1873342972586,-788.1142358966927
812	-147.60358637357285,-94.19687532604134
813	-492.7106658979637,-272.24567824796986
814	-309.34421921796786,-64.41873591906801
815	-268.1400144980933,141.08179790488094
816	-996.6169291573141,-495.6323155881016
817	-97.58256897557284,-378.7477611303598
818	-128.86062071928137,-109.5551444645001
819	-50.87723280471149,-234.36476174845603
820	-82.85521699694259,-14.408654572023485
821	-65.83686429522177,-497.76973968902183
822	886.2618530182742,-843.9938722172
823	-231.52598600210771,-272.872580082901
824	-364.9841742186981,-653.0759782232832
825	-174.80248251565126,-310.5398855988389
826	-49.886939266424314,-347.21618878819424
827	-368.3614075199923,-260.13121785252906
828	-443.94993176763495,-295.76300436535007
829	-62.985964649962156,-137.55040271275135
830	-311.25663814189363,-231.85582213579735
831	-324.0111218768734,-173.15509098329142
832	-164.9220276524961,-369.81797124716803
833	-1385.332444689116,-606.6890199287672
834	-417.7542959960162,-372.23251152575443
835	-377.2735375831278,-343.864831606938
836	-303.37643164628537,-194.09660671028564
837	-256.7007494219645,39.506618897322824
838	-275.16707452316933,-224.83045017341297
839	-283.78275044791224,-525.5950965982614
840	-178.44401579103194,-279.10616417146963
841	-195.00828880299954,-153.78181054128896
842	-4.3194160976924705,-109.30700367639301
843	-1.4870015121142914,-96.20662719356201
844	-82.4951156503323,-97.13547550935046
845	-376.7555051938412,-239.83166275454843
846	-98.807876129677,-265.7621172532677
847	-547.8716095717118,87.29039743862053
848	-46.978060586910175,-311.3971383355615
849	-75.36274745203592,-298.6936601270811
850	-100.60900651886739,-118.50716424238048
851	-96.64555298156607,-355.8929328487243
852	-190.02852951520973,-366.32987662663555
853	-119.2769349566311,97.65033911536227
854	-313.5363638189149,-410.8547558560745
855	-128.58120705081154,-441.49301875016823
856	-560.1881144939978,473.3892695334516
857	291.91170886189786,623.2123666247925
858	-211.25579824184786,-243.07211454678168
859	-197.93058751010076,-226.83527636550465
860	292.01863497669495,11.688954773726852
861	166.65414638853017,351.8808264415005
862	-78.50895514853067,-494.4417473895325
863	-410.0176052246809,-527.0153889113166
864	-231.52114584945562,-515.6183915062696
865	-280.4811651845861,-177.921557563387
866	-154.7496969323778,-713.5445512555967
867	-317.7518160922452,155.04693759910424
868	-493.48119999056587,57.23969483287976
869	247.09617589272654,-794.5752128413686
870	-257.9437233838395,-207.96124496319536
871	-258.3220276596519,608.3874339861583
872	-121.87028605382613,-90.4890323892932
873	-413.75065059171834,-489.36437588096356
874	-264.3786814462624,-479.20596812187677
875	-32.16744498639212,-469.8385179121547
876	-298.62053918188957,-556.30248791101
877	-118.51695923128088,-197.81094240356848
878	-377.91447019568255,-219.50860528220872
879	-782.1694286320854,961.5385634373438
880	-375.66611633939334,-649.2276922672584
881	-147.2465790153607,-505.7256843602812
882	359.16926721548367,-509.11280044475336
883	-385.851397655451,-419.0140423571023
884	-273.0912397721282,-131.48760877616763
885	54.70427489883157,-494.8309085856614
886	-271.6778195336143,-317.62228643752627
887	-103.50275384024721,-433.6740240389072
888	-424.75730665490056,125.71360878894995
889	-160.2646465413736,-100.38055930954782
890	-295.774180555465,-145.9045026052442
891	-331.13511958651804,-490.23877835683874
892	-319.9466092729709,-244.7961261130059
893	-137.0029842406924,-677.2990929344451
894	-320.22962527177043,184.7523707447847
895	-703.3486309482535,-252.02160706179114
896	-504.43880279196287,-352.8208906672309
897	-223.22005628331664,-221.82001671444615
898	-309.48193322174063,-322.4257276812022
899	-117.79962531532794,-3.530979568877556
900	-168.69479173585785,-339.36699892939987
901	-2.7942283778083747,-434.256326098079
902	-116.7826180432834,-72.08003201186467
903	-255.87193379223487,-326.3910379653451
904	-345.84364131961377,-247.14701983978503
905	-20.978258049117123,-494.9877369225685
906	-141.74761169327817,750.0852816944983
907	-249.1277919551848,-449.5372828925798
908	-238.96339344770965,-158.0129254366302
909	-206.68296959592783,-274.91792675243414
910	-425.7110170941553,-477.0939135212728
911	-448.8715268901324,-54.31208595135988
912	-301.6748123681817,-10.316114195624076
913	-253.38185310663818,-367.34465897301976
914	-432.5416327425493,-520.8697951967995
915	-241.13774759633182,-276.15231650875273
916	4.9784174011318285,-516.2425866659354
917	-131.80359842101382,-168.6898667773883
918	-330.97396236296373,-47.96948637277361
919	-256.3744132692552,-544.3083990625375
920	-480.53486695818657,-30.002711406455365
921	-108.70730638262695,-227.41970666422674
922	-57.83051270844838,-478.86629359376803
923	-216.6810856635465,-121.14226394255495
924	-256.5014115887552,-515.7077523990749
925	865.8128897386534,-854.9073310180365
926	-155.87374695974492,-444.4525746911872
927	-115.29180822749345,-307.3566857593297
928	-319.571659796004,-872.9510828212163
929	-510.89724544204336,-265.7979190075212
930	-505.38512576520685,-325.1385725624766
931	-125.64009519153336,-381.9086219817232
932	-315.32206892987443,-449.9473974309415
933	55.40023568040064,-545.9690751847213
934	-487.08262012701846,-285.3183407350278
935	-28.795844431813727,-314.04174562520495
936	-279.7312440434277,-208.85322887540573
937	-945.4985751250831,-354.54173756684077
938	-396.5819581984517,-625.469669655409
939	313.2435322655776,-45.41022721685796
940	-183.3830773958852,-562.2785539490114
941	-133.31031568358102,-646.4480960004685
942	-175.81915874138735,285.80866355103944
943	-421.20794388316995,-455.5026342786414
944	921.1684527849567,-840.2063584313817
945	-220.75662818796303,111.43661455126116
946	-304.5319765785499,61.629134331751715
947	897.9269122286246,-836.2583000786166
948	355.1229873830173,79.95355991221807
949	-131.97602059965448,-462.6128974459739
950	-375.11030797840726,-521.6782902937686
951	-11.64499179430962,-48.651160215676434
952	-301.93196164621946,-479.1570188370582
953	-134.75530521952828,-418.7591203523854
954	-679.8055271512981,1165.6795069299787
955	177.8672438606012,-747.6658383340709
956	-419.46598704243127,-408.9211178030596
957	-37.508661389243976,-457.3980255525635
958	-1381.4169369580486,-603.2143105153809
959	-65.96971209338362,-203.5248185296313
960	-274.00284206538106,-365.0741580123614
961	169.4738490815756,-528.7462573569121
962	-288.79476098864507,-583.2853560132864
963	150.23772970625305,-511.1961516017892
964	-229.0573224614513,-598.9011763648839
965	-410.9818480704654,-185.83936497858147
966	29.328064254997464,-350.10410040110605
967	-203.48812234817626,-390.77387210253386
968	-183.44272858944424,-86.51683583667064
969	-240.00475327708395,-87.28621635612397
970	-25.626074790978695,-408.43008605430384
971	54.90683619981368,-477.47444400738976
972	-88.00139750530228,-522.1354383107737
973	500.231295233938,-837.583911581176
974	-370.6176279396977,-57.38221077051284
975	73.00166708066052,-450.09185001923424
976	-375.92256967798943,-280.0292653103829
977	77.4066139520358,38.637939631403704
978	-141.32352004500896,-590.5130067644329
979	-298.0435767570727,-303.62944572366297
980	-131.35816048550447,-356.81234548023383
981	63.86678304602892,-18.311190507484522
982	-477.91935202380995,-318.18469426690814
983	-158.16105785141076,-640.5534410861678
984	-234.67995988143136,-339.7861903663005
985	45.10202269422774,-342.1868322205303
986	-256.0116991756119,-578.5056101683621
987	-530.6401734000281,-369.32486787090556
988	-593.6767596561644,-150.3430270328482
989	24.63722113748341,-807.6936600395586
990	-730.6507762078616,689.4024074194131
991	-450.0406863565093,-332.57068696502637
992	-186.7270758092479,-514.8722342994307
993	73.5035463445915,828.040664297629
994	-366.3048994579613,-210.4295815893359
995	-336.64119014276594,-232.79631552636107
996	-3.6465967859241695,1431.8525856293832
997	-62.79466882658806,-493.4823566628937
998	-418.9227012412466,-67.23451405990326
999	-343.6410709276116,-548.3011441922847
1000	-172.48670857458103,-124.56751278110752
1001	-193.43570476600814,-114.40137435308381
1002	-441.4630819338847,-465.436021395151
1003	373.51123940918285,-101.25946093345144
1004	-119.20416354175903,-468.143526041923
1005	-248.55920835010792,-103.9483029025957
1006	-556.1574323370517,-407.3077994390547
1007	834.1321667343143,-197.94467348077504
1008	-252.54725677436272,-293.5989182919109
1009	-419.9994161026914,-154.29471292054592
1010	-25.766979923064206,-356.8546931622905
1011	-364.23572407739397,-304.6945856068771
1012	-356.1264512961772,-109.79228935632483
1013	-48.710079239163655,-332.6215518681818
1014	-197.8288940766669,-125.09593751142506
1015	-213.47511571062734,-326.54929630031984
1016	-319.4491794850302,-531.0679047557381
1017	-513.9206097190631,-229.63376263650008
1018	-303.59603044236087,-341.7938203051393
1019	-300.27549543044836,-334.97456924171706
1020	-860.7592882754915,-139.30961223396415
1021	81.42912338799732,-148.48431005293784
1022	-228.13305295319248,-253.5533691715273
1023	-319.9933888553584,-604.266498669326
1024	901.393560677248,-810.1864570188083
1025	-631.32691554569,-212.37049779625445
1026	-122.57398344716339,-279.43907130593647
1027	-296.49518257212156,-446.32801262896066
1028	-334.21445129836894,-416.916317536047
1029	-211.00177488050613,-66.85479442648241
1030	-195.12400474448322,-320.1663933863732
1031	-162.35041273750116,-569.6160765217172
1032	-276.2053608278968,-420.4271831061331
1033	-181.0693237078692,-419.89139902675186
1034	-205.96479849794454,-105.06692770841111
1035	-381.9602244008761,-95.5687767313759
1036	27.589167482919713,-140.68198643456347
1037	228.4489318787761,-733.9797816442793
1038	-435.5864014630578,-276.28610114954955
1039	888.39788880884,-891.9516882001918
1040	-36.61141475157199,-247.67025295608255
1041	-539.0037244751026,-203.1382728382088
1042	53.799950025344806,-428.72353671554526
1043	-78.34994315288328,-541.5349666663656
1044	-1165.383409101547,115.15082917738233
1045	97.20265449382067,-478.71994938964514
1046	-307.02653561111003,-368.40817956906875
1047	-155.27371893012256,-286.0410774673792
1048	-287.2760295649275,-379.35882679898805
1049	-338.2201527972771,-520.5458709587889
1050	857.5385482808015,-895.0179639687279
1051	-208.17591654771735,-345.649859540955
1052	50.2904462902225,-177.6175576143839
1053	-99.25120035377584,-403.2488980732203
1054	303.282107743541,368.6886291167462
1055	-272.86731582788684,-346.14579963019577
1056	888.9233951409431,-852.4853920170343
1057	11.159957662392921,-436.28743797562976
1058	-244.34451245422252,-306.7369519816616
1059	-51.13594261386603,-81.09221169278207
1060	31.75629312621906,-532.102446555077
1061	-77.91644073011923,-413.02345114260135
1062	-73.7588007693728,-455.05892643599253
1063	-411.2578347420525,-281.0187728078112
1064	-887.9810907496784,142.57257984878433
1065	212.77713379675498,-494.146710157821
1066	-165.3138129167513,-791.4528897714919
1067	-486.85587358701025,-161.66455211618427
1068	-54.26593033143652,-292.2792194442183
1069	-948.9399130225522,152.02747769685473
1070	-346.62874053708595,-455.8175912743799
1071	-77.28858734247495,-344.1115287584303
1072	206.6095684478012,-422.85713707570267
1073	-32.93529470325979,-263.3391445822478
1074	-553.8338858905145,-67.11003251690715
1075	-510.4359300953484,-52.046400223186176
1076	-153.9443926963911,-547.0605028591342
1077	-431.2482009015166,-42.9852715378767
1078	-233.59324291032064,-194.35082533659798
1079	-783.1626005192498,-233.71610925708688
1080	-653.9634455595801,-259.20680431808466
1081	-439.1359798090159,-242.9003261095753
1082	-224.15409688373953,-388.1779028738954
1083	-386.6866112118196,-264.3825345068376
1084	916.4835614989852,-811.877554636796
1085	-534.635101922211,-229.36786636903608
1086	148.73071520871116,-399.9713913328168
1087	-557.9724076548758,-457.331139804001
1088	-315.1591063467307,-80.44202722467475
1089	-708.8846449158252,66.79749282335375
1090	-111.94510402132565,128.2110987503801
1091	912.1597886418629,-795.9196778585537
1092	129.20625587261443,-519.5141813165519
1093	-170.73826786281452,-238.72261330820032
1094	-129.36801113883985,-605.7484585808513
1095	-308.4009170608292,-515.0412526590219
1096	-525.7485042717889,-193.65301254595298
1097	348.4895333246053,-388.99787946052027
1098	-124.98540036164907,-567.5114354643906
1099	-350.23810292567225,-336.92367657612186
1100	932.4792150021692,-816.3631523795885
1101	-266.5336851714475,281.07405561259816
1102	-274.42414410639503,-247.6554072851095
1103	-262.5084891286965,-463.8493525613306
1104	-212.92060209157555,-562.0409381767844
1105	-39.80260401832625,-428.1698881202436
1106	-299.4860972436033,-89.87180239141705
1107	218.30528701532904,46.950115515069875
1108	-492.239082313075,-133.20064827303173
1109	45.520688389555836,-472.6225196382097
1110	407.99894385875547,-279.69488728655756
1111	2.064449462776646,-420.270973305372
1112	122.33637202448308,-625.649711391766
1113	217.03957064852227,-724.5752390035366
1114	-63.069851284212284,-439.66790999308444
1115	18.983183563842587,-553.2059399507664
1116	74.91041619405924,-319.9360664159253
1117	-447.8223389701554,-315.32802837114633
1118	-381.94610676974486,-583.5352145143268
1119	-22.268840526812905,-320.9445201145638
1120	913.61231186159,-855.9288917219516
1121	-48.50286959661522,-102.95875851980499
1122	5.703699887888621,-170.99799426068145
1123	35.15391157761702,836.3707797624648
1124	-479.41873803705124,143.4894285531673
1125	-603.1498435668354,-216.57066975457263
1126	-229.50193374556724,-616.1981416671218
1127	-176.46426635379834,-448.4706517396772
1128	263.49516277202383,-655.5023529431706
1129	-328.98419179650625,-581.8034753963809
1130	385.9218655686967,-175.5864434712863
1131	63.09411857343583,-296.35975589101804
1132	-362.0439545077376,-415.7225167885333
1133	-914.7199020422989,-620.9607269569757
1134	-581.4017246925764,-253.0735011467072
1135	-105.92964261133574,-24.731411143530746
1136	-276.67455192968737,-26.16035428187864
1137	-566.7854905448819,-276.6877458187087
1138	-65.02661689524938,-606.7557085729288
1139	941.3552978937693,-238.98269350015806
1140	-257.4782333076362,-159.8028769191945
1141	-251.77683792681157,-398.63435982250326
1142	-522.1519160675231,12.34225896883024
1143	-263.6381551381352,-526.242902336999
1144	45.409729905998525,-155.65026995345994
1145	236.3999594023099,-410.37757002729796
1146	797.8064349570789,-243.9116157041179
1147	38.85963307190145,-276.9720357510347
1148	-459.2558500581992,-172.73553001950123
1149	-88.17631530826961,-474.8031137945356
1150	-311.7609285661981,-381.98105864751153
1151	-480.212489436432,-253.0938401630506
1152	-123.6351235769112,-535.8141037714225
1153	-175.0570042897724,-395.52598346641594
1154	-557.386762017388,-341.73936177835685
1155	-256.4898471778501,-611.1326718681503
1156	-170.27014853592544,-704.1211481117942
1157	-692.1409266423221,-12.031110700937084
1158	-583.51554251057,108.53520031404965
1159	-502.5079734049704,-451.86591326356296
1160	-318.17850407232464,-187.52707900076433
1161	-30.21427875035321,-555.6146726674699
1162	95.60143159402317,-454.1844285998948
1163	21.043422687234266,-271.5666321880044
1164	-235.46740858616178,-443.207892315397
1165	-342.1688885652453,-616.0527071681636
1166	-40.51332951470689,-407.2645119715684
1167	-452.98942602005053,-128.42456683143183
1168	890.5319505044025,-818.2700930387937
1169	-460.9934572286933,-362.32305115042834
1170	-463.0118716198062,-84.83814457874956
1171	-59.87454416018779,-247.61915748652257
1172	-192.38564625268643,-237.55800885419166
1173	32.33385573332001,-621.4892134405209
1174	399.03196380997167,-118.59059145466547
1175	-81.3256064396414,-68.37807923795943
1176	-107.19214837680605,-563.3316413010795
1177	-130.79186112790055,-32.53690265588652
1178	-53.153968082109635,-261.59136487892044
1179	-671.500321005018,288.5757552077701
1180	22.65721806677107,175.48687091572583
1181	98.40809675630754,-373.32921745888245
1182	-171.1106956216436,-645.2598368215936
1183	132.86150444750632,-411.9168823675294
1184	-226.8717483015493,-563.4671739921529
1185	-132.0792406524941,57.84435674081424
1186	-597.6151612857681,-390.36538684501465
1187	-578.515072022766,-982.9046123047314
1188	-419.147957563468,-569.6648218480829
1189	126.641550971671,-443.13332739155345
1190	-454.6363092272134,-237.1039360864074
1191	112.6907350208262,-676.2701776904431
1192	-306.0761866537368,-358.98946465639324
1193	-383.46402425873,-638.3184211314365
1194	-73.40291744780565,-277.441483539136
1195	-492.1132153003733,-483.5931742502664
1196	-529.6523085756754,-317.5594854931382
1197	-19.109959352211185,-469.8614620597438
1198	-460.8188533969658,-209.47833645811815
1199	-457.69864531138404,74.39330477447905
1200	875.2783571321795,-870.4198543077609
1201	174.92094656238447,-439.93616802137194
1202	63.95590449512795,-772.0103872316022
1203	-745.7840330522581,-1007.4486394604808
1204	-215.6697813717525,-693.8984605089287
1205	120.2852179689482,-575.8751191270975
1206	-56.39435462460399,243.6567298113462
1207	873.4843029485452,-881.1566675221466
1208	-456.42171190084576,-584.9058581087679
1209	-402.765679436482,-229.80115417969535
1210	-35.389224479425934,629.5778347005581
1211	-414.76944096081735,70.89403233270806
1212	-252.6543420941097,-248.85658697730997
1213	-815.4406525634831,-366.953757983843
1214	-563.435776404941,-315.90416162812903
1215	-964.2504747905625,-19.930752282332154
1216	92.69330217597854,-735.8058695717672
1217	158.91808954476443,-503.62487820846144
1218	12.381764351450258,-407.7682156490715
1219	89.62267683771579,-518.0358400851659
1220	79.4688258605672,-508.1661027474211
1221	195.9414860240134,-435.75089689445065
