0	0.56723726,0.42892048
1	0.51872885,0.35095188
2	0.3019763,0.40543568
3	0.38702306,0.1078836
4	0.7023714,0.14772244
5	0.57095927,0.36899367
6	0.59118855,0.50228405
7	0.4593399,0.39853773
8	0.65058947,0.8048048
9	0.5346171,0.19727062
10	0.48769265,0.40927345
11	0.4958045,0.4640162
12	0.5407838,0.3726638
13	0.53611946,0.438996
14	0.39220086,0.19295332
15	0.4907182,0.38282806
16	0.35793558,0.26405263
17	0.4523044,0.38882446
18	0.55963343,0.45691925
19	0.46930507,0.44455573
20	0.4963129,0.38630852
21	0.50486153,0.38302147
22	0.7551974,0.26942983
23	0.55728215,0.42760247
24	0.6013872,0.45382932
25	0.5330275,0.33487874
26	0.40903586,-0.014369678
27	0.4877183,0.43792087
28	0.4057486,0.4192856
29	0.6577844,0.4852262
30	0.38699034,0.32999328
31	0.55228937,0.4369649
32	0.44893062,0.35500923
33	0.64160806,0.21244918
34	0.38132393,0.21992281
35	0.5647912,0.34921667
36	0.5216344,0.38905966
37	0.59170216,0.27495655
38	0.5960122,0.44273454
39	0.6530278,0.5355792
40	0.6086041,0.09259295
41	0.5151215,0.20207094
42	0.5625273,0.42458728
43	0.4062653,0.2609451
44	0.71991134,0.1877014
45	0.52188134,0.0893663
46	0.5225791,0.2642218
47	0.5161757,0.41481557
48	0.5341663,0.40106484
49	0.60321856,0.53588665
50	0.62451094,0.09733939
51	0.6734494,0.13226852
52	0.3836244,0.39868677
53	0.5664002,0.34094095
54	0.69307774,0.12172164
55	0.7986741,0.40646043
56	0.5418296,0.45587763
57	0.5226268,0.1924156
58	0.61080587,0.418097
59	0.52944833,0.41379756
60	0.59844434,0.40376547
61	0.5550779,0.4111168
62	0.2724765,0.26429555
63	0.70257986,0.29509732
64	0.6629256,0.46196046
65	0.6116876,0.3430428
66	0.56767184,0.5604044
67	0.6669425,0.6055418
68	0.6114977,0.43947643
69	0.8161253,0.35043046
70	0.4177517,0.43561497
71	0.60537124,0.36715946
72	0.71769845,0.24961743
73	0.6136261,0.46048307
74	0.3837916,0.3391017
75	0.5243259,0.44363153
76	0.569902,0.42021036
77	0.649112,0.47890988
78	0.37191957,0.3538731
79	0.61031145,0.29977563
80	0.5423674,0.27801573
81	0.6343656,0.3483547
82	0.5695942,0.26625034
83	0.5258298,0.3991065
84	0.5674475,0.43601355
85	0.5573431,0.43083003
86	0.5540541,0.4070111
87	0.6968615,0.44950017
88	0.5692256,0.08049295
89	0.78636956,0.2021517
90	0.7470877,0.1508387
91	0.5431979,0.23045461
92	0.51292133,0.37244985
93	0.73049456,0.43294886
94	0.5420782,0.47369844
95	0.57574147,0.3930021
96	0.5464287,0.43402264
97	0.66279125,0.088965885
98	0.57732683,0.48227704
99	0.5452145,0.4024266
100	0.49444643,0.5219109
101	0.66292256,0.40256503
102	0.63299805,0.37118256
103	0.53184855,0.33749864
104	0.5872049,0.31301433
105	0.6574207,0.37820718
106	0.28598583,0.24195057
107	0.90817463,0.45526263
108	0.4435336,0.41511828
109	0.44958293,0.4449411
110	0.77191776,0.49166426
111	0.44339386,0.47734365
112	0.56492096,0.37980238
113	0.6234441,0.3546992
114	0.5884877,0.3968305
115	0.6006988,0.18938124
116	0.41674316,0.41198716
117	0.48615375,0.277704
118	0.5147445,0.39352712
119	0.5777726,0.41733631
120	0.52982676,0.28310058
121	0.6406194,0.4356886
122	0.5063826,0.45648953
123	0.5263334,0.48042265
124	0.82146406,0.4485729
125	0.5286539,0.4108902
126	0.52816266,0.41401032
127	0.55100447,0.38907182
128	0.6150561,0.35313928
129	0.29992843,0.19872987
130	0.5082413,0.36289716
131	0.5527287,0.38066643
132	0.48971182,0.35061398
133	0.67800295,0.3800189
134	0.5729746,0.3754631
135	0.7820656,0.33735725
136	0.49149048,0.42279792
137	0.5226807,0.31846377
138	0.5121448,0.47428802
139	0.46232834,-0.023477077
140	0.57627714,0.3939813
141	-0.16532464,0.75419533
142	0.7172525,0.38846415
143	0.6108485,0.43759477
144	0.63283855,0.45732835
145	0.5731834,0.50664127
146	0.5208218,0.41708732
147	0.56468916,0.40664807
148	0.1174178,0.39300415
149	0.61806643,0.5039442
150	0.6152382,0.37737277
151	0.52669704,0.4444907
152	0.59476525,0.2872733
153	0.5269771,0.41478166
154	0.58760136,0.46733138
155	0.5343663,0.38865307
156	0.44571814,0.33564544
157	0.6364055,0.15871443
158	0.49849516,0.26047534
159	0.42423856,0.1644635
160	0.6872175,0.31329706
161	0.8112825,0.28666294
162	0.5135982,0.40628806
163	0.20084642,0.6271957
164	0.54894274,0.45650333
165	0.58136857,0.4175919
166	0.5489394,0.3160869
167	0.87778795,0.7091956
168	0.57084626,0.43020812
169	0.5392686,0.39609766
170	0.5509814,0.49497992
171	0.6026629,0.035671357
172	0.029329257,0.6906539
173	0.16748197,0.18793763
174	0.50031555,0.87890095
175	0.4767316,0.33978266
176	0.52735263,0.4448151
177	0.53285414,0.4098328
178	0.5820449,0.33277187
179	0.48895773,0.17564516
180	0.494443,0.45253873
181	0.5651976,0.40110427
182	0.101543605,0.42220807
183	0.46393174,0.32920182
184	0.5748279,0.4047224
185	0.5186797,0.87522787
186	0.5286045,0.3647784
187	0.44234532,0.096715994
188	0.8340953,0.5054785
189	0.5080512,0.37734848
190	0.43900517,0.23910578
191	0.4716842,0.39063466
192	0.5919093,0.35194054
193	0.7002961,0.27181107
194	0.6856663,0.43089548
195	0.5994073,0.16272385
196	0.5580642,0.3256902
197	0.4320929,0.4647683
198	0.3851711,0.31646666
199	0.56385607,0.10749417
200	0.5204129,0.4923323
201	0.48049936,0.10326378
202	0.52984047,0.37757644
203	0.5477014,0.37677407
204	0.517698,0.36567736
205	0.46722922,0.276118
206	0.5832647,0.38450748
207	0.62221336,0.5281716
208	0.55282176,0.34228128
209	0.8771021,0.3717483
210	0.5547505,0.12165832
211	0.5310326,0.30257648
212	0.63992757,0.2683825
213	0.6251576,0.30149317
214	0.414818,0.5379166
215	0.55424124,0.26831174
216	0.5327222,0.44929025
217	0.5918385,0.2499992
218	0.39481288,0.22249559
219	0.51806235,0.32841745
220	0.5546167,0.3508225
221	0.5115798,0.28802517
222	0.10543537,0.39751503
223	0.5656938,0.22816874
224	0.5446666,0.4080954
225	0.55198574,0.3423724
226	0.6419881,0.39788002
227	0.6870773,0.13841839
228	0.66582555,0.29781327
229	0.4333406,0.3429284
230	0.43647826,0.4256917
231	0.48222524,0.49830943
232	0.5075205,0.43367228
233	0.45088452,0.42439976
234	0.4639846,0.35542634
235	0.58234537,0.33465815
236	0.4976421,0.42104596
237	0.43379837,0.37469077
238	0.6277982,0.33020377
239	0.44361973,0.37068036
240	0.32210416,0.22860038
241	0.45823744,0.26750898
242	0.55260813,0.22854312
243	0.4793246,0.29715416
244	0.41801518,0.51322484
245	0.6028863,0.33490533
246	0.7190335,0.41252008
247	0.5638623,0.48320103
248	0.57771283,0.43627244
249	0.5561601,0.39672258
250	0.5209485,0.22159196
251	0.51132965,0.17598696
252	0.5069931,0.42099124
253	0.4344179,0.95897585
254	0.5556625,0.39061537
255	0.7394585,0.62619776
256	0.643697,0.37855372
257	0.673131,0.3466814
258	0.6586583,0.3575071
259	0.5005313,0.484901
260	0.5698677,0.27230057
261	0.45388356,0.40436256
262	0.51198274,0.2656405
263	0.77223736,0.1795799
264	0.47812855,0.15247078
265	0.6267027,0.36975494
266	0.45937848,0.34284192
267	0.55340725,0.52018535
268	0.49986368,0.4357341
269	0.5419035,0.5058962
270	0.53325367,0.3312382
271	0.52056026,0.3485666
272	0.37737632,0.45393664
273	0.6945788,0.32568482
274	0.65769625,0.12137368
275	0.5020704,0.20080009
276	0.43168375,0.2308576
277	0.35037023,0.40743977
278	0.67258584,0.22206578
279	0.74357975,0.2970188
280	0.45022517,0.37692508
281	0.6402315,0.24970976
282	0.5439433,0.38484842
283	0.4611538,0.09344742
284	0.6840247,0.4650065
285	0.6282767,0.30098304
286	0.68187517,0.3548985
287	0.35072663,0.36063522
288	0.56966925,0.35889634
289	0.41601968,0.22020477
290	0.5104049,0.36665627
291	0.4686098,0.38544434
292	0.5047862,0.35250854
293	0.5215402,0.29111654
294	0.558664,-0.09465889
295	0.61361796,0.4207346
296	0.7718163,0.5438643
297	0.4760673,0.34209028
298	0.6464072,0.31666067
299	0.6464344,0.3167039
300	0.49083343,0.4249004
301	0.29138651,0.2936291
302	0.5087457,0.3939344
303	0.46005258,0.48183239
304	0.5656124,0.35889795
305	0.80505,0.10962739
306	0.56505823,0.45585063
307	0.51068485,0.45424992
308	0.5707012,0.41004738
309	0.90060043,0.33915913
310	0.50463337,0.3768682
311	1.037787,0.12971237
312	0.67843616,0.5247244
313	0.5702379,0.4165673
314	0.34387445,0.22864641
315	0.61626196,0.16911465
316	0.5152898,0.43900964
317	0.51138467,0.5409528
318	0.42283285,-0.017989054
319	0.4354363,-0.020599997
320	0.5895313,0.35865772
321	0.5605994,0.39335233
322	0.8167972,0.37718925
323	0.287221,0.37776858
324	0.41607508,0.37575182
325	0.63418657,0.38463205
326	0.5122945,0.41101906
327	0.46044078,0.4075625
328	0.3960558,0.3411079
329	0.4641209,0.22271492
330	0.65699905,0.4172328
331	0.45720005,0.36996835
332	0.39232892,0.12838124
333	0.43705875,0.12077271
334	0.56776446,0.30477008
335	0.43713227,0.31250605
336	0.62183654,0.20917083
337	0.5124722,0.408089
338	0.4977729,0.39088857
339	0.54762906,0.411214
340	0.49159035,0.3628976
341	0.31145182,0.23943098
342	0.5239035,0.5117562
343	0.45665514,0.23384325
344	0.34051204,0.3527039
345	0.55156815,0.40054289
346	0.5139073,0.5509493
347	0.601016,0.37096208
348	0.49068332,0.36124423
349	0.7968605,0.43456843
350	0.5251445,0.3641405
351	0.6777818,0.4550521
352	0.47982624,0.38734898
353	0.58990866,0.081623964
354	0.48926264,0.33744764
355	0.5911447,0.4570396
356	0.57032114,0.40595582
357	0.5517373,0.3604373
358	0.52918875,0.42483884
359	0.55479115,0.43857536
360	0.83515865,0.26020077
361	0.54336613,0.3856094
362	0.55639017,0.27626923
363	0.5037403,0.4343493
364	0.5057961,0.43716842
365	0.49685675,0.4429105
366	0.4297881,0.27703688
367	0.7808058,0.5205767
368	0.5426371,0.44270477
369	0.13201082,0.35374692
370	0.61529636,0.44286808
371	0.4955742,0.4816217
372	0.5082452,0.4687838
373	0.53900504,0.44945803
374	0.5787284,0.34767225
375	0.50101453,0.43992674
376	0.55301696,0.41603878
377	0.85985756,0.23543002
378	0.69908,0.29926088
379	0.5460383,0.4157091
380	0.48240188,0.5192419
381	0.6103105,0.20497642
382	0.550958,0.39915565
383	0.5155502,0.42072612
384	0.54240096,0.26764935
385	0.5259974,0.3918168
386	0.74825555,0.31740686
387	0.71628463,0.15850396
388	0.5650197,0.3830837
389	0.56736517,0.5455698
390	0.35189614,0.5035569
391	0.554118,0.46455458
392	0.787743,0.4204375
393	0.5070025,0.3218246
394	0.64298314,0.47819299
395	0.62399423,0.48391685
396	0.35596868,0.20821472
397	0.3431302,0.37658513
398	0.53648055,0.3419123
399	0.111941956,0.38011542
400	0.64040506,0.28823972
401	0.51336354,0.39554223
402	0.654279,0.22134742
403	0.51162934,0.4468571
404	0.50938505,0.52478737
405	0.81078625,0.21943893
406	0.5954706,0.37945786
407	0.60311496,0.62233746
408	0.5281463,0.47245187
409	0.60958356,0.26627293
410	0.117945485,0.8188095
411	0.4991803,0.41125417
412	0.64771396,0.41049188
413	0.6434197,0.4982969
414	0.35971427,0.3236025
415	0.47439376,0.33077225
416	0.689211,0.18370558
417	0.51409566,0.42682716
418	0.5634999,0.39005607
419	0.715678,0.34597662
420	0.59391594,0.5063393
421	0.448179,0.53305936
422	0.74650955,0.4868507
423	0.47577482,0.25974762
424	0.38060015,0.15192676
425	0.76101434,0.16712566
426	0.48181695,0.36677358
427	0.5181048,0.43829587
428	0.68207806,0.36830515
429	0.4559559,0.30341047
430	0.4947093,0.30357358
431	0.45430997,0.3019198
432	0.50481135,0.2461766
433	0.4415041,0.17239441
434	0.41350296,0.3010607
435	0.5370173,0.37263885
436	0.47348034,0.450843
437	0.4784576,0.4163624
438	0.5241927,0.42685854
439	0.56340516,0.48863995
440	0.5119027,0.4073288
441	0.49619415,0.35070437
442	0.5054493,0.42176095
443	0.4690206,0.41578043
444	0.5408127,0.34966642
445	0.5350321,0.4073252
446	0.5309129,0.3480832
447	0.4968855,0.36903453
448	0.48584536,0.39190108
449	0.49949485,0.40809515
450	0.5226119,0.37688726
451	0.6227793,0.31495032
452	0.53945225,0.41764647
453	0.6960245,0.4216714
454	0.63053226,0.41993636
455	0.7547355,0.474701
456	0.52482253,0.36683357
457	0.53198975,0.45915154
458	0.53468204,0.5241923
459	0.5014209,0.36187056
460	0.6118807,0.39124107
461	0.52222747,0.40192747
462	0.7191234,0.39405888
463	0.48059788,0.3778093
464	0.62254643,0.43948218
465	0.66247535,0.45011482
466	0.34139124,0.45898077
467	0.7396161,0.5624777
468	0.48810154,0.4963691
469	0.61028415,0.45914474
470	0.5365211,0.37308714
471	0.43916413,0.36561403
472	0.5540356,0.374287
473	0.48409706,0.48022056
474	0.54463893,0.37942997
475	0.6264616,0.2730691
476	0.38957202,0.359567
477	0.4746582,0.44087747
478	0.74172366,0.19522974
479	0.4953681,0.3186291
480	0.53526986,0.40577933
481	0.5523738,0.49674156
482	0.5393718,0.43234307
483	0.51123613,0.3354135
484	0.5319185,0.1261446
485	0.52143043,0.4057732
486	0.6023246,0.8929781
487	0.6601181,0.16161107
488	0.53766686,0.31024995
489	0.82721364,0.24571246
490	0.4851706,0.46844652
491	0.14028136,0.77504253
492	0.51872236,0.38913628
493	0.44582838,0.30580947
494	0.5874422,0.40093902
495	0.5814703,0.35230044
496	0.5267217,0.42669824
497	0.5295233,0.43832538
498	0.20448706,0.48388037
499	0.51553553,0.42790064
500	0.5198593,0.344373
501	0.65956795,0.43751064
502	0.4812133,0.39000994
503	0.5950356,0.32544336
504	0.4853624,0.35405138
505	0.5526264,0.3797921
506	0.5277576,0.105010726
507	0.50655305,0.34329566
508	0.6502043,0.36531246
509	0.15816216,0.25660142
510	0.51654065,0.03901377
511	0.3653483,0.42209056
512	0.4710499,0.21091136
513	0.52558523,0.36942014
514	0.50822544,0.3145859
515	0.464487,0.37962827
516	0.5177039,0.40213183
517	0.6015951,0.29636425
518	0.65052295,0.3379498
519	0.516167,0.44759834
520	0.7557644,0.22729005
521	0.4202374,0.25003514
522	0.33186778,0.16939802
523	0.5390628,0.42931294
524	0.5012718,0.47212958
525	0.4905146,0.38055634
526	0.5506842,0.5744918
527	0.59568405,0.25742218
528	0.47946408,0.28516892
529	0.11950153,0.10263376
530	0.4313438,0.3109472
531	0.32257953,0.40459797
532	0.60993004,0.39821127
533	0.74262327,0.35330355
534	0.53990453,0.3879644
535	0.48411578,0.39966068
536	0.8298502,0.20626143
537	0.1479558,0.2708299
538	0.6309616,0.41817552
539	0.5553094,0.41730595
540	0.5441858,0.3345733
541	0.15251811,0.48968711
542	0.5350163,0.36689508
543	0.6262879,0.1403343
544	0.30105364,0.2517799
545	0.49063453,0.3261403
546	0.5396455,0.36275426
547	0.595695,0.22245127
548	0.907545,0.47449923
549	0.5278088,0.24588057
550	0.39008123,0.4201771
551	0.55854195,0.46512643
552	0.5371371,0.42817375
553	0.6682125,0.334188
554	0.49750155,0.40032002
555	0.65342015,0.39174673
556	0.81967473,0.23289317
557	0.53189236,-0.031441685
558	0.5592016,0.162245
559	0.2018663,0.4404881
560	0.4074522,0.39572713
561	0.6849118,0.26154536
562	0.5812665,0.4490496
563	0.5289977,0.39067098
564	0.49164775,0.42463988
565	0.4972003,0.43820152
566	0.49887565,0.22016574
567	0.43941048,0.38750947
568	0.6839201,0.16787785
569	0.59174335,0.3678433
570	0.519245,0.3477154
571	0.471724,0.353005
572	0.44817337,-0.022326315
573	0.65904766,0.3256112
574	0.34334177,0.15542646
575	0.4842889,0.44141233
576	0.48092538,0.40445977
577	0.69262815,0.6089117
578	0.47408053,0.17683446
579	0.60649925,0.34646705
580	0.6009227,0.55558395
581	0.51295334,0.4247611
582	0.543535,0.4391729
583	0.4990362,0.44656727
584	0.7167233,0.12627536
585	0.36612874,0.116947405
586	0.4050393,0.7788379
587	0.5647481,0.7820715
588	0.42255375,0.5939249
589	0.31051934,0.6381408
590	0.40812734,0.54827815
591	0.46101376,0.5425761
592	0.35830727,0.7387939
593	0.41383043,0.6275751
594	0.5117082,0.6745587
595	0.20712636,0.6034359
596	0.38892,0.6524609
597	0.44039747,0.586374
598	0.5119524,0.8451627
599	0.3832319,0.6338744
600	0.3340213,0.94031745
601	0.40234354,0.58343244
602	0.38156447,0.61699086
603	0.45615906,0.6065331
604	0.28886142,0.9354671
605	0.40764478,0.5806827
606	0.40773845,0.52328104
607	0.36458445,0.72761977
608	0.40753663,0.58026606
609	0.39626685,0.62506765
610	0.49242762,0.5400911
611	0.5631755,0.70979923
612	0.53615814,0.61884445
613	0.47408992,0.618257
614	0.33332777,0.59794414
615	-0.39836398,0.122613296
616	0.39478022,0.6756814
617	0.7091576,0.6571948
618	0.49340406,0.51808333
619	0.095053926,0.6909316
620	0.5647712,0.87589645
621	0.3643707,0.56515807
622	0.43053663,0.66839594
623	0.36518905,0.56796676
624	0.5140794,0.79068494
625	0.4702566,0.6804062
626	0.41494805,0.6337118
627	0.43252861,0.5649603
628	0.3228065,0.4964742
629	0.46361145,0.35800698
630	0.4304876,0.57984614
631	0.48313034,0.74575144
632	0.37152264,0.8421733
633	0.45883903,0.6277458
634	0.3553037,0.65106404
635	0.3605883,0.5796905
636	0.41696978,0.56907135
637	0.40008315,0.6106772
638	0.47086993,0.5396903
639	0.2254884,0.71472913
640	-0.24193804,0.19420348
641	-0.19566254,0.21587309
642	0.40028635,0.56995666
643	0.48191577,0.6497631
644	0.46440595,0.55412525
645	0.21957016,0.7607943
646	0.44937602,0.591238
647	0.32332733,0.80758333
648	0.3185993,0.60222805
649	0.48461795,0.6059282
650	0.4605602,0.5998037
651	0.46454158,0.73545384
652	0.23714724,0.6909061
653	0.16584027,0.7445755
654	0.44854587,0.59374046
655	0.5576731,0.5399255
656	0.47690696,0.55993754
657	0.42168024,0.54039836
658	0.37686187,0.65434086
659	0.29210156,0.53459543
660	0.4275592,0.76634324
661	0.300142,0.64470893
662	0.3361713,0.63743114
663	0.64813,0.7771718
664	0.44747135,0.6901504
665	0.2642697,0.9103524
666	0.23912773,0.74769413
667	0.21934134,0.5772256
668	0.37368795,0.60672504
669	0.4094034,0.56248707
670	0.33476067,0.6885547
671	0.37785327,0.6879738
672	0.45624813,0.57482857
673	0.50000334,0.57254595
674	0.30226916,0.76523
675	0.4805452,0.7071482
676	0.35906518,0.5793309
677	0.59893537,0.47319478
678	0.37201694,0.63075507
679	0.3922968,0.9489414
680	0.4783589,0.69082755
681	0.39556527,0.59813124
682	0.14935069,0.814313
683	0.29177928,0.6197085
684	0.34991032,0.7197583
685	0.27710307,0.6227069
686	0.40225917,0.6843179
687	0.3477498,0.57138175
688	0.38322407,0.6962639
689	0.5351995,0.6965656
690	0.365056,0.7616944
691	0.43868628,0.5815037
692	0.3917316,0.5366971
693	0.40951923,0.5836459
694	0.3744122,0.54261243
695	0.40986294,0.7154357
696	0.41563755,0.5925989
697	0.5836052,0.90365344
698	0.4241156,0.5477564
699	0.43111974,0.5206247
700	0.33062938,0.43340066
701	0.19354601,0.612785
702	0.31852734,0.7742742
703	0.10741757,0.41011202
704	0.5310353,0.58956015
705	0.43048692,0.61348444
706	0.3851555,0.631838
707	0.2730597,0.70499843
708	0.4725248,0.5975265
709	0.66037786,0.5589903
710	0.49008387,0.62417537
711	0.30642977,0.5928882
712	0.34397763,0.697255
713	0.41103163,0.57528913
714	0.35809988,0.61936134
715	0.29277843,0.7524023
716	0.34447637,0.6272424
717	0.37023586,0.5749899
718	0.38940102,0.64817035
719	0.4095441,0.5591596
720	0.5008884,0.9025554
721	0.5986118,0.57840186
722	0.12287436,0.3637262
723	0.3068016,0.6833601
724	0.4181557,0.7790069
725	0.31920758,0.73911184
726	0.40082797,0.6345883
727	0.39000416,0.51555634
728	0.42136222,0.60468096
729	0.18018815,0.6254125
730	0.4111781,0.5630609
731	0.37357235,0.5789681
732	0.40517753,0.7536257
733	0.37174165,0.81071854
734	0.45643264,0.54502404
735	0.18879966,0.6871544
736	0.34958214,0.6376803
737	0.45905104,0.8043649
738	0.43562952,0.5440222
739	0.4587849,0.61713123
740	0.39393088,0.57776374
741	0.443836,0.55326474
742	0.46190724,0.512448
743	0.4402442,0.6502703
744	0.5145137,0.6041532
745	0.4028391,0.8850056
746	0.472695,0.6500496
747	0.42317203,0.5655425
748	0.46127698,0.66300166
749	0.4390225,0.53442556
750	0.44175884,0.5784313
751	0.36383393,0.9413918
752	0.40049225,0.6714698
753	0.50634325,0.60241324
754	0.36724806,0.6657154
755	0.36200324,0.5544585
756	0.52763474,0.7786718
757	0.44235012,0.6065053
758	0.4197965,0.59713066
759	0.25152576,0.6786986
760	0.36742678,0.6990743
761	0.40522626,0.58931184
762	0.264712,0.5890677
763	0.4114752,0.66043186
764	0.20180918,0.84987646
765	0.43195876,0.56029105
766	0.55277437,0.66470075
767	0.43698177,0.61653316
768	0.35249066,0.680058
769	0.30080327,0.69004
770	0.40077206,0.5961884
771	0.4802606,0.5347699
772	0.35192028,0.5193418
773	0.34430268,0.45714644
774	0.4243853,0.628708
775	0.46480647,0.5905983
776	0.39557052,0.53804994
777	0.37068504,0.5697623
778	0.533799,0.6699607
779	0.50132024,0.62364566
780	0.6122565,0.76505643
781	0.34744433,0.47716767
782	0.3771703,0.60013235
783	0.4084762,0.62849486
784	0.34851265,0.58439666
785	0.23550825,0.52732384
786	0.5811939,0.76221216
787	0.3040614,0.9398076
788	0.45071927,0.6302342
789	0.39307693,0.6969305
790	0.4273275,0.5712853
791	0.31529012,0.5678358
792	0.43050694,0.71689343
793	0.47694352,0.61125594
794	0.32895157,0.51887846
795	0.30741873,0.5808385
796	0.47635356,0.66596806
797	0.3995046,0.55393964
798	0.36158398,0.63699055
799	0.42220452,0.5063165
800	0.4782087,0.63745534
801	0.48068306,0.5484467
802	0.44340384,0.8118363
803	0.41651025,0.86744374
804	0.39916754,0.6015976
805	0.39063323,0.6334708
806	0.3198761,0.66541594
807	0.42720798,0.65537906
808	0.44493398,0.62170696
809	0.15529838,0.5761313
810	0.36430815,0.62778115
811	0.23398648,0.9090018
812	0.6170205,0.81047744
813	0.33932012,0.7917582
814	0.5066909,0.59153086
815	0.4568515,0.5100794
816	0.6147987,0.6797135
817	0.3328089,0.58391553
818	0.507313,0.8143896
819	0.36833417,0.6726022
820	0.35739994,0.5457866
821	0.1189645,0.647478
822	0.26113972,0.9242048
823	0.4780834,0.5868614
824	0.49357155,0.8133148
825	0.44058415,0.65194255
826	0.34133723,0.6096542
827	0.4946543,0.60785466
828	0.3867745,0.5677066
829	0.4323597,0.57868654
830	0.20640421,0.5411919
831	0.3743195,0.49815148
832	0.40673167,0.6188349
833	0.058602236,0.29174203
834	0.40104893,0.55562437
835	0.43464136,0.5682143
836	0.43691504,0.59824634
837	0.44621244,0.56251836
838	0.37814447,0.53233796
839	0.41032946,0.60754734
840	0.4428777,0.6380219
841	0.4749967,0.6013295
842	0.3888695,0.7550274
843	0.39041775,0.7675682
844	0.30756664,0.42847955
845	0.46950477,0.61896217
846	0.33083737,0.60283345
847	0.45016205,0.51970273
848	0.24624678,0.81656325
849	0.3584044,0.648344
850	0.45367748,0.5798777
851	0.26493654,0.6383477
852	0.4196135,0.63325566
853	0.5332,0.63122976
854	0.34757972,0.61728436
855	0.42832038,0.7308296
856	0.38075122,0.38712963
857	0.24972665,0.51072234
858	0.4881137,0.68819636
859	0.4470317,0.75095594
860	0.53936714,0.8171293
861	0.124464594,0.37625596
862	0.38526732,0.7514261
863	0.38748443,0.5991238
864	0.30524594,0.6097495
865	0.53704864,0.64585376
866	0.23942852,0.646663
867	0.5192342,0.56439596
868	0.48483938,0.5380216
869	0.27942446,0.8218118
870	0.43540555,0.63926333
871	0.822149,0.4743877
872	0.4494134,0.78902984
873	0.3898889,0.5867629
874	0.376109,0.58597
875	0.31546357,0.64880854
876	0.35940176,0.58901584
877	0.38389772,0.5658816
878	0.2108942,0.7126677
879	0.80214477,0.42089725
880	0.57918817,0.71504045
881	0.39972758,0.6088727
882	0.27353293,0.79145473
883	0.4150009,0.5955132
884	0.42966756,0.5667126
885	0.3271107,0.71195793
886	0.4325949,0.6676657
887	0.37827003,0.6105233
888	0.42086855,0.47766754
889	0.45444956,0.59253794
890	0.49495932,0.58152825
891	0.32766142,0.56988025
892	0.3924542,0.623249
893	0.31052887,0.7876487
894	0.4736363,0.5022818
895	0.59153014,0.73990357
896	0.43990928,0.58492714
897	0.46492568,0.6331773
898	0.46790755,0.6486095
899	0.28558022,0.63749737
900	0.4276448,0.57745665
901	0.3382387,0.6189928
902	0.51846606,0.73373806
903	0.4819537,0.65250903
904	0.41523394,0.8404463
905	0.37510562,0.69600415
906	0.55011,0.34027866
907	0.4117079,0.65963185
908	0.47602636,0.60732275
909	0.43002474,0.61270344
910	0.43359265,0.80386525
911	0.3553461,0.53721154
912	0.52641726,0.5531279
913	0.40154237,0.6500932
914	0.3384241,0.559312
915	0.20995517,0.6697315
916	0.35725236,0.68957007
917	0.4785016,0.6366425
918	0.4952722,0.69895273
919	0.39074495,0.599803
920	0.47406846,0.55192554
921	0.4282917,0.58821094
922	0.32548591,0.6296551
923	0.5779054,0.6377952
924	0.25532073,0.66320187
925	0.2528085,0.90459454
926	0.27522328,0.6481847
927	0.42866898,0.70140904
928	0.09926728,0.6275109
929	0.44068813,0.5998223
930	0.47539568,0.600954
931	0.4207919,0.60954374
932	0.41421968,0.60710454
933	0.40808615,0.81354314
934	0.41137972,0.5415894
935	0.3199063,0.6954984
936	0.48840034,0.6408582
937	0.2324787,0.5502884
938	0.55294484,0.7729607
939	0.25726002,0.57253
940	0.38989344,0.6126921
941	0.25715697,0.69008756
942	0.3791222,0.41928384
943	0.42692083,0.5907809
944	0.27472728,0.93025637
945	0.46198803,0.54277813
946	0.5446487,0.5498084
947	0.19850652,0.87365
948	-0.014038949,0.2980691
949	0.15753518,0.5957101
950	0.42695296,0.60222447
951	0.6452039,0.63014346
952	0.40712613,0.60202193
953	0.32088023,0.8359504
954	0.7443362,0.33694926
955	0.23683044,0.78452474
956	0.4253935,0.5808558
957	0.40250093,0.6448479
958	0.26486877,0.40158907
959	0.4384187,0.7339386
960	0.39801696,0.57591105
961	0.27073193,0.7678263
962	0.3302988,0.5986771
963	0.54151577,0.72328883
964	0.33177462,0.67376435
965	0.4751803,0.5767499
966	0.28628206,0.60441977
967	0.41979426,0.5526618
968	0.5921722,0.62149054
969	0.5649693,0.7608511
970	0.30699626,0.5819321
971	0.19057783,0.6638742
972	0.35962215,0.67934966
973	0.5727682,0.82262486
974	0.44194192,0.55664426
975	0.33767784,0.657984
976	0.37729508,0.5530292
977	0.5054516,0.5571355
978	0.1971159,0.6465164
979	0.4206945,0.6091114
980	0.40296155,0.6273036
981	0.42657313,0.50263655
982	0.4381832,0.5994456
983	0.3479882,0.6391887
984	0.3986779,0.7329385
985	0.3321401,0.6495552
986	0.41576344,0.6410995
987	0.44396892,0.5881811
988	0.44541535,0.54520965
989	0.29368162,0.7335042
990	0.70328516,0.47576767
991	0.45004037,0.66496235
992	0.39120555,0.65719265
993	0.5556882,0.2940116
994	0.3977126,0.55913556
995	0.4568749,0.6093096
996	0.5870983,0.11428161
997	0.19412853,0.56815195
998	0.42886102,0.5598908
999	0.53245634,0.64543575
1000	0.46658802,0.65211344
1001	0.49199313,0.6392119
1002	0.5210331,0.70221984
1003	0.44138607,0.86650354
1004	0.3814308,0.66631305
1005	0.45967993,0.584101
1006	0.44976297,0.5723725
1007	0.47008905,0.8858516
1008	0.45515952,0.72128177
1009	0.44556147,0.5560525
1010	0.36221418,0.61577064
1011	0.48460868,0.6733932
1012	0.51316386,0.5927051
1013	0.35297844,0.5527702
1014	0.43667305,0.6932435
1015	0.39511415,0.5251207
1016	0.39031008,0.5264648
1017	0.36237067,0.5224589
1018	0.6206407,1.3062737
1019	0.5785106,1.1228665
1020	0.30282024,0.48284692
1021	0.45938346,0.8414833
1022	0.28945374,0.56424224
1023	0.40440002,0.698414
1024	0.21831378,0.8835833
1025	0.5066787,0.5827743
1026	0.56464756,0.8309674
1027	0.46278426,0.6949885
1028	0.46264777,0.6276805
1029	0.47733134,0.5932452
1030	0.49478957,0.66233844
1031	0.21513258,0.64272475
1032	0.42315388,0.68213177
1033	0.3784905,0.5813825
1034	0.5223645,0.58009094
1035	0.46105975,0.57893795
1036	0.3474399,0.56410366
1037	0.53546447,0.85114706
1038	0.49125934,0.63318706
1039	0.31604755,0.9308972
1040	0.3619949,0.59539825
1041	0.44570428,0.5099112
1042	0.38181397,0.6644151
1043	0.3842614,0.7290451
1044	0.73359776,0.6463635
1045	0.35072884,0.66826004
1046	0.53530544,0.9092476
1047	0.42227912,0.6430987
1048	0.3770943,0.5342457
1049	0.4299521,0.55218625
1050	0.27598283,0.91598123
1051	0.41023335,0.6749388
1052	0.504005,0.7153015
1053	0.41820416,0.6716913
1054	0.639042,0.6475335
1055	0.53139675,0.7335902
1056	0.30131853,0.9262834
1057	0.22560799,0.6820548
1058	0.42642966,0.5998607
1059	0.28095624,0.71326625
1060	0.37428948,0.724899
1061	0.36866152,0.59552085
1062	0.2730971,0.6590225
1063	0.44725728,0.61961013
1064	0.25530708,0.52055603
1065	0.55328876,0.6158041
1066	0.3958804,0.8227602
1067	0.45618373,0.5601449
1068	0.36694047,0.6560641
1069	0.59424233,0.669548
1070	0.4540749,0.6329495
1071	0.35144237,0.65501523
1072	0.42363137,0.7540287
1073	0.31241676,0.71080935
1074	0.4566689,0.53833234
1075	0.44506034,0.5026803
1076	0.3877845,0.5870535
1077	0.4522329,0.5449206
1078	0.44632137,0.59237075
1079	0.15552399,0.4524158
1080	0.29262277,0.5817635
1081	0.4808255,0.6094512
1082	0.38045216,0.5791704
1083	0.5077479,0.6417016
1084	0.24166308,0.89826584
1085	0.4658134,0.5653827
1086	0.24662554,0.75970155
1087	0.43859357,0.6286806
1088	0.25264147,0.5929283
1089	0.5249105,0.8234624
1090	0.5678285,0.6852594
1091	0.20653518,0.88475925
1092	0.30055675,0.7105195
1093	0.49035498,0.581277
1094	0.3468217,0.6109032
1095	0.41689545,0.6182157
1096	0.47591713,0.7233796
1097	0.2744758,0.68832123
1098	0.40809473,0.5875821
1099	0.4486429,0.6041595
1100	0.2476822,0.9173029
1101	0.5442024,0.78256035
1102	0.28406453,0.49607435
1103	0.34572268,0.6656498
1104	0.3867104,0.5521233
1105	0.39307204,0.6691638
1106	0.42355934,0.54416424
1107	0.50028485,0.76976043
1108	0.47290498,0.5880395
1109	0.35473022,0.6469522
1110	0.21772206,0.6984348
1111	0.4130398,0.73082286
1112	0.38566026,0.81070447
1113	0.5084902,0.7508827
1114	0.3683867,0.64490914
1115	0.35101378,0.58750373
1116	0.31513402,0.6229237
1117	0.45913303,0.6802401
1118	0.43372962,0.6393365
1119	0.3220209,0.669913
1120	0.288269,0.9211877
1121	0.6180371,0.7257221
1122	0.475992,0.7550078
1123	0.49628696,0.2752162
1124	0.45893866,0.515834
1125	0.42357382,0.48773268
1126	0.4207849,0.66879565
1127	0.4103706,0.61675274
1128	0.35010633,0.8348185
1129	0.3330936,0.5526924
1130	0.3396177,0.76097107
1131	0.3685171,0.61650187
1132	0.44536164,0.61662036
1133	0.5963036,0.7250415
1134	0.43856582,0.5341427
1135	0.2814169,0.7673322
1136	0.48081556,0.55484456
1137	0.34586298,0.5293804
1138	0.41134742,0.6816598
1139	0.4845236,0.88260067
1140	0.17928714,0.6014094
1141	0.38798693,0.6048484
1142	0.46637374,0.5261222
1143	0.4118608,0.69158155
1144	0.46999928,0.7038936
1145	0.3718175,0.74536324
1146	0.453751,0.888601
1147	0.3467173,0.6048603
1148	0.51196885,0.61398536
1149	0.3651372,0.6199242
1150	0.41300902,0.5240151
1151	0.4291703,0.5885092
1152	0.3778476,0.64485806
1153	0.45094064,0.64052695
1154	0.40357015,0.5307043
1155	0.417991,0.644042
1156	0.33223855,0.86732686
1157	0.42908666,0.86785245
1158	0.37115857,0.46675983
1159	0.39745134,0.5650328
1160	0.5018537,0.6207409
1161	0.4397832,0.65149385
1162	0.3281468,0.65179706
1163	0.4394161,0.67546046
1164	0.42020494,0.6408193
1165	0.49124846,0.62226343
1166	0.3454096,0.58676267
1167	0.45278728,0.5487561
1168	0.23046513,0.89133227
1169	0.44127145,0.57570875
1170	0.4457033,0.5361958
1171	0.45640334,0.65882653
1172	0.3556813,0.5999386
1173	0.34914285,0.79929465
1174	0.47714412,0.7967521
1175	0.4753715,0.5723346
1176	0.32726914,0.6164315
1177	0.42717105,0.55730695
1178	0.4369313,0.65315485
1179	0.4890064,0.49953488
1180	0.603442,0.6864677
1181	0.38595906,0.57797563
1182	0.41193268,0.79588765
1183	0.46972036,0.6366616
1184	0.3522545,0.57180357
1185	0.5190663,0.5790984
1186	0.25303236,0.49430117
1187	0.13648029,0.69534314
1188	0.45535815,0.6488778
1189	0.26238933,0.7220922
1190	0.342418,0.54761523
1191	0.243425,0.7260601
1192	0.4552421,0.65613514
1193	0.49947566,0.6766439
1194	0.4362096,0.6945059
1195	0.44916198,0.69665176
1196	0.4434606,0.5757786
1197	0.42179924,0.6886183
1198	0.45954874,0.5635014
1199	0.4637228,0.53145516
1200	0.21994834,0.89879537
1201	0.23048636,0.6210189
1202	0.27149358,0.7413145
1203	0.2550501,0.77109194
1204	0.47636226,0.6671946
1205	0.31588867,0.64881855
1206	0.43517873,0.49550316
1207	0.32080287,0.94232816
1208	0.37821496,0.62324613
1209	0.3751358,0.51747626
1210	0.59449035,0.42875016
1211	0.45858192,0.54082394
1212	0.41545308,0.5726876
1213	0.6741227,0.7742003
1214	0.45457584,0.5863791
1215	0.250167,0.5450874
1216	0.29365653,0.8374041
1217	0.21434207,0.80997854
1218	0.39128697,0.6858166
1219	0.07966158,0.79409724
1220	0.29314873,0.669697
1221	0.44357568,0.9307717
