0	589.3221261581567,162.70272338314803
1	867.8755837227726,12.67307632529067
2	-2635.5643205537285,-6203.481585496035
3	-4695.183874055748,-4771.093980895798
4	-25.36836941230874,-24.18116482334558
5	407.78864949441214,264.183217596788
6	641.6990256444024,170.18133979220406
7	845.2853425155355,186.33198689827378
8	568.9083926183058,155.6436797978012
9	680.5279447435184,-52.547698631349654
10	-545.3083563414513,319.9937741866344
11	566.7757433971777,323.40076414039896
12	759.1246158519825,-174.57666355843142
13	403.7891117300253,-283.4082319733164
14	978.0208591403051,182.49628155541072
15	822.6370752185991,-189.726164178064
16	422.6490601302259,163.44001280541414
17	926.4162978477012,-57.26071295167319
18	650.45317085354,152.79011954950846
19	740.8051025029295,31.054754834859807
20	553.4378919945402,-146.50423360564815
21	547.7442748250093,-75.71015390310008
22	779.4690063846849,335.40112620587183
23	864.9856286040115,147.76718111517366
24	5779.112269902448,-3590.88209859393
25	835.541437340099,601.0415338816368
26	720.710043261979,76.88832275193423
27	496.24526255215665,245.05755353219044
28	977.8420656588089,134.63519479701623
29	440.55164947328547,257.8551167856624
30	695.1852168189635,-270.5164645011229
31	278.7598394572999,240.95602357997035
32	270.76751669411703,5.459401597009709
33	565.0353376879399,5.997744708842721
34	899.0037602440163,-283.8979803658731
35	657.6300568994078,72.83602234496603
36	852.5673196307679,-13.499937980937975
37	518.7786759737452,-106.6277704509186
38	909.8179720694214,201.10924936726482
39	1174.741437091831,91.57401642093848
40	616.2940141673348,35.39856794228209
41	754.880395674535,227.79030180973697
42	264.1863982102368,253.6954667707691
43	539.8690852505497,116.2718002602228
44	632.5595576629077,209.65649903686705
45	945.125389216265,139.392442132472
46	549.0140281796596,-24.27502294812249
47	-1833.1002197569824,6877.404138988564
48	6729.517206104951,-604.9292422680369
49	-6228.643008175914,2560.8903189125954
50	841.9691179973606,-97.7520229664337
51	1250.6685196448561,32.728085785169554
52	720.1094024516244,165.25864370632507
53	1374.222621715243,6601.488614185873
54	1150.194656395456,424.0073192365656
55	1107.045474419458,-212.48646778056903
56	-6468.873209361401,-2886.897932287691
57	-52.85812243467815,15.861747917746257
58	538.7068861028038,119.80883703540704
59	-5227.8210883146185,4335.055071420268
60	-3908.1048325275315,5521.037146397908
61	649.1681035766895,199.22623275674647
62	6631.033866183417,-1131.2259105209114
63	304.29705325027976,144.9504557184783
64	783.8022154967686,14.475584756009706
65	662.371707778784,231.8406678389801
66	808.8422240478706,200.29598439626025
67	616.732525204829,-13.364841777241484
68	541.1045380744065,102.41014498107225
69	792.0406922725393,128.1721556294016
70	1779.031320129877,-6365.765427702645
71	1197.1992929624657,-196.5309403165585
72	725.6090996911241,-147.29906579001465
73	3437.3515477837536,-5514.230943522042
74	1191.6010435932883,-46.00868748474805
75	169.21805070536138,110.56762551003898
76	751.282175861852,437.8352568473757
77	497.56543247654236,110.87867326195135
78	904.3411288674437,254.7753136234834
79	-5.846660563597137,-34.454485776647516
80	313.20202615418117,-145.70042451055002
81	793.3023068841231,199.75411557752662
82	1305.6233699974644,285.48240910140765
83	375.28291948256316,-28.774126311376126
84	883.280353265286,333.8585084905304
85	729.9563288857609,208.29297350871212
86	702.2947866295094,317.2941779293272
87	351.79274913789493,65.43398286119957
88	857.4962610258004,60.707328940194685
89	870.3862161216384,-163.60265956318224
90	5243.838906301339,-4292.06061491039
91	338.3028545516968,-23.5419740023456
92	437.2491342190482,-1.2787612944472553
93	5150.03201948117,-4404.22928046101
94	903.5818975829436,-16.0606864512767
95	469.5025570325012,238.7496509991397
96	836.9736269639324,108.15765856548938
97	604.1834275867731,226.91820900124983
98	1413.5975945106065,-195.84566095185866
99	773.7798843563551,-62.54424123388542
100	777.6359101021274,-222.01558499301055
101	923.8893559457117,188.19658373571116
102	532.4413311274836,176.20077153624536
103	828.8053878307726,-33.09462084388007
104	846.3785336342328,13.460340159314118
105	604.0102120459667,57.525161008724176
106	1206.704048308729,283.30711596337613
107	-7039.609352592051,1051.2557534522693
108	766.2464031800923,54.099353453778406
109	559.6490029292459,-166.58066815226837
110	4647.320826913436,-4306.641130461514
111	2411.2388467270825,6380.477827767446
112	570.3930604312571,6.202683947378321
113	658.1440376055583,119.85685264672865
114	697.3811918502182,300.50049105583224
115	659.6485744541467,221.4454305012047
116	340.0980638281072,95.4105550841827
117	1260.4131233783883,-343.71376958626485
118	-76.02965253148636,285.2581045930449
119	6534.889112299814,-1183.8911540100505
120	576.7086183210517,183.14049777300872
121	5647.016693713467,-3716.6546285422064
122	589.9134789173921,266.90336736267943
123	817.8612998395863,-34.07298701929188
124	692.9593892957811,89.00805427243348
125	6062.130464548534,3673.6183859280286
126	721.3917193563059,135.96711296743553
127	283.12791992612927,176.23926145189048
128	465.6296321944393,226.9646470840537
129	385.80858658793926,-45.293217612688046
130	-561.8471195805218,6554.222253206984
131	265.49717801764456,41.80650597742722
132	640.5839571169216,-64.01776459560737
133	-939.3663530282914,6699.936881254015
134	-2539.467224919485,6033.689657943646
135	-70.64512309839931,-40.61957806704369
136	893.1796755808344,-71.38339291277678
137	753.3150467229262,185.407572262982
138	6517.065037738624,-1663.9277581110593
139	929.348203987284,142.06904641694496
140	635.4419811747703,251.46742936255674
141	322.43204654643705,-14.568053220206396
142	755.9836542760722,94.62046109382015
143	1136.6095700971482,134.46058421411163
144	699.8731369092967,-76.65018847409512
145	1207.5266256922725,-7774.898025020543
146	548.5082493563999,264.0746634540851
147	-5588.319145511158,3532.0087951229134
148	710.918300016961,179.48600729515695
149	488.7888475895925,197.7022146000349
150	471.6450946408564,-65.24709594632752
151	702.3741607563733,-335.8476048082297
152	-3108.4570758713553,-5572.105944655868
153	925.8584783239968,-94.35657822033332
154	820.0310450228094,569.0725386031628
155	674.3960647416251,-192.69417638692
156	651.8334398471984,232.25586740082198
157	326.9533817656351,45.46891237466556
158	698.8276704216013,-28.582231515980798
159	408.3392613438447,188.20045323952417
160	-5326.739705392734,-3850.498125833435
161	864.4334689125067,-14.165593722345205
162	468.4269803971299,252.60791831138167
163	957.3621522486209,7220.154598346919
164	656.3068084342189,-12.324294730994117
165	534.678959129977,61.45483857577154
166	716.2293458480195,-230.6510923603003
167	780.3180440100177,141.22105048179057
168	5544.757410873357,-4226.487721766206
169	255.81950835416606,235.66234266281958
170	445.7623910465826,261.7008664337581
171	1018.1998140952777,122.4999846481846
172	-523.7478321717863,-276.5638711796767
173	6516.4774858297915,-1407.3963964155278
174	509.3756851232113,59.17792683722792
175	4209.402002443063,-5295.157361439258
176	790.3251809343724,174.09721470410526
177	633.7474335774784,-200.03595672122842
178	387.9860111183507,25.222807523829083
179	983.5091254740979,-360.86026612524495
180	867.8017690518969,245.20828381567048
181	-7.846194742783156,-587.230750352193
182	-3578.1551459283532,5505.730186969559
183	122.34696060112864,94.25541906214131
184	193.1497931395186,-32.787063514937735
185	800.2661076209291,47.73956941679975
186	604.1816494955281,-287.25022480999974
187	618.2506872648681,113.11374381286683
188	1034.7928846976877,-263.03264923596015
189	538.3025502797299,22.722366551029253
190	1012.9206514921265,13.191651018654953
191	670.8954328662917,97.78415267667248
192	605.6539699699237,242.1862681863881
193	632.8748916712279,57.102916710089254
194	-2882.056097243031,-6080.371850018278
195	-312.6478465688478,6655.196478580163
196	1734.3898703636512,-6501.661917833109
197	576.6959925215059,-115.07306290999114
198	4569.8766620174565,-4805.7595202795965
199	705.0566030431578,119.65788720649506
200	1685.800395682056,225.02434206953814
201	1137.449064618989,-34.208354096976294
202	-523.1259210288862,-158.88564705508935
203	461.74020599402684,157.29182255012722
204	762.806414570627,32.88353102454106
205	-8508.53656883931,-14.303423925264434
206	630.7288662208503,65.9262946323903
207	302.7209401214341,-173.86121459151732
208	677.4889398096067,39.61859393306903
209	733.899160702676,238.18412042987245
210	290.28984102284545,-75.70769964971689
211	455.46788555848184,329.3952786187448
212	-530.4833906155661,-269.43794424354144
213	5476.38137116054,-3634.9520134313907
214	-67.36330728854648,-68.80656619260296
215	-253.82628222831303,90.21114064755719
216	532.0992311339357,77.35740583088449
217	686.2224676784363,-377.8143651865613
218	847.8394323453284,-269.48616179980456
219	453.0788303317448,92.03674379996714
220	-4580.149583661789,4812.650791534469
221	602.7995301714952,-127.8938908941107
222	435.78207743750977,-149.91280994892463
223	920.8166712295679,270.3902607828419
224	122.03918993092338,93.66005037290905
225	5359.308887994885,3483.7504227649974
226	643.0413037267431,120.5053449733731
227	3.930522588395977,6527.161561149421
228	857.098204358662,223.58959885254106
229	-252.0041654796523,87.21983124313407
230	6048.86062075789,3247.126875895106
231	-6102.7280636470205,3063.1930430760426
232	796.0544151264095,65.92161176732536
233	-4943.349041467586,4582.203566366841
234	528.6923154432154,161.98164530198483
235	-2973.7571570212494,-6073.6743726705845
236	668.4998552938775,-325.20720554514577
237	766.537563003756,-123.17284697435223
238	596.2154518811706,-83.1487685611995
239	-6442.310520691336,-2104.16194245832
240	441.4385881273919,101.42815005488109
241	4276.402004104591,-5935.3520371323975
242	709.4395306765769,172.64490487263654
243	749.8328936332917,17.48913117120658
244	543.6164485551783,197.60133200000786
245	622.247549293824,261.651018750163
246	-1404.439867801111,-6394.6742731122185
247	657.1741095352756,207.04570241948764
248	-31.905259476934766,-109.8146681081266
249	350.84081311988984,82.91526398430264
250	-974.1676331926965,-7966.805879967172
251	893.4855862962859,-185.18515256221056
252	294.26696569128967,-31.453304029230996
253	4945.220370656637,-4524.623095312337
254	793.1518912003463,268.37996302870005
255	839.7104094340261,-2.700831967814267
256	826.2805905864427,-55.22376155114421
257	3099.99540199371,5869.089206721834
258	815.0593120402536,153.04806439443718
259	-5418.131801269416,-4006.6716830564164
260	-4854.4178167464825,-4372.847928522022
261	867.6093600248408,-176.14479666419936
262	4191.7823808145,-5208.559839134442
263	942.1602142767448,232.0067789108732
264	6613.179734145273,-1730.834399481897
265	-5911.957682953564,3291.3853035499515
266	-0.9770818646963737,-70.00356159063986
267	939.7326253135831,-9.0828103926202
268	688.6274425568153,-75.31855932638763
269	-5718.571078980248,3448.78133064024
270	-3089.0207022750565,-5986.352244497193
271	1048.0081332778786,-446.20930949193377
272	674.3230671699403,109.30914672422554
273	644.7750613888902,-30.45743453250848
274	820.4258735792657,76.3538312665285
275	-373.3164671383755,36.86455877292486
276	494.1462897355571,124.41569477338412
277	535.4547970894814,296.2711872507269
278	626.7198421129142,287.28671398138545
279	646.3111367937928,-117.39974405539883
280	683.4834662451949,-157.2657200930534
281	723.3116637379429,38.21208253560104
282	673.1199368137345,73.78967329223354
283	122.8538518606476,93.00733859111696
284	-5081.500216275276,4529.634876212721
285	4296.699887882335,5126.655523710385
286	613.1754588265875,-152.20289631926025
287	919.0676548680311,36.714596444924354
288	669.1156621540378,137.90563430799332
289	658.0433356569025,-28.86803953227168
290	641.4054512560741,167.86950149618394
291	710.0504920885194,150.57690121187045
292	492.7459776438926,-61.37835493077904
293	852.4392863314432,-8611.367106366775
294	519.1923736343392,-178.21384668040528
295	9.198705396871503,-55.4572586350791
296	635.1035983339334,-427.0639493240397
297	445.36535200868394,62.19537318670242
298	575.2262681807432,100.59602137341822
299	563.5737479045987,97.65928165612071
300	616.2556599835442,-221.16663680677098
301	5311.331848151208,-3899.018908628751
302	398.2348819762897,44.23189281575488
303	3622.194088363394,-5568.167264492992
304	589.5035288902321,92.34205922400726
305	-403.18496610833756,-6768.136989213197
306	499.56336753978013,66.36606804555747
307	401.86959704637337,70.21381547374557
308	539.4761939644311,5.869571996449455
309	707.4856647705539,197.75414656547395
310	616.6134171407332,130.78406230087444
311	-426.29406606538373,-47.054705425374074
312	686.2569082738494,185.21129289471168
313	139.82037401920735,-59.24777540897171
314	282.3966289050586,40.34809345384286
315	653.7534926510835,-55.44239032226246
316	735.5946719320483,-115.60824010429388
317	686.4836458819783,152.48261321066107
318	-903.1327290739954,6678.822813145671
319	6389.098528905102,1982.1545837347853
320	599.4556194403907,161.10490434963364
321	2090.6377982178556,-6293.26704722091
322	579.8665950651922,-102.90182200551591
323	2685.604178424095,-6098.840959735242
324	-641.9015854883914,-52.72541949993701
325	863.1781276507573,-225.27649342411982
326	186.39912243234195,-3.674967234639765
327	819.1398188988238,75.36566157295927
328	564.9876922839426,228.2157002849609
329	378.1560737298068,-6668.114231326204
330	946.9678570313868,-63.76623110593643
331	100.06587551088379,-65.29285925070221
332	555.5330778791202,267.95561333037637
333	1652.4817833813931,-6482.776229579238
334	654.5596215389136,29.207374271330117
335	1114.7227673038076,6543.832903455881
336	573.8262755972713,225.18100443720982
337	615.5436427095897,97.03905482019735
338	-1356.6001307915237,6536.5384296135635
339	719.4785110069373,189.10410337187244
340	714.3473712266407,139.54394069799403
341	-3379.181543890968,5804.0830822135395
342	-967.785110306812,6496.3292750781675
343	548.3070815497302,-57.13115745894595
344	20.253628817703312,97.45903428334589
345	5224.133579392868,3937.7094747797178
346	870.4061323296462,104.49161575794496
347	6599.900730457126,210.15147027052558
348	124.77756013983186,-79.1345167668591
349	765.087434206872,91.33725191244572
350	794.0706322035427,87.8325408550837
351	-121.75125873820802,164.81272611784507
352	818.6419223383393,41.501606546868835
353	644.4721049383232,169.82102683600797
354	1372.5193550022116,543.6997041914625
355	542.6516790824126,20.738198014800023
356	141.74254206539484,-30.842709284280527
357	662.4371575790843,236.23845304765115
358	-7133.906452571655,809.6865278273422
359	1140.4830487001668,349.1125412587708
360	597.2335927489423,73.9503875099418
361	1681.255540394604,1202.4964456421405
362	788.7292582221679,-17.84519423305074
363	527.5653936480633,165.59033387003413
364	391.8824895205063,-37.20432572918126
365	-142.42081323169867,-6442.582628930912
366	642.5636305502907,178.07635907285868
367	712.894662254334,36.04340006490015
368	-5175.197475073285,-4269.377985209459
369	193.20062705471014,104.521643549939
370	900.5585275764884,-38.73926444317504
371	6442.94354221362,948.8995161742905
372	654.3470356370644,-115.87799325986975
373	1026.254282794312,-195.6409735847423
374	3016.1560092606173,-6007.4989309538505
375	-4256.001705903013,5005.950508571734
376	434.78317328481864,-26.72087207367431
377	523.0697953809538,16.360036331022382
378	710.8055358648004,110.74855146364723
379	500.64417234143775,235.36395310694022
380	340.9420301098642,174.36485388273957
381	268.84464428994687,714.520524490601
382	578.0422550663972,-35.42047061541693
383	739.1045522676922,-30.620958509426178
384	729.0443886512572,-30.380720729837364
385	-6649.035474413142,-1165.2160892191491
386	748.7993304341138,111.51835286822657
387	320.57846264418106,128.0364836863221
388	940.9911375256601,-151.33448999191268
389	22.80678031308537,-84.8317624795956
390	810.8361359904422,3.6659817007121296
391	448.8231938113054,185.0708145160979
392	793.325724184982,232.78465369714166
393	613.6219635712952,-343.40420084968895
394	-4280.728453423991,-4981.867339245063
395	781.5670138572843,-94.45816753957325
396	566.2357353602653,245.4053957352342
397	-2212.332441760981,-6185.908012594578
398	686.9183955055315,80.10757599950573
399	787.5376995721962,-875.3753407117872
400	198.03132390096823,179.36792194558797
401	598.6712514718761,145.5876055364418
402	506.55587711181255,-169.93083817176569
403	622.1392977381315,256.36744721771834
404	771.9268763233221,-466.57019455944413
405	-146.05446017170686,57.64595571367041
406	444.1891025779829,258.6755185430377
407	445.67635207399474,258.18825605787305
408	696.8184590537079,154.630160999302
409	802.1616384063922,32.35979953603909
410	1066.786111901985,-543.0848811584117
411	-55.36460477264271,6898.563350345393
412	3321.058657890349,-5910.612336754959
413	-263.3036421021445,-75.66545511754711
414	399.77852340461527,32.55633584627921
415	726.4268488170964,-90.28913356555438
416	785.5280065441084,-295.4540695712503
417	338.6904423647977,40.49636010588621
418	366.02173205326187,175.43550710461764
419	476.3141128873087,197.07206931729658
420	738.0379381644823,-96.45631577752656
421	398.5597903561073,204.825842201946
422	1705.440764968717,6209.13164230945
423	390.55033589608615,219.48189452522072
424	4975.5564443289,4570.841940525194
425	421.86336443836785,273.4998185054996
426	596.8197095393766,196.54239634440623
427	390.3325892652178,172.9171490266564
428	629.8240518557743,223.30862676176358
429	6500.573867789172,-1593.941019720981
430	466.02238320432696,15.73394530342463
431	740.1169502494307,284.4258357923742
432	195.74703009273878,-6638.960359848828
433	669.7459407978649,265.6985595580962
434	6492.277373313828,-1966.5314162225084
435	707.1004652968592,-172.20139876506505
436	399.5462366649528,70.28778953534427
437	-29.792037017898327,134.40961103294316
438	633.0228588030493,174.12208034567703
439	-73.53796804598339,-55.172067727811566
440	972.9799536286248,-59.02081442386243
441	-249.24645825295065,15.70105292510426
442	833.09095534354,168.36453749899047
443	738.838449499211,-85.12585880289537
444	645.7121010658727,-150.17647942653178
445	854.5227370986918,-47.131092103380716
446	1326.6601684105121,-6601.719437825985
447	322.9071314207869,116.06899330860769
448	647.9435341949636,99.30219666524178
449	1274.1336368210004,245.31796926177023
450	754.4969367148134,-77.21902256459305
451	366.2484813208793,253.52404030130634
452	576.9144620994427,134.81779116417533
453	641.2516582639568,155.90120012127352
454	-2693.508133806713,6101.579925050579
455	2236.3709387459803,6305.10733751978
456	400.67302216486644,-6551.43974310823
457	-5570.289099223056,-3604.987670421391
458	5214.929381391782,4074.4959676347135
459	913.4681289501902,-340.16205942336444
460	727.959694838763,-300.50600425849586
461	1161.3444982520953,576.1096789302434
462	5329.424316632504,4054.9198222011805
463	792.7264796872267,6848.259690571231
464	1096.0042175893689,19.67610925156225
465	478.48462408470033,112.6887783662638
466	915.0758650181373,-246.6577688012719
467	781.840502153349,-198.91146292528742
468	580.9834755373696,-250.30266046630098
469	560.5130799848905,0.6469994166492476
470	283.151117342311,196.12033810720484
471	870.7897823461961,-91.07128749442721
472	-1951.886886400104,-6269.637160183674
473	115.21514682275055,100.00302311921308
474	508.0980253389137,173.63187129964842
475	6410.113826038893,2157.129268204381
476	258.0566808901486,-115.3012477085514
477	-2152.5805787975237,6459.544140402563
478	322.61431170298755,17.167219244692234
479	740.4941923380964,51.76083233170153
480	608.0762592736081,59.88434450058661
481	-312.1223604021453,6559.441064509066
482	396.67381465913496,-101.66315788448907
483	634.0568729078304,83.83627605691098
484	1358.9328468470665,6354.258021150219
485	4750.737503075619,-4661.515429478308
486	787.6177252289692,-874.6209841254166
487	623.8508810443128,160.87788780704759
488	1058.8556188934824,67.26134786926605
489	42.76337831707204,162.8042122278573
490	628.1029461632014,264.49343234299306
491	993.7040149423458,51.309301160946845
492	697.5600008395118,-128.49164832595937
493	531.2371959524917,-66.44009680217012
494	687.6840494989858,-11.819622550175758
495	1033.4553825426378,-50.70803113095641
496	1740.1167319694746,-142.60790700763516
497	504.82410889177635,141.0464397481286
498	-29.91617577901068,-71.89144894903554
499	-424.54490268041917,-21.305056203393626
500	530.1252514030913,-215.25413455387363
501	1246.469480339969,442.8928569233692
502	647.7894647664987,43.75236186109969
503	44.508313511316786,298.05517675762354
504	169.50222894572332,-11.057316730291065
505	515.2403911418346,-40.405647468111155
506	117.9124608228348,47.97743914055899
507	538.6497701496278,113.82949089700628
508	122.64389140279171,92.76428253167202
509	6921.2351196872505,-1500.7496883453832
510	449.34078670530704,182.35685496733598
511	744.2451878820397,158.68274740852362
512	925.3057215459207,0.35999487065132074
513	471.4394373342996,71.04084799837757
514	-28.028982558766476,76.2207135742154
515	1142.0506384155667,592.164497414813
516	765.2625421832377,206.59165720161903
517	-89.49132262031785,-12.034918497203712
518	365.21045114842013,27.891445845316042
519	6571.145565817855,1378.220564164914
520	768.3434819422566,173.00599750653993
521	-1639.0369791935225,6612.297964943313
522	-560.195257108798,-222.46740790016335
523	910.301474723533,88.13723438751578
524	590.1216323748616,359.89743050914143
525	6355.890272770403,-2229.225148357381
526	278.80923503378546,-55.6601639325279
527	-6034.86187150272,2896.2499965754237
528	-974.9360936931073,6548.482242208602
529	149.38629709195524,158.93172177511758
530	-4982.13262820361,4507.806668598938
531	556.3192964354362,250.74958985584232
532	-6751.918087955253,-500.8347560959535
533	607.3405682848785,277.36663237872364
534	623.491605454187,-57.0249208495177
535	903.6297150007537,-200.58438063234988
536	546.3024046521002,74.05098875583326
537	253.0043900776074,13.72796319820336
538	-207.56652304269224,-272.53204139689416
539	549.27869764165,207.18245014647712
540	629.5547622185451,-101.4213306679831
541	601.0269578712666,-185.5037938271275
542	614.627129088103,92.47108647682535
543	471.9694752714733,122.89508508344463
544	2565.006546285261,-6153.566590357097
545	74.39369284547594,-6644.386676589684
546	741.2820438285395,-2.809577367578288
547	256.0635710300522,126.60904798162068
548	389.44996364157174,248.13787110356657
549	1079.6657570008038,199.1713900474339
550	425.6256561709985,-168.45394385120886
551	-3882.5561146567197,-5447.824607978269
552	795.9752481086438,-49.34578190893577
553	700.9571924258689,163.79762027093443
554	426.5196550871815,231.72083282582236
555	986.8261669478601,-104.91831398296453
556	-4367.951788560831,5083.086259778759
557	-2101.5382392628358,-6307.805441435047
558	386.5509405984839,-210.70471670587517
559	649.9160336424666,-212.64712606724044
560	763.3955468504895,-246.02618111577533
561	460.4170020010792,-118.45492455679083
562	950.0434213985282,-272.3885882734181
563	529.0523203888595,150.34088235283266
564	4596.347531050583,-4909.631799127326
565	835.4175440875606,-359.9739350074621
566	487.07719716300795,157.22450201976866
567	622.3207401300668,227.7972997936594
568	6634.452663570678,1492.345631948743
569	884.0906629026302,-131.83854993523684
570	5077.602153070943,-4365.122760457816
571	845.6929190812322,284.8898283531561
572	792.9459942248349,-143.915389642688
573	602.9440197244119,-165.49818022286658
574	593.4781386131697,-9.75519631696993
575	-2480.2646451126902,6206.837460788556
576	1042.3066866374495,-99.65156966725044
577	614.8668334337344,41.81234596571243
578	958.7540372663883,-146.75105712383566
579	318.121082158192,183.84958628843754
580	-5421.012745254778,-3663.2973675662142
581	3514.500282419008,5687.732622852262
582	688.1470345103635,-71.98587554784415
583	515.766236469965,128.7105319147505
584	889.7419711523326,-182.79825805666763
585	3592.3040444191342,-5698.275647436904
586	195.81786763898762,63.595518194490595
587	-3.5677962169143416,174.3988373181068
588	783.839346290646,250.9174415788159
589	769.8984752424251,-81.38800459875495
590	991.9451795745491,-38.605737796607
591	-5650.761725464326,3543.3864093177544
592	-1035.0218221067032,6678.3050839496955
593	-6315.418601960436,-1957.6615698749472
594	324.2300673567613,-403.2862743855179
595	578.6125635006792,207.31643991617761
596	185.71867316504802,86.95028590329085
597	695.5466275094759,-493.6215210220679
598	-6410.343471840742,1107.2757985902215
599	-175.92637455293223,147.62954955980206
600	360.0547920442302,282.7427220311441
601	-123.40378058368367,13.39520962117767
602	481.59768895923276,-279.83328418904216
603	895.8006727483125,5.326639780742866
604	284.0286622674563,298.39856023066363
605	-4592.728819337534,-4869.028055231256
606	-6861.259033346994,1254.771129794004
607	5921.631966103934,3189.51528771562
608	478.0497688041917,-20.934798292133898
609	160.03052809535555,120.61774708604162
610	-522.2506980829381,6617.282620858177
611	826.4620573794969,-84.2117274510603
612	743.8122145052497,92.06028881928134
613	313.04020439269055,-24.217717460645343
614	646.0176195732842,-261.26136445822726
615	473.8187696043766,-399.574205525308
616	809.1290171126872,-62.97204746746587
617	1052.6006090927592,-31.887827912416977
618	229.29919632516263,-116.14413845110431
619	806.0561401181093,-263.135326329812
620	944.2366377457479,34.590764957577754
621	506.73911851408207,235.637839175741
622	829.0241409677669,-129.87932261829428
623	-227.36315613786917,-28.687644310211535
624	628.0855664039655,48.416808844004414
625	595.3218685563074,125.40896632698029
626	-342.15179432919524,-6569.97150845662
627	1146.197086924907,583.6014797393167
628	-6071.342721929564,2689.124534548172
629	-6882.650807150403,-876.7239736345201
630	192.91205599414488,-116.1156560731245
631	-739.2575464614969,-241.67451422286166
632	6273.553140684941,2470.7195477027462
633	1009.919266730982,-197.86640896631465
634	511.1481321486079,-65.82709941241873
635	-1973.2225809108945,-6386.7955879616475
636	683.2160265584816,356.40038317468606
637	1533.4126505615916,6361.791040329234
638	-2307.0177151174325,-6289.586018256587
639	616.8903900823329,82.66844610825292
640	560.4151449623369,47.21849052718794
641	641.3913438102519,-128.70209516148395
642	-60.07595218345859,122.60618775271152
643	940.0840249070691,-203.157211175772
644	894.7093449741258,67.52081503747988
645	384.4709646798046,107.09690402703146
646	417.4565602136941,128.4217210054571
647	1031.7708891739135,254.4731402673635
648	586.1334658022478,-50.37019703726228
649	843.3730560367741,42.28383752674677
650	1122.956872762568,315.3670817202168
651	796.9534564331814,-229.74624271815802
652	564.5303975851505,-32.62996661561045
653	140.452504504049,-44.94620645301867
654	697.861104417348,80.94390916698285
655	-6899.523142725064,-630.9392801854948
656	204.27228671062846,82.00826579502855
657	1197.9122367906077,6655.409462144769
658	460.8685956203418,246.15706550261993
659	895.4185763515392,-146.64202306751105
660	755.1147402148695,305.76732496271785
661	672.8962975873802,-9.63719778862562
662	-1117.1214628204475,6491.738798219945
663	633.0889480885556,6.936868027712915
664	6161.162180664182,213.07346898547766
665	-0.26964714962703873,-593.0478035836688
666	945.4527885905306,273.6961540742906
667	306.5444374958767,155.09961500397426
668	497.61109030487177,-132.47804717384432
669	924.5341069972096,-603.702718384104
670	384.196939283568,219.55933486414045
671	3231.1687457114404,-5966.5100369439915
672	-2283.7816568884955,6449.120035473601
673	421.5623147038259,390.9229961559912
674	831.6198181088623,97.80000241610796
675	432.40058388812326,-316.39368909403254
676	655.7050929954784,-95.91726290155252
677	-6687.528542971299,978.8820817011675
678	-374.57062848432855,-219.69034363700516
679	1639.1320385152262,154.73176442293462
680	695.1673709831539,121.37438010972865
681	165.03900920299313,122.2807518065073
682	385.37407540381656,119.75779799742322
683	-393.36378980197804,-258.1925472792512
684	363.96672767487223,63.67120520792407
685	560.4237004849783,-367.7049691130401
686	725.3193314148903,-66.33510961317747
687	806.8086592850552,121.75680187035351
688	801.546002860758,275.1898174770177
689	138.21778697174526,-41.84544004362896
690	393.84264983170334,14.297204081963303
691	-6548.340259650576,-497.9307131707819
692	949.3960107672408,-33.28563453281687
693	727.1750466853794,-194.63580589348555
694	4722.02783207584,4744.946058815634
695	-264.2820655481422,-99.00289972507322
696	6382.9145877846895,2485.9797364645115
697	4348.513260572159,-5011.028101907425
698	890.3630658237882,173.66087002941254
699	1601.279838820002,-78.44913776262275
700	404.75056968617645,67.85610271758517
701	569.4424435843582,294.29052901397324
702	1239.380025011622,-115.07986071562802
703	1128.657086254507,619.5331827879128
704	456.91041419733085,223.822604411268
705	5976.8872135762485,-3104.266417823373
706	-6041.998299406796,2583.5489899348513
707	1076.6134620078715,-220.16216402349215
708	-109.53864046190145,101.5297387213251
709	-4585.833066518878,-4654.2855589735245
710	432.54303140523115,-94.08490349911311
711	971.4802305655064,-109.82439133261556
712	700.805232124658,371.70802884875377
713	856.3031628275622,267.4987568738283
714	513.2711571971416,-219.10916807972106
715	1155.8660909052,587.0772030146617
716	640.267141156401,259.23512052336605
717	804.5743544619999,171.77201504056205
718	3147.747291380241,-5874.296082232765
719	-199.1209075396072,-59.18071401958011
720	-53.20197106157498,-11.94346832521086
721	1000.6821585091096,332.8399094580529
722	-2495.301860229498,-6221.868108121639
723	-6017.367565027337,-3245.3392629077
724	335.4969745076353,-73.7503578405895
725	1075.0601900661477,-144.12517654282556
726	498.9566325095486,-82.63158187637222
727	-3069.292834912242,-5830.884600573725
728	527.8962276182594,-33.11616757828388
729	442.47001378234154,264.72156693194603
730	241.6388579082095,128.79435852649098
731	652.0060725761922,212.37891625634938
732	-4695.830833370191,4700.330033571814
733	4858.851353643117,4643.495303443055
734	710.7981382921391,96.8680951293423
735	981.8143851427517,299.14117235715565
736	414.3103986346911,247.82795719391993
737	438.2136530866092,355.99928416088386
738	794.1313219962724,219.18386486551188
739	327.7700096278802,-299.4385211585742
740	408.9486247671349,67.05658479870475
741	3464.1454238503757,-5558.3661240979645
742	635.9278046912382,-314.028718855533
743	-25.055242472059433,-168.3939312533962
744	684.9291439594086,204.1748693164806
745	5118.95812802183,-4121.974511586809
746	935.7188690183618,9.506080349798792
747	-6277.940983063618,2415.503571892808
748	-208.6662666923328,364.1108763987797
749	-2738.6169882627364,5911.242198095295
750	6550.177818920523,-1769.9766063287943
751	1816.5394311310642,6562.880742148734
752	6548.005494442107,-986.2739957869077
753	990.944122566556,95.85095913926207
754	832.5664965039335,-257.26071142274026
755	509.0797921888732,-161.55404799965694
756	1044.9018583547097,-43.533729815641394
757	401.07810693853605,491.2646072647357
758	-5912.532191723241,-3159.9026855985885
759	-486.4312622581888,174.38950408418827
760	-360.4742438598875,115.90927827689382
761	-1037.0211398767387,41.55332776615151
762	-699.3394753903954,51.741299597065534
763	-599.7534110370575,-323.03759390407646
764	-324.7184520836435,397.72693699316045
765	-664.2618433062603,122.43373882817026
766	-778.7682830166922,43.79810178266644
767	-622.5169168182147,198.9327197914714
768	-4416.218211105133,4927.409569292774
769	3924.8300833486974,-5550.489973453871
770	-625.6451101288225,258.7987031674787
771	-692.0893187843262,-55.70629312889389
772	-397.8459864947328,-286.57939291421405
773	-604.1756788265693,208.69405476428574
774	-915.6523584851203,-372.65024973819277
775	-717.2241125672778,374.8070814906632
776	-559.216126120116,-228.41085435252438
777	-641.9626721410673,-26.231103091712313
778	-503.94330954588384,-27.191418438499966
779	-729.315080836586,363.6333902312256
780	-623.4194314699242,-434.5001875699324
781	-433.3358273813538,54.71901101297697
782	5624.34181694648,-3877.5097567620223
783	-526.2974124849895,163.0970067107066
784	4109.513810025527,-5402.102908804198
785	-672.0941633795882,147.71424837951656
786	-667.6387825392044,-32.382405095017724
787	-252.79038226743802,176.38033623279665
788	-2470.157684616561,6294.204790756643
789	-334.74476348670396,232.53607748360434
790	-360.6963885512554,173.81779310929812
791	-658.6546954289993,271.8107104145435
792	-515.2021192897596,-210.459125214334
793	-116.00057173263728,608.2000259876273
794	3887.423094554819,-5250.759525709868
795	-599.0892775308511,150.02969243821175
796	-139.97266106924755,-13.846980781243555
797	201.94976120714793,3.054569004944415
798	-722.1603139719967,30.81983555060429
799	-812.3092416314294,85.01311680514104
800	-632.2602675921621,3.1712495118411046
801	-686.4151984057321,-27.647348787626896
802	-622.2710640987616,-122.77354328613846
803	-367.4076541706013,48.939748696853044
804	-557.8504247967214,-102.0254761315554
805	-617.5398219604846,-31.226144684135765
806	-414.31630775319655,0.7072547738602313
807	-245.4671998410919,-3.2716169718733132
808	443.8077920778283,138.65418545307747
809	-830.7954669082138,-249.86895946509955
810	-453.4191756376721,97.75688594947012
811	-483.1381720956573,231.17209408501546
812	-573.8644259011052,108.17477611865554
813	-799.0865435292574,-50.20183766023639
814	-525.9436922175388,17.519191664072885
815	-696.5546444344775,2.835350593614644
816	-844.9025307170244,-0.21081711046667184
817	-132.09725109020414,-202.47163085567624
818	-634.1800260404781,-164.86728876694954
819	-120.77490827559184,590.4191518774608
820	-119.06818789419074,584.9168596696112
821	-673.4626032231512,-149.13247721455014
822	-517.6328548555095,216.73163808695395
823	-438.8609467010876,274.1967051114389
824	-745.507247863813,262.2166784571283
825	-783.7370469459004,318.0053826488669
826	-510.6956556575788,166.12853406616694
827	-705.447209887203,-13.240264646348809
828	-622.3280704763891,172.52035025756942
829	-652.3262595603461,175.9240189807867
830	-540.0977644764914,9.649596174014329
831	-3845.2783962688327,5433.441295338828
832	-467.89512553400573,-44.78504484566834
833	-846.7781573395156,-83.09821647396036
834	-902.7042710666004,188.58221059925555
835	-164.05341044656302,261.9833830044769
836	-497.24564184850857,306.35644372469955
837	-486.0259812056128,-132.37620843715717
838	-753.9707524280288,40.02421640064918
839	-675.7340878566885,-145.87682811142727
840	-538.1612406792055,91.57509955225618
841	-650.812246544388,-86.86693234184452
842	-793.6490797207135,-187.15870495352948
843	-2294.4434485956813,6345.568588262516
844	4208.747973313123,5005.779729783106
845	-408.15567605496983,130.54807636121186
846	-464.4311075464274,95.43714706649804
847	-716.6478035251138,376.1440601808727
848	-754.2254817188513,-2.9989203607672983
849	-216.5240117892269,85.47640387392259
850	-770.5169546516887,19.77357993366973
851	-427.6067193293442,-75.71476216290715
852	2372.5272163161803,6255.672680405952
853	-554.8051280298441,11.674947098282644
854	-718.7707748108594,356.6006860851257
855	-507.2805127296153,-530.1244135700634
856	-358.94845323111997,138.17686906555974
857	-769.0727634594779,-14.314098545111529
858	-587.9615242434462,132.37585051291205
859	-734.0918749105092,-17.925518950830444
860	58.426616684012195,247.679394617439
861	-756.6295140740448,-207.56133603695883
862	-876.7912613406069,-97.96826100343478
863	-584.5492177655989,124.0396437916099
864	-673.613102250502,38.49182174160676
865	-265.2279655681171,-6706.700934169908
866	-4837.160400219403,-4638.794570837575
867	-645.9451876722766,-78.06915517493864
868	-704.8107010464527,-84.67869836954038
869	-407.16885005375565,50.77486042209414
870	-507.33098835281726,-7.789494486915341
871	-726.8091453476723,-285.1105676916349
872	-452.4935840968145,22.811162268849046
873	-640.597851941768,-104.18019999389553
874	-446.9768205592735,75.39068526747869
875	-547.575242618507,-97.65361414399383
876	-6756.817143120358,1632.7338619335203
877	-675.7699937580995,325.7830961656106
878	-647.0421517517061,35.195590942728586
879	-523.7428035921894,-338.0325842329858
880	-616.9544693158875,152.4152726854892
881	-608.9434027022503,-102.60330327866356
882	-541.9306409508768,-72.62391143215633
883	-223.19946234893288,-30.22050504035926
884	-778.8986199098777,-41.577313625643065
885	-387.19949300161437,-245.88529877837044
886	-319.3779208631043,10.203734297842274
887	-784.6967696613854,133.05549102059584
888	-736.2587807709344,-265.70135194884915
889	125.90162017876627,103.48722418748986
890	-134.97432029111843,147.62204147895022
891	-608.3472850699218,352.184558613903
892	-663.4893688685513,26.94589289101913
893	-721.0275322312976,2.421639427765351
894	-679.397641447642,124.7327596161056
895	-57.557582137847845,105.36661432384174
896	-559.2456016071278,116.72983731887234
897	-750.7268502910406,-90.16584821095283
898	-728.0620251785126,-168.5172914543069
899	-705.8978550450614,90.22402903050204
900	-545.8421122264028,-38.804230410748495
901	6687.395424461445,-733.6501920526257
902	-814.8411138650338,-111.1626495038024
903	-618.0093360526611,-84.77805663718169
904	1989.951620769842,-6243.098333036713
905	-378.6182863535256,6297.044921820653
906	-664.9234035007524,-194.19136454042885
907	-810.6778533273592,-135.06610239530852
908	-534.2746993598963,-122.05563123344642
909	-616.1538631247141,122.59431404213268
910	-137.11175704239255,-43.85417866626294
911	122.98601235416403,93.3065147390216
912	-717.7092124428343,-111.27859825882875
913	-486.7838773691522,-97.06117040830756
914	-658.0714224491135,-107.36420960136445
915	-574.8532275995835,-38.09986662761386
916	-2405.0846919645587,-6295.693730274894
917	-480.9008208054394,49.11923710980093
918	-919.5511327741688,25.211204803910377
919	-99.63676853109217,40.51773891286861
920	-394.1060220735455,16.99386772375745
921	-705.2153834200843,-167.98746453949144
922	-2039.1063315081135,-6227.993593380826
923	4156.448699604877,5361.179366434032
924	-493.78521681398024,3.425919987654649
925	-497.41626478516275,-1.6407894286043412
926	-381.53796990294245,180.50988138178482
927	-5534.281374370742,-3827.3587699720065
928	-533.0752671390866,-148.64128453226084
929	-677.9262012069697,54.39563230250616
930	-570.1810799370471,-53.49058125264062
931	-446.98949072637055,-132.78497526708153
932	-721.1803367747302,58.36036402510137
933	-653.1207046392435,2.3360322140757175
934	-471.0615320597496,527.5018874874056
935	0.1492033305063615,-2.2376819396093115
936	-588.5282078644168,86.46577500627834
937	-365.63177809538973,150.86740182669055
938	-991.501966028088,663.7777851087063
939	-535.9691618218882,158.57411617214572
940	-325.1781558253194,-161.8653564842263
941	-507.82421846246655,132.30360240369882
942	-516.6501728895446,151.8395190254388
943	-386.4890666138324,-18.89347802879838
944	-382.7827691437224,-225.0338569792998
945	-563.7101511059107,-34.618387365311186
946	-373.8364346899089,68.68602842873705
947	-6720.330800576509,1494.490440888751
948	-724.0557307939557,-134.535474097112
949	-712.6222067526221,-316.0710192035967
950	-430.6355563631281,-8.213613829626892
951	-731.904619106186,204.31141003199363
952	-824.1898165787516,104.7215491358239
953	-513.0133969660287,-99.38426756617483
954	-669.6137100801983,9.70870176319001
955	-458.76364076958583,-227.48729544322708
956	-2407.9833449370335,-6201.5977491804015
957	-725.7676350685778,-258.33217071746566
958	-579.0422915186966,110.65981823851753
959	-682.3495078622323,-342.5116184958599
960	-456.54171640051834,146.51144747046982
961	-357.041865760973,77.76157455126723
962	-263.8451284608271,80.43012782673583
963	-839.995882091629,-21.797088654315548
964	-869.4165001514095,-180.42436147465824
965	-925.1295202680546,-129.24636762788526
966	-186.78530399419435,115.63385398519178
967	-550.8303688488212,-177.51043569506797
968	3362.2438907020664,-5720.5923589900385
969	-453.8138625089296,-39.08734516937732
970	-606.885660574527,42.44807230421338
971	-196.4872334977135,-40.74219292778725
972	-495.1189909344855,-227.54185678873478
973	-456.1528797470072,-87.14551255615822
974	-374.35259836011517,171.9690216388869
975	-3039.8202472990656,6178.585143703773
976	-323.584613369565,122.93714556129177
977	-477.8804295384563,-175.74489263849836
978	120.08929780139691,95.99456251212358
979	-759.234592622437,137.8369144919411
980	-795.5659400206141,9.988465394275586
981	-455.36046598126103,-25.525929830836752
982	-494.31700363697706,94.45387218603642
983	-365.8902792124798,245.71932584628627
984	6411.347528122435,-2623.741369249921
985	6601.6709055492665,-748.5898277762437
986	-1015.2863613861872,1390.1084793212206
987	-655.4081387899454,150.09468873484636
988	-579.7309164465258,-235.9976705108281
989	-247.70110361334574,149.14644442119135
990	-547.8675941276737,-120.3655583619162
991	-488.02956376747113,28.809878700476027
992	-416.195960762439,166.51268624951786
993	-329.0687612336462,-9.534358208182248
994	-511.9594107595727,-186.46273920915488
995	-233.86836285643852,-24.55899851581597
996	-6140.764324671,2547.081753060197
997	-741.8850345246711,-56.32943513213717
998	-1545.9923957009967,-6312.129810372267
999	-725.4315529265625,-217.63067851422431
1000	-396.4868423860846,-185.89616303750566
1001	-5790.013179481726,3550.144073158334
1002	-415.8093243253655,-13.23288111757347
1003	-500.6254351603855,197.08003563792863
1004	-622.2032639595001,-573.5982147895197
1005	-402.2420682364037,621.3275741817071
1006	-741.6865860605591,-182.7975773445336
1007	-899.8955290700742,-95.88809077897325
1008	-688.9792133176796,-128.77534999330305
1009	-533.5063534808386,261.9140034990111
1010	6203.181621355761,-2318.277706699928
1011	-6209.650416437174,2700.433356412512
1012	-582.7359908919493,14.361671680360322
1013	-482.1978774616445,368.2253935387947
1014	-592.3414568677084,-85.44295201455692
1015	-3555.5230926919076,-5762.565409885519
1016	-1350.225293571665,1135.921070331622
1017	-391.0731268688541,310.8698359598008
1018	-588.5862142476277,83.77859447272692
1019	-348.8740562687175,125.34131177707603
1020	-95.04419274400878,119.65132977110633
1021	-8315.947860078923,118.47757085397419
1022	-737.6100894221869,-642.456780411898
1023	-643.017301371482,-255.62816463206357
1024	-419.6226602722489,294.53398492913414
1025	-637.9158050764099,19.67908228199199
1026	2624.1966861945534,6167.431674466452
1027	-278.0090367941187,-66.79872593124156
1028	-790.4338156130042,-168.14209550189125
1029	-1088.2894583179823,1303.011305211957
1030	-565.6858544297805,141.72678256517273
1031	3048.844910898577,6077.564242521306
1032	6358.761377470366,-2086.1762278248602
1033	-1082.351688195682,40.67703077648074
1034	6703.626939383654,-874.2524630475394
1035	-635.3752237002627,188.17584434746084
1036	-715.5219853499273,28.34746791791876
1037	-516.514637634261,-106.99578165065131
1038	4772.7637053237595,-4736.296009107004
1039	-592.0775793901668,-41.255292739375946
1040	-480.8559014397483,351.4856057448234
1041	-474.4934327911773,-122.68492195335288
1042	-3528.2535753701304,5686.674857469305
1043	-482.618883343775,145.32147286034763
1044	-668.0004953174828,-121.76381615803727
1045	286.429866118117,1345.7497272221658
1046	-516.606065039108,-258.6105284504884
1047	-648.2225271722945,61.42561919537334
1048	-436.3299182079927,-116.8490803669801
1049	8926.513703229384,-237.84543386344404
1050	-281.7620549928368,-15.06510752341029
1051	-477.2655067915677,-278.9880110526032
1052	-862.6710543155522,-44.48473850680112
1053	-616.7624135772014,119.64331336877962
1054	-536.9073426288683,305.9106250276806
1055	4487.907138224113,4991.60139889205
1056	-397.1659688098538,-211.41596568749264
1057	-382.804750376164,-209.94486663793336
1058	1604.2863986350883,-6339.9373734883475
1059	-306.5923019641679,-381.1402162767343
1060	-584.426798503908,241.25066094318004
1061	-575.1615766824126,-102.97523366193347
1062	-121.11172552839601,-155.15788265360294
1063	-643.136254942915,-150.08505976126318
1064	-631.0990241706767,-131.9221909358319
1065	-6555.802128289688,1180.4156844497084
1066	-399.37429405006935,73.86576157569597
1067	-659.6740858749175,-127.62311509768942
1068	-698.4260790777392,155.42473614352343
1069	-165.22670150764256,-73.45507967614573
1070	-720.862101721757,-27.727057060156838
1071	-822.2436216549654,219.0308742492656
1072	3424.4436537206107,-5846.6618896103855
1073	308.1641008842097,315.2374447141644
1074	542.697473981054,-942.8705683918984
1075	-522.3244046818858,44.30123522106637
1076	-537.8571828943922,115.42861361890682
1077	-207.26262933672203,-479.1996898078658
1078	46.40358304673731,-277.21854128639393
1079	-718.2855690219435,-272.4576015394841
1080	-828.6426355482688,-131.40343972403906
1081	-872.6620215645685,-82.6918153385913
1082	-501.73148234892943,173.29941986549753
1083	-946.9548599118007,-320.74654129784534
1084	-86.0968754303653,-154.8854323069334
1085	-186.45280297182865,178.029061625826
1086	-1518.008699493665,-21.124277624265027
1087	-559.9010285389311,210.26400829458206
1088	542.8151799644614,-383.8572310794808
1089	-390.85933990460967,341.4187277676809
1090	-741.2352389683437,-144.78342219891093
1091	-719.6090664673407,-182.3514192391601
1092	-791.2986724197007,-155.59205555126042
1093	7761.546082769835,543.749428384633
1094	-806.9542768973432,-243.68637965024263
1095	-502.8933440718816,-131.6432663746457
1096	-463.0059634389943,-184.14433729015258
1097	826.1015101194836,6965.273670890637
1098	931.505008640592,346.42762206447117
1099	-1049.705380675923,6.149953996538514
1100	-834.4720985606237,-81.12783390023216
1101	-856.222811308101,-582.9952653813097
1102	-740.7607842226586,49.24459768002602
1103	-408.1050151322633,-40.14374587723908
1104	-883.1932214311217,-196.56957445737692
1105	-591.4758598047814,-129.96808223790345
1106	-5406.514184615177,3677.190841963176
1107	-749.5849481744481,-252.87680610485862
1108	-113.99539379211826,39.869510977818926
1109	-2294.3170183637894,6161.5195262967245
1110	4381.7304645455515,5091.025774415536
1111	-393.020816758706,283.78579294642356
1112	-501.0820343001111,262.5278668719987
1113	-675.8719549899729,-275.1382259954115
1114	-542.9099814529592,95.29620174157519
1115	-941.2863634793987,-290.8240553526888
1116	-76.71549698029284,175.05868984077836
1117	-6449.628917732026,-1972.4741373930397
1118	-558.7374220031678,462.0404218040507
1119	-5699.95439265692,4080.293065082909
1120	-582.5216366691081,-157.55719031698834
1121	-557.6823799701098,167.84039095378046
1122	-625.0300984388881,71.54459591895427
1123	-277.7998557903378,-54.050420978912484
1124	-675.7892891018654,93.71281276360483
1125	-766.5958613344573,-187.13058492634545
1126	-406.69016530360796,241.36125590207408
1127	-635.9229686013355,125.81453899026027
1128	-582.5195194743329,280.2976270097899
1129	-815.3769643022885,-161.80690946829978
1130	611.413846509805,252.4680162063904
1131	2569.0316561003588,5923.460387457391
1132	-834.571259737848,65.82713083098982
1133	-472.37968855658175,148.0200907309609
1134	-576.368296617803,-13.034135375783347
1135	-971.8171936596443,169.45939953619413
1136	-2158.225062931342,6186.665586225346
1137	5431.457321298812,4113.26146013034
1138	-315.2876706748204,-102.90074724989498
1139	-279.16196593492197,126.0885457027917
1140	-599.1817901834656,-185.52471497179943
1141	-1117.763988636807,6329.07861231897
1142	6461.176637749703,1836.216355211195
1143	-876.6921714123623,-61.09355444187761
1144	-526.5435774059092,-94.2519380231105
1145	-848.0049055474593,-274.8404730231492
1146	-341.51016883081513,-6502.951683399654
1147	-465.9348712132668,70.17218993565457
1148	-307.3660382275706,136.865231730285
1149	-919.2265405991996,-194.63002365327566
1150	5518.725764631085,-3489.091332199941
1151	-309.29474675027006,73.62524353299352
1152	-550.7688804775789,46.86785815324726
1153	-787.5408200299975,-211.83156370909558
1154	-426.3294649665997,156.0778857755305
1155	-882.9698191125188,-14.114630647224564
1156	-1293.478248439931,1155.8878855419669
1157	-689.8610033784436,-222.24019618656007
1158	-627.0906741849801,-46.24330838785809
1159	-1089.9326819053333,-425.7992722669844
1160	-494.64824629036497,58.4401134782015
1161	-686.1034894409828,221.88062601337668
1162	-686.3599823772513,-45.64210437078883
1163	-848.3082020147924,92.67736342655547
1164	-916.0567178395426,-243.04205635027574
1165	-507.1094900953152,-165.87363682489715
1166	-635.7485556382277,-164.44960192383172
1167	-546.3495630715004,185.54870402591558
1168	-743.454810058201,829.592861260347
1169	-1045.765249479808,19.803010977774356
1170	-236.91603653975636,324.0076750791719
1171	-797.9091518651804,-299.0463516195293
1172	-2087.03247940898,6264.932099507087
1173	-6640.5036824766285,-1472.1991139863526
1174	-833.6273689434547,-386.3553622604917
1175	81.91180115514533,328.57924722849555
1176	-951.5375389321907,145.99258639913208
1177	-1179.7848177385454,1231.944445292619
1178	-152.88810273934476,104.61018752848115
1179	-267.6740620721348,194.7894999766331
1180	-2559.619914398072,-6118.959353884814
1181	-1233.052308463346,1193.2355478696004
1182	-125.71039793442458,556.7408323961316
1183	-809.0345537491579,-186.821009310342
1184	-845.116452589517,150.30830898175668
1185	-396.10637073894753,428.9979099356883
1186	-816.9251478732133,-0.14024188959347628
1187	-679.5533889332004,-214.65449858441664
1188	1109.0280911814573,-316.67513292159896
1189	-1184.898847000823,-305.51595569823854
1190	-605.8349522136799,-251.82126681925388
1191	-872.0645623748485,27.316248797416105
1192	283.71055472536943,1347.751959652583
1193	-527.2050788939898,113.01346904951936
1194	-668.76419164351,-83.33422910364057
1195	-968.9074550872741,-293.3686980269242
1196	-927.7052675415745,-42.341856040640366
1197	-1017.773846254762,204.42938414767312
1198	-852.8382050723098,-255.15991860335586
1199	-412.90288117654393,-167.1808611163467
1200	-667.4831611936032,-231.09123737516518
1201	-752.725598485554,171.9870090352026
1202	-367.6204124988571,-38.202352099473444
1203	-399.28210434786604,139.01141939815446
1204	-757.3923063391013,-112.58158582029228
1205	-857.3640876567699,-179.44507713160465
1206	-741.178422151106,-322.0962793230707
1207	-1165.1308090293235,773.3634742498657
1208	-303.2061756704024,-215.55504987688806
1209	-773.8683882452384,-314.0352391192517
1210	-600.6575939464198,120.13273322425371
1211	-225.01841270654467,343.39616592640397
1212	-784.9674991928154,-247.1157368613959
1213	-589.1059239776037,195.16794653930276
1214	-605.5823418166701,-208.06755972114897
1215	-255.77702412856544,-117.28232624971098
1216	-654.1422944550003,239.4524416568879
1217	-897.3781566793864,-269.41653888345985
1218	-615.4998139169026,14.06173682651262
1219	-670.4910831145685,-175.37425272849285
1220	-863.4623046495766,-139.34013736383588
1221	-753.0636878507936,217.4975409450382
1222	-427.09028916494157,209.27153816347402
1223	-1097.861634628507,-493.87715193860214
1224	567.6654595559679,336.3788432364558
1225	-747.7401644537857,334.193131922877
1226	-810.3647412700201,50.213469644569784
1227	2873.2133871860437,-6088.680150655976
1228	730.3538128241801,392.94348873607964
1229	-4946.488301839061,4446.694121570108
1230	-468.9194089192724,-162.8239357819615
1231	-569.746040294548,244.77256090841593
1232	1361.120498228563,-518.3935197554083
1233	-779.1705175078725,-179.30448262418005
1234	-5913.553935603292,3114.853959203428
1235	-307.7076687180298,226.84930288823122
1236	-489.8731835065436,-484.70025593842047
1237	-455.0655567593829,188.33305558903075
1238	-452.9511272769154,180.20307537600178
1239	-824.7105628525854,167.65780267792732
1240	1423.8842227226776,6400.041077319391
1241	-381.26112893441586,615.2953685776992
1242	2854.5307823710127,6045.38641285931
1243	-830.8040055090149,33.47079993734776
1244	-408.71324184108215,115.12108249453183
1245	-790.4710029757773,255.0007117653591
1246	-583.019926023036,1139.8074433826698
1247	-6188.407813341982,-2211.3205224398766
1248	-624.1093648985728,42.92454113479158
1249	-429.72333288225724,29.25632118784545
1250	-722.5707144310821,-42.81874645579207
1251	-536.856894948014,-165.89619434265893
1252	-418.27347910322925,75.93649808929582
1253	-591.073260117053,-286.4537099129008
1254	-385.43827964050644,-51.993717798111994
1255	-532.1504442561122,-230.3111493033601
1256	-761.4703870273773,-126.52433046923329
1257	-422.71500208246374,-312.32270752211093
1258	-711.2852136162827,309.780735680716
1259	-702.4328506026918,288.47829549533645
1260	-292.58710061134076,-273.5193386195816
1261	-370.4854817755749,-195.24877629164814
1262	-494.32253140588296,-100.67574422421222
1263	-1051.0760949070457,150.73959959563385
1264	-555.4335451573887,1793.9948317073936
1265	-424.2605759066477,-179.3754799133453
1266	-545.3553041145533,-101.72695252146282
1267	-818.2501001616693,139.44337269507184
1268	-730.1989522595612,245.70590762212095
1269	-375.52746195508485,222.6613047492497
1270	-589.5161869842208,-104.24798053283742
1271	-167.03160147827717,-6657.242314264469
1272	-812.6630681436238,-260.8807492096779
1273	-763.3268630593611,77.71686650758396
1274	-764.8905321999013,-29.004261635105756
1275	-372.1732316580301,124.61250064905124
1276	-344.4960938791101,178.33934540005342
1277	-428.3799500922411,-92.4934368124879
1278	-734.9029817250869,744.7255692660199
1279	-609.502578183096,292.75948451469276
1280	-1060.757973120961,-941.1065295909183
1281	-534.8624081212864,-193.20208202962345
1282	3678.1904854051413,-5589.422882997087
1283	4846.815465431597,4585.993588316206
1284	-3295.6888212897493,-5818.60064651942
1285	-465.8398676530021,198.32486847204146
1286	-849.5812349261337,-28.253937983344052
1287	-891.2769052141747,-136.45895723262595
1288	-96.82884277851723,970.1231567387126
1289	-937.176044675497,83.92916039738893
1290	-710.2900925994865,213.3656540555764
1291	4755.305215072124,4800.895014246107
1292	-604.3266025896155,25.363757266699576
1293	3152.5520023988256,-6012.272590981935
1294	-592.0596360825148,-265.1935519550552
1295	-670.1664109359743,-305.6440652742494
1296	-1631.6264481554215,-417.7655521312404
1297	-639.6728515288319,28.74084219079215
1298	3788.1354542683735,-5489.217239261106
1299	-543.5454762954441,449.70231983963777
1300	-747.8852883025859,-7.245552191616845
1301	172.81409796386532,1022.5996241002863
1302	-699.7602153465386,245.19027510357822
1303	-941.3966542013592,1418.7825177038212
1304	-703.1738245363804,-297.66759752503054
1305	-580.5262544430163,-62.80491183064923
1306	-371.7275707740006,-78.85695436891523
1307	-885.3028613127414,-252.2219295667981
1308	-678.6860412825018,-251.3861234314299
1309	-808.6315858212771,-177.04622569941313
1310	5927.377082589857,2784.615722077595
1311	-2874.4462109423866,6016.201627422954
1312	-575.8137727175254,-136.09089554853247
1313	-11.806280773861538,426.1704340177509
1314	-950.7280387256418,359.0217737675182
1315	-1186.6863634560184,58.50290252397333
1316	-481.80808254982855,238.08553506229907
1317	-613.9221392194083,-177.97262646589687
1318	-89.2336476069213,673.7439298768257
1319	-795.4287805189831,82.98172336785383
1320	-642.6917112988629,-75.00276024782616
1321	-1026.5474629391986,143.71329190697605
1322	-541.167500434888,-234.96292129467906
1323	-6581.713260722966,1317.8998162997884
1324	-273.92980130313254,-161.22618833293595
1325	-338.0961818856133,-31.223692635964085
1326	6760.077248483487,198.70760328508766
1327	-785.2861197035546,-264.4341415546995
1328	-343.618444817667,99.6181485460238
1329	-485.9984116004421,2.6149932185843037
1330	-527.5542418051982,353.37827941342454
1331	-573.4792514742148,483.7716670779024
1332	-515.074361635673,242.60831585272862
1333	-642.1013912738601,-235.87782042813186
1334	-500.61909994585415,30.459544881262275
1335	-1241.2629088321612,1177.447546351005
1336	-467.0557466028187,-103.21481952821114
1337	-665.4392920118484,-319.8234430769599
1338	-799.041758716425,217.49271248981157
1339	-357.2174751711108,-168.36014097917834
1340	-213.85754719871224,507.9586080782002
1341	-173.18268230600273,-342.9681923777484
1342	-754.4581081179203,1549.6556122090246
1343	-944.269602998002,-217.09112263080613
1344	-578.694777663695,172.55676334492028
1345	-814.1135281436208,-344.5377656474254
1346	-6459.395503127175,2260.4723074772232
1347	-781.5189125187485,-101.16515841007084
1348	-356.956280713711,-303.6553595394574
1349	-910.6856380818122,505.0368152087289
1350	-904.1664786596863,-46.29380331515803
1351	-713.8209745733072,151.1180021385802
1352	-917.6037686264722,1382.5603478848152
1353	76.67444347288404,-138.8777661931307
1354	-486.4511509482728,-64.36671567357871
1355	-767.480066685016,-58.29269301097759
1356	-778.3805740036083,-232.98649045573083
1357	-571.4269838985775,6254.028962431955
1358	-775.5552792590469,-87.2544268520183
1359	-355.2724333474131,-124.52748242734282
1360	-196.5642181181466,436.6450258370695
1361	-406.3623319341932,212.31208933418517
1362	3686.7140302554144,5553.816638982213
1363	-839.2931505069783,-187.30968900838062
1364	-643.6519537982722,433.71738418831
1365	-742.3203071346038,-219.2311180450301
1366	-1121.8821239785752,-208.61095992492213
1367	-733.2324228280992,726.6195689564343
1368	-710.2859874875695,-267.3244337939549
1369	-5586.845906132482,-3916.774322675736
1370	-986.6272712383702,-56.8245858180808
1371	-636.2842252194481,-306.0710530030335
1372	-662.5943449867171,189.6657264932955
1373	-991.2326161363708,-30.943646538733418
1374	-564.8190924845424,-208.99326707376235
1375	-1909.282783121918,6313.01142166281
1376	-1238.551595424712,1205.648814290531
1377	-457.42079999503255,397.93009546895803
1378	-596.7883142865644,417.1971760018845
1379	682.3678472904438,196.64211667535798
1380	-78.58439595062073,60.27902135919432
1381	-541.9787261107523,368.4431189987743
1382	-954.9898992875675,-191.08920105299072
1383	-729.3711499477214,-86.95524776345329
1384	-1160.749333750599,448.96283326231
1385	5040.738835279853,4780.28466322804
1386	-744.1653680728588,-394.8989972397241
1387	-548.0017148698018,679.068214041549
1388	-655.8863330733691,-167.8686147325811
1389	-782.6515687791759,158.55876614830385
1390	-1164.491570247064,-369.4243229014154
1391	-561.0731976007244,-198.7239724422805
1392	-310.7312491778781,-92.81426600331424
1393	-289.7781556504167,-112.00310865811646
1394	-575.0945564744653,60.54862249139183
1395	-970.5898616345269,242.4008056959716
1396	-585.4281804899648,-1007.9016742796932
1397	-445.0709993985168,-180.50144708175407
1398	-643.5939575057804,-273.1942239208797
1399	5631.24534358622,3725.2810041817816
1400	-202.35639026557357,-83.8043224656887
1401	-857.8058730038931,-95.38592274657434
1402	-387.80842718313346,-171.61046659376325
1403	-786.5826209632658,-348.3372007232687
1404	-545.0220071269305,-1060.8938651180765
1405	-563.0991718994319,-299.87429186269577
1406	-475.53895039933883,283.31191612672484
1407	-769.0669535730544,-149.3955905892995
1408	-763.742268219069,95.95897835574189
1409	-557.829145290287,80.1514719658942
1410	-841.467183743296,-161.94495241418525
1411	-766.1377388387431,177.3284391164122
1412	-617.2999008306009,-153.09274556698549
1413	-915.3184876066896,-162.7772089643394
1414	-862.7687969029315,-418.77649688971394
1415	-312.91400964157395,-481.47762002535023
1416	-167.48446918774735,-199.8081934743306
1417	-760.727583428103,-84.19880530816705
1418	-489.1003831569318,66.23749133227963
1419	-999.9285296182302,-52.79169094141165
1420	-841.5968538124729,-211.19168669671265
1421	-602.2376574565702,-157.5450748678676
1422	-700.7545762524378,-100.17718184318468
1423	5022.340974300028,4499.636706813748
1424	-1007.0931596566764,25.204482535210378
1425	-682.6850935781358,-225.7896718148055
1426	-406.6732142587629,-431.1101886584795
1427	-1430.5100554138703,-667.1009222370969
1428	-734.3444729900533,102.30913629768071
1429	-365.4268907908953,-101.82332130763001
1430	-600.7229226492519,57.40173615771735
1431	-472.55544334369637,-61.95986817539662
1432	-1005.4098323763232,226.96292375863638
1433	-567.7329662914885,774.6442962853408
1434	-354.6120645509573,-0.998987925533552
1435	-861.8957153809223,-194.00038537164605
1436	-316.0979013916067,-76.24632073078756
1437	-602.6978342718346,-4.993097746249058
1438	62.8764339888206,-170.79007564491604
1439	-77.9399720050861,402.3934466410643
1440	-710.0584173603064,-249.09408884637438
1441	-931.8448766780984,50.11583786868753
1442	3115.2079910341718,-5788.102217392207
1443	-916.9653824185652,68.54250486267232
1444	-749.75660422266,-305.9503456510872
1445	-238.95416869666028,-133.33159280174002
1446	-571.2947082297864,-403.2807869041062
1447	-1222.7251237178311,-265.19529565942315
1448	-869.399364645805,311.20864336088806
1449	-956.3097054863998,67.40435048943041
1450	-511.1953427524168,0.27269534400869877
1451	7619.261852041307,701.8436911859899
1452	142.75479664814372,7973.498480833738
1453	-948.8883912845051,-454.666334613879
1454	-691.9397592150236,191.53294494004564
1455	-1067.0398992433904,60.42788782591956
1456	-658.6774929047058,209.69428213053325
1457	-760.3523184663111,470.98756630378796
1458	-649.495102240553,98.82989646780986
1459	-773.8492568951067,-242.2031962626085
1460	-479.9947426324482,105.16461360874177
1461	-2814.125299199943,-6019.443446781559
1462	-163.26370637046386,-10.156118651784631
1463	-1783.8837716494936,-6324.175584686899
1464	-1661.6888197442952,-6599.413288423356
1465	5426.922684163116,-3740.8867135224255
1466	-1257.43936975476,1173.949533317499
1467	-967.8606382732057,-29.51689286644434
1468	-1209.831977719238,310.9308742666125
1469	-1007.5287144545551,-667.4374210964882
1470	-911.2943614862722,368.6039692751144
1471	-1029.3088772702506,-186.8299203684407
1472	36.22666691835742,65.37987327284158
1473	-1276.3275322658053,1178.687863973705
1474	-929.2816280481127,-64.67899283948299
1475	-420.6263928651873,-223.77980397431946
1476	379.49134629405074,-67.33327825286877
1477	-184.71989584297322,50.248418970592006
1478	-504.9976288647647,-66.62584477982008
1479	-1202.3702331772581,-6786.013166859312
1480	-593.1831049604365,801.9362652910318
1481	-624.369330829414,248.11822322589182
1482	5027.278304299126,4386.741722937773
1483	-186.1944632399649,-579.5111482639195
1484	-1143.3595538462048,-195.54108646022416
1485	-924.2469601057221,-263.148540247932
1486	-717.8691090331104,-180.0377858494623
1487	-856.993685485973,-304.2352063132206
1488	-846.2512165585598,-300.10225170147834
1489	-1046.0877271675176,70.59763815642086
