0.025253
0.077788
0.023232
0.020499
0.007724
0.022430
0.052288
0.078134
0.078134
0.004753
0.002971
0.022821
0.007423
0.025214
0.003366
0.074240
0.009176
0.030804
0.052288
0.002971
0.004753
0.058824
0.046524
0.012299
0.042372
0.012406
0.007631
0.014922
0.029412
0.029412
0.040124
0.018700
0.045937
0.014634
0.040124
0.018700
0.019776
0.004219
0.041192
0.010537
0.018657
0.022782
0.006655
0.004533
0.032281
0.009804
0.127260
0.040107
0.042058
0.014854
0.068987
0.030442
0.024084
0.024084
0.024084
0.024084
0.024084
0.022341
0.023329
0.017053
0.041434
0.040437
0.029615
0.067824
0.034740
0.034740
0.034740
0.059382
0.034740
0.034740
0.032670
0.054291
0.030477
0.024565
0.029808
0.026814
0.053394
0.008225
